 0             0
 0             0
 0             0
 0             0
 0             0
 0             0
 0             0
 0             0
 0             0
 0             0
 0             0
 0             0
 0             0
 0             0
 0             0
 3.222e-002    0
 3.222e-002    0
 6.444e-002    0
 6.444e-002    0
 9.666e-002    0
 0.12888       0
 0.12888       0
 0.1611        0
 0.19332       0
 0.22554       0
 0.22554       0
 0.25776       0
 0.28998       0
 0.3222        0
 0.3222        0
 0.35442       0
 0.38664       0
 0.41886       0
 0.41886       0
 0.45108       0
 0.4833        0
 0.51552       0
 0.54774       0
 0.54774       0
 0.57996       0
 0.61218       0
 0.6444        0
 0.67662       0
 0.67662       0
 0.70884       0
 0.74106       0
 0.77328       0
 0.8055        0
 0.8055        0
 0.83772       0
 0.86994       0
 0.90216       0
 0.93438       0
 0.93438       0
 0.9666        0
 0.99882       0
 1.03104       0
 1.06326       0
 1.06326       0
 1.09548       0
 1.1277        0
 1.15992       0
 1.19214       0
 1.19214       0
 1.22436       0
 1.25658       0
 1.2888        0
 1.32102       0
 1.35324       0
 1.35324       0
 1.38546       0
 1.41768       0
 1.4499        0
 1.48212       0
 1.48212       0
 1.51434       0
 1.54656       0
 1.57878       0
 1.611         0
 1.64322       0
 1.64322       0
 1.67544       0
 1.70766       0
 1.73988       0
 1.7721        0
 1.7721        0
 1.80432       0
 1.83654       0
 1.86876       0
 1.90098       0
 1.9332        0
 1.9332        0
 1.96542       0
 1.99764       0
 2.02986       0
 2.06208       0
 2.06208       0
 2.0943        0
 2.12652       0
 2.15874       0
 2.19096       0
 2.22318       0
 2.22318       0
 2.2554        0
 2.28762       0
 2.31984       0
 2.35206       0
 2.35206       0
 2.38428       0
 2.4165        0
 2.44872       0
 2.48094       0
 2.51316       0
 2.51316       0
 2.54538       0
 2.5776        0
 2.60982       0
 2.64204       0
 2.64204       0
 2.67426       0
 2.70648       0
 2.7387        0
 2.77092       0
 2.80314       0
 2.80314       0
 2.83536       0
 2.86758       0
 2.8998        0
 2.93202       0
 2.93202       0
 2.96424       0
 2.99646       0
 3.02868       0
 3.0609        0
 3.0609        0
 3.09312       0
 3.12534       0
 3.15756       0
 3.18978       0
 3.222         0
 3.25422       0
 3.28644       0
 3.31866       0
 3.35088       0
 3.35088       0
 3.3831        0
 3.41532       0
 3.44754       0
 3.47976       0
 3.51198       0
 3.51198       0
 3.5442        0
 3.57642       0
 3.60864       0
 3.64086       0
 3.64086       0
 3.67308       0
 3.7053        0
 3.73752       0
 3.76974       0
 3.76974       0
 3.80196       0
 3.83418       0
 3.8664        0
 3.89862       0
 3.89862       0
 3.93084       0
 3.96306       0
 3.99528       0
 4.0275        0
 4.05972       0
 4.05972       0
 4.09194       0
 4.12416       0
 4.15638       0
 4.1886        0
 4.1886        0
 4.22082       0
 4.25304       0
 4.28526       0
 4.31748       0
 4.31748       0
 4.3497        0
 4.38192       0
 4.41414       0
 4.44636       0
 4.44636       0
 4.47858       0
 4.5108        0
 4.54302       0
 4.57524       0
 4.57524       0
 4.60746       0
 4.63968       0
 4.6719        0
 4.70412       0
 4.70412       0
 4.73634       0
 4.76856       0
 4.80078       0
 4.833         0
 4.86522       0
 4.86522       0
 4.89744       0
 4.92966       0
 4.96188       0
 4.9941        0
 4.9941        0
 5.02632       0
 5.05854       0
 5.09076       0
 5.12298       0
 5.12298       0
 5.1552        0
 5.18742       0
 5.21964       0
 5.25186       0
 5.25186       0
 5.28408       0
 5.3163        0
 5.34852       0
 5.38074       0
 5.38074       0
 5.41296       0
 5.44518       0
 5.4774        0
 5.50962       0
 5.50962       0
 5.54184       0
 5.57406       0
 5.60628       0
 5.6385        0
 5.6385        0
 5.67072       0
 5.70294       0
 5.73516       0
 5.76738       0
 5.76738       0
 5.7996        0
 5.83182       0
 5.86404       0
 5.89626       0
 5.89626       0
 5.92848       0
 5.9607        0
 5.99292       0
 6.02514       0
 6.02514       0
 6.05736       0
 6.08958       0
 6.1218        0
 6.15402       0
 6.15402       0
 6.18624       0
 6.21846       0
 6.25068       0
 6.2829        0
 6.2829        0
 6.31512       0
 6.34734       0
 6.37956       0
 6.41178       0
 6.41178       0
 6.444         0
 6.50844       0
 6.54066       0
 6.54066       0
 6.57288       0
 6.6051        0
 6.63732       0
 6.66954       0
 6.66954       0
 6.70176       0
 6.73398       0
 6.7662        0
 6.79842       0
 6.79842       0
 6.83064       0
 6.86286       0
 6.89508       0
 6.9273        0
 6.9273        0
 6.95952       0
 6.99174       0
 7.02396       0
 7.05618       0
 7.05618       0
 7.0884        0
 7.12062       0
 7.15284       0
 7.18506       0
 7.18506       0
 7.21728       0
 7.2495        0
 7.28172       0
 7.28172       0
 7.31394       0
 7.34616       0
 7.37838       0
 7.4106        0
 7.4106        0
 7.44282       0
 7.47504       0
 7.50726       0
 7.53948       0
 7.53948       0
 7.5717        0
 7.60392       0
 7.63614       0
 7.66836       0
 7.66836       0
 7.70058       0
 7.7328        0
 7.76502       0
 7.76502       0
 7.79724       0
 7.82946       0
 7.86168       0
 7.8939        0
 7.8939        0
 7.92612       0
 7.95834       0
 7.99056       0
 8.02278       0
 8.02278       0
 8.055         0
 8.08722       0
 8.11944       0
 8.15166       0
 8.15166       0
 8.18388       0
 8.2161        0
 8.24832       0
 8.24832       0
 8.28054       0
 8.31276       0
 8.34498       0
 8.3772        0
 8.3772        0
 8.40942       0
 8.44164       0
 8.47386       0
 8.47386       0
 8.50608       0
 8.5383        0
 8.57052       0
 8.60274       0
 8.60274       0
 8.63496       0
 8.66718       0
 8.6994        0
 8.73162       0
 8.73162       0
 8.76384       0
 8.79606       0
 8.82828       0
 8.82828       0
 8.8605        0
 8.89272       0
 8.92494       0
 8.95716       0
 8.95716       0
 8.98938       0
 9.0216        0
 9.05382       0
 9.08604       0
 9.08604       0
 9.11826       0
 9.15048       0
 9.1827        0
 9.1827        0
 9.21492       0
 9.24714       0
 9.27936       0
 9.31158       0
 9.31158       0
 9.3438        0
 9.37602       0
 9.40824       0
 9.40824       0
 9.44046       0
 9.47268       0
 9.5049        0
 9.53712       0
 9.53712       0
 9.56934       0
 9.60156       0
 9.63378       0
 9.63378       0
 9.666         0
 9.69822       0
 9.76266       0
 9.76266       0
 9.79488       0
 9.8271        0
 9.85932       0
 9.89154       0
 9.89154       0
 9.92376       0
 9.95598       0
 9.9882        0
 9.9882        0
 10.02042      0
 10.05264      0
 10.08486      0
 10.11708      0
 10.11708      0
 10.1493       0
 10.18152      0
 10.21374      0
 10.21374      0
 10.24596      0
 10.27818      0
 10.3104       0
 10.34262      0
 10.34262      0
 10.37484      0
 10.40706      0
 10.43928      0
 10.43928      0
 10.4715       0
 10.50372      0
 10.53594      0
 10.53594      0
 10.56816      0
 10.60038      0
 10.6326       0
 10.66482      0
 10.66482      0
 10.69704      0
 10.72926      0
 10.76148      0
 10.76148      0
 10.7937       0
 10.82592      0
 10.85814      0
 10.89036      0
 10.89036      0
 10.92258      0
 10.9548       0
 10.98702      0
 10.98702      0
 11.01924      0
 11.05146      0
 11.08368      0
 11.08368      0
 11.1159       0
 11.14812      0
 11.18034      0
 11.21256      0
 11.21256      0
 11.24478      0
 11.277        0
 11.30922      0
 11.30922      0
 11.34144      0
 11.37366      0
 11.40588      0
 11.40588      0
 11.4381       0
 11.47032      0
 11.50254      0
 11.53476      0
 11.53476      0
 11.56698      0
 11.5992       0
 11.63142      0
 11.63142      0
 11.66364      0
 11.69586      0
 11.72808      0
 11.72808      0
 11.7603       0
 11.79252      0
 11.82474      0
 11.82474      0
 11.85696      0
 11.88918      0
 11.9214       0
 11.95362      0
 11.95362      0
 11.98584      0
 12.01806      0
 12.05028      0
 12.05028      0
 12.0825       0
 12.11472      0
 12.14694      0
 12.14694      0
 12.17916      0
 12.21138      0
 12.2436       0
 12.2436       0
 12.27582      0
 12.30804      0
 12.34026      0
 12.37248      0
 12.37248      0
 12.4047       0
 12.43692      0
 12.46914      0
 12.46914      0
 12.50136      0
 12.53358      0
 12.5658       0
 12.5658       0
 12.59802      0
 12.63024      0
 12.66246      0
 12.66246      0
 12.69468      0
 12.7269       0
 12.75912      0
 12.75912      0
 12.79134      0
 12.82356      0
 12.85578      0
 12.888        0
 12.888        0
 12.92022      0
 12.95244      0
 12.98466      0
 13.01688      0
 13.0491       0
 13.08132      0
 13.08132      0
 13.11354      0
 13.14576      0
 13.17798      0
 13.2102       0
 13.2102       0
 13.24242      0
 13.27464      0
 13.30686      0
 13.30686      0
 13.33908      0
 13.3713       0
 13.40352      0
 13.40352      0
 13.43574      0
 13.46796      0
 13.50018      0
 13.50018      0
 13.5324       0
 13.56462      0
 13.59684      0
 13.59684      0
 13.62906      0
 13.66128      0
 13.6935       0
 13.6935       0
 13.72572      0
 13.75794      0
 13.79016      0
 13.79016      0
 13.82238      0
 13.8546       0
 13.88682      0
 13.88682      0
 13.91904      0
 13.95126      0
 13.98348      0
 13.98348      0
 14.0157       0
 14.04792      0
 14.08014      0
 14.11236      0
 14.11236      0
 14.14458      0
 14.1768       0
 14.20902      0
 14.20902      0
 14.24124      0
 14.27346      0
 14.30568      0
 14.30568      0
 14.3379       0
 14.37012      0
 14.40234      0
 14.40234      0
 14.43456      0
 14.46678      0
 14.499        0
 14.499        0
 14.53122      0
 14.56344      0
 14.56344      0
 14.59566      0
 14.62788      0
 14.6601       0
 14.6601       0
 14.69232      0
 14.72454      0
 14.75676      0
 14.75676      0
 14.78898      0
 14.8212       0
 14.85342      0
 14.85342      0
 14.88564      0
 14.91786      0
 14.95008      0
 14.95008      0
 14.9823       0
 15.01452      0
 15.04674      0
 15.04674      0
 15.07896      0
 15.11118      0
 15.1434       0
 15.1434       0
 15.17562      0
 15.20784      0
 15.24006      0
 15.24006      0
 15.27228      0
 15.3045       0
 15.33672      0
 15.33672      0
 15.36894      0
 15.40116      0
 15.43338      0
 15.43338      0
 15.4656       0
 15.49782      0
 15.53004      0
 15.53004      0
 15.56226      0
 15.59448      0
 15.6267       0
 15.6267       0
 15.65892      0
 15.69114      0
 15.72336      0
 15.72336      0
 15.75558      0
 15.7878       0
 15.82002      0
 15.82002      0
 15.85224      0
 15.88446      0
 15.88446      0
 15.91668      0
 15.9489       0
 15.98112      0
 15.98112      0
 16.01334      0
 16.04556      0
 16.07778      0
 16.07778      0
 16.11         0
 16.14222      0
 16.17444      0
 16.17444      0
 16.20666      0
 16.2711       0
 16.2711       0
 16.30332      0
 16.33554      0
 16.36776      0
 16.36776      0
 16.39998      0
 16.4322       0
 16.46442      0
 16.46442      0
 16.49664      0
 16.52886      0
 16.56108      0
 16.56108      0
 16.5933       0
 16.62552      0
 16.62552      0
 16.65774      0
 16.68996      0
 16.72218      0
 16.72218      0
 16.7544       0
 16.78662      0
 16.81884      0
 16.81884      0
 16.85106      0
 16.88328      0
 16.9155       0
 16.9155       0
 16.94772      0
 16.97994      0
 17.01216      0
 17.01216      0
 17.04438      0
 17.0766       0
 17.0766       0
 17.10882      0
 17.14104      2
 17.17326      4
 17.17326      6
 17.20548      8
 17.2377       10
 17.26992      12
 17.26992      13
 17.30214      14
 17.33436      16
 17.33436      17
 17.36658      18
 17.3988       19
 17.43102      20
 17.43102      20
 17.46324      21
 17.49546      22
 17.52768      23
 17.52768      23
 17.5599       24
 17.59212      25
 17.62434      25
 17.62434      26
 17.65656      26
 17.68878      27
 17.68878      27
 17.721        28
 17.75322      28
 17.78544      28
 17.78544      29
 17.81766      29
 17.84988      30
 17.8821       30
 17.8821       30
 17.91432      31
 17.94654      31
 17.94654      31
 17.97876      32
 18.01098      32
 18.0432       33
 18.0432       33
 18.07542      33
 18.10764      34
 18.13986      34
 18.13986      35
 18.17208      35
 18.2043       35
 18.2043       36
 18.23652      36
 18.26874      37
 18.30096      37
 18.30096      37
 18.33318      38
 18.3654       38
 18.39762      39
 18.39762      39
 18.42984      39
 18.46206      40
 18.46206      40
 18.49428      41
 18.5265       41
 18.55872      41
 18.55872      42
 18.59094      42
 18.62316      43
 18.62316      43
 18.65538      43
 18.6876       44
 18.71982      44
 18.71982      45
 18.75204      45
 18.78426      45
 18.81648      46
 18.81648      46
 18.8487       47
 18.88092      47
 18.88092      47
 18.91314      48
 18.94536      48
 18.97758      49
 18.97758      49
 19.0098       49
 19.04202      50
 19.07424      50
 19.07424      51
 19.10646      51
 19.13868      52
 19.13868      52
 19.1709       53
 19.20312      53
 19.23534      54
 19.23534      55
 19.26756      55
 19.29978      56
 19.332        57
 19.332        57
 19.36422      58
 19.39644      59
 19.39644      59
 19.42866      60
 19.46088      61
 19.4931       61
 19.52532      62
 19.55754      63
 19.55754      63
 19.58976      64
 19.62198      64
 19.6542       65
 19.6542       65
 19.68642      66
 19.71864      66
 19.75086      66
 19.75086      67
 19.78308      67
 19.8153       68
 19.8153       69
 19.84752      69
 19.87974      70
 19.91196      70
 19.91196      71
 19.94418      72
 19.9764       72
 19.9764       73
 20.00862      74
 20.04084      75
 20.07306      75
 20.07306      76
 20.10528      77
 20.1375       78
 20.1375       79
 20.16972      80
 20.20194      80
 20.23416      81
 20.23416      82
 20.26638      83
 20.2986       84
 20.2986       84
 20.33082      85
 20.36304      86
 20.39526      87
 20.39526      88
 20.42748      88
 20.4597       89
 20.4597       90
 20.49192      91
 20.52414      92
 20.55636      93
 20.55636      94
 20.58858      94
 20.6208       95
 20.6208       96
 20.65302      97
 20.68524      98
 20.71746      99
 20.71746      100
 20.74968      101
 20.7819       102
 20.7819       103
 20.81412      104
 20.84634      105
 20.84634      105
 20.87856      106
 20.91078      107
 20.943        108
 20.943        109
 20.97522      110
 21.00744      110
 21.00744      111
 21.03966      112
 21.07188      113
 21.07188      114
 21.1041       114
 21.13632      115
 21.16854      116
 21.16854      117
 21.20076      117
 21.23298      118
 21.23298      119
 21.2652       120
 21.29742      120
 21.32964      121
 21.32964      122
 21.36186      123
 21.39408      123
 21.39408      124
 21.4263       125
 21.45852      126
 21.49074      126
 21.49074      127
 21.52296      128
 21.55518      129
 21.55518      129
 21.5874       130
 21.61962      131
 21.61962      131
 21.65184      132
 21.68406      133
 21.71628      134
 21.71628      134
 21.7485       135
 21.78072      136
 21.78072      136
 21.81294      137
 21.84516      138
 21.84516      139
 21.87738      139
 21.9096       140
 21.94182      141
 21.94182      141
 21.97404      142
 22.00626      143
 22.00626      144
 22.03848      144
 22.0707       145
 22.0707       146
 22.10292      147
 22.13514      147
 22.13514      148
 22.16736      149
 22.19958      150
 22.2318       150
 22.2318       151
 22.26402      152
 22.29624      153
 22.29624      153
 22.32846      154
 22.36068      155
 22.36068      155
 22.3929       156
 22.42512      157
 22.45734      158
 22.45734      158
 22.48956      159
 22.52178      160
 22.52178      161
 22.554        161
 22.58622      162
 22.58622      163
 22.61844      164
 22.65066      165
 22.68288      165
 22.68288      166
 22.7151       167
 22.77954      168
 22.77954      169
 22.81176      169
 22.84398      170
 22.84398      171
 22.8762       172
 22.90842      173
 22.90842      173
 22.94064      174
 22.97286      175
 22.97286      176
 23.00508      177
 23.0373       178
 23.0373       178
 23.06952      179
 23.10174      180
 23.10174      181
 23.13396      182
 23.16618      183
 23.1984       184
 23.1984       184
 23.23062      185
 23.26284      186
 23.26284      187
 23.29506      188
 23.32728      189
 23.32728      190
 23.3595       190
 23.39172      191
 23.39172      192
 23.42394      193
 23.45616      194
 23.45616      195
 23.48838      196
 23.5206       197
 23.55282      197
 23.55282      198
 23.58504      199
 23.61726      200
 23.61726      202
 23.64948      203
 23.6817       204
 23.6817       204
 23.71392      205
 23.74614      206
 23.74614      207
 23.77836      208
 23.81058      209
 23.81058      210
 23.8428       211
 23.87502      211
 23.90724      212
 23.90724      213
 23.93946      214
 23.97168      215
 23.97168      216
 24.0039       217
 24.03612      218
 24.03612      219
 24.06834      219
 24.10056      220
 24.10056      221
 24.13278      222
 24.165        223
 24.165        224
 24.19722      225
 24.22944      226
 24.22944      227
 24.26166      228
 24.29388      229
 24.3261       230
 24.3261       230
 24.35832      231
 24.39054      232
 24.39054      233
 24.42276      234
 24.45498      235
 24.45498      236
 24.4872       236
 24.51942      237
 24.51942      237
 24.55164      238
 24.58386      239
 24.58386      239
 24.61608      240
 24.6483       241
 24.6483       242
 24.68052      242
 24.71274      243
 24.71274      244
