-3.820000	0
-3.820000	0
-3.820000	0
-3.820000	0
-3.820000	0
-3.820000	0
-3.820000	0
-3.820000	0
-3.820000	0
-3.820000	0
-3.820000	0
-3.820000	0
-3.820000	0
-3.820000	0
-3.820000	0
-3.787780	0
-3.787780	0
-3.755560	0
-3.755560	0
-3.723340	0
-3.691120	0
-3.658900	0
-3.658900	0
-3.626680	0
-3.594460	0
-3.594460	0
-3.562240	0
-3.530020	0
-3.497800	0
-3.497800	0
-3.465580	0
-3.433360	0
-3.401140	0
-3.368920	0
-3.368920	0
-3.336700	0
-3.304480	0
-3.272260	0
-3.240040	0
-3.240040	0
-3.207820	0
-3.175600	0
-3.143380	0
-3.143380	0
-3.111160	0
-3.078940	0
-3.046720	0
-3.014500	0
-2.982280	0
-2.982280	0
-2.950060	0
-2.917840	0
-2.885620	0
-2.853400	0
-2.853400	0
-2.821180	0
-2.788960	0
-2.756740	0
-2.724520	0
-2.724520	0
-2.692300	0
-2.660080	0
-2.627860	0
-2.595640	0
-2.563420	0
-2.563420	0
-2.531200	0
-2.498980	0
-2.466760	0
-2.434540	0
-2.434540	0
-2.402320	0
-2.370100	0
-2.337880	0
-2.305660	0
-2.273440	0
-2.273440	0
-2.241220	0
-2.209000	0
-2.176780	0
-2.144560	0
-2.144560	0
-2.112340	0
-2.080120	0
-2.047900	0
-2.015680	0
-1.983460	0
-1.983460	0
-1.951240	0
-1.919020	0
-1.886800	0
-1.854580	0
-1.822360	0
-1.822360	0
-1.790140	0
-1.757920	0
-1.725700	0
-1.693480	0
-1.693480	0
-1.661260	0
-1.629040	0
-1.596820	0
-1.564600	0
-1.532380	0
-1.532380	0
-1.500160	0
-1.467940	0
-1.435720	0
-1.403500	0
-1.403500	0
-1.371280	0
-1.339060	0
-1.306840	0
-1.274620	0
-1.242400	0
-1.242400	0
-1.210180	0
-1.177960	0
-1.145740	0
-1.113520	0
-1.113520	0
-1.081300	0
-1.049080	0
-1.016860	0
-0.984640	0
-0.952420	0
-0.952420	0
-0.920200	0
-0.887980	0
-0.855760	0
-0.823540	0
-0.823540	0
-0.791320	0
-0.759100	0
-0.726880	0
-0.694660	0
-0.662440	0
-0.662440	0
-0.630220	0
-0.565780	0
-0.533560	0
-0.533560	0
-0.501340	0
-0.469120	0
-0.436900	0
-0.404680	0
-0.372460	0
-0.372460	0
-0.340240	0
-0.308020	0
-0.275800	0
-0.243580	0
-0.243580	0
-0.211360	0
-0.179140	0
-0.146920	0
-0.114700	0
-0.082480	0
-0.082480	0
-0.050260	0
-0.018040	0
0.014180	0
0.046400	0
0.046400	0
0.078620	0
0.110840	0
0.143060	0
0.175280	0
0.207500	0
0.207500	0
0.239720	0
0.271940	0
0.304160	0
0.336380	0
0.336380	0
0.368600	0
0.400820	0
0.433040	0
0.465260	0
0.465260	0
0.497480	0
0.529700	0
0.561920	0
0.594140	0
0.594140	0
0.626360	0
0.658580	0
0.690800	0
0.723020	0
0.755240	0
0.755240	0
0.787460	0
0.819680	0
0.851900	0
0.884120	0
0.884120	0
0.916340	0
0.948560	0
0.980780	0
1.013000	0
1.013000	0
1.045220	0
1.077440	0
1.109660	0
1.141880	0
1.141880	0
1.174100	0
1.206320	0
1.238540	0
1.270760	0
1.270760	0
1.302980	0
1.335200	0
1.367420	0
1.399640	0
1.399640	0
1.431860	0
1.464080	0
1.496300	0
1.528520	0
1.560740	0
1.560740	0
1.592960	0
1.625180	0
1.657400	0
1.689620	0
1.689620	0
1.721840	0
1.754060	0
1.786280	0
1.818500	0
1.818500	0
1.850720	0
1.882940	0
1.915160	0
1.947380	0
1.947380	0
1.979600	0
2.011820	0
2.044040	0
2.076260	0
2.076260	0
2.108480	0
2.140700	0
2.172920	0
2.205140	0
2.237360	0
2.237360	0
2.269580	0
2.301800	0
2.334020	0
2.366240	0
2.366240	0
2.398460	0
2.430680	0
2.462900	0
2.495120	0
2.495120	0
2.527340	0
2.559560	0
2.591780	0
2.624000	0
2.624000	0
2.688440	0
2.720660	0
2.752880	0
2.752880	0
2.785100	0
2.817320	0
2.849540	0
2.881760	0
2.881760	0
2.913980	0
2.946200	0
2.978420	0
3.010640	0
3.010640	0
3.042860	0
3.075080	0
3.107300	0
3.139520	0
3.139520	0
3.171740	0
3.203960	0
3.236180	0
3.268400	0
3.268400	0
3.300620	0
3.332840	0
3.365060	0
3.397280	0
3.397280	0
3.429500	0
3.461720	0
3.493940	0
3.526160	0
3.526160	0
3.558380	0
3.590600	0
3.622820	0
3.622820	0
3.655040	0
3.687260	0
3.719480	0
3.751700	0
3.751700	0
3.783920	0
3.816140	0
3.848360	0
3.880580	0
3.880580	0
3.912800	0
3.945020	0
3.977240	0
4.009460	0
4.009460	0
4.041680	0
4.073900	0
4.106120	0
4.138340	0
4.138340	0
4.170560	0
4.202780	0
4.235000	0
4.267220	0
4.267220	0
4.299440	0
4.331660	0
4.363880	0
4.396100	0
4.396100	0
4.428320	0
4.460540	0
4.492760	0
4.492760	0
4.524980	0
4.557200	0
4.589420	0
4.621640	0
4.621640	0
4.653860	0
4.686080	0
4.718300	0
4.750520	0
4.750520	0
4.782740	0
4.814960	0
4.847180	0
4.879400	0
4.879400	0
4.911620	0
4.943840	0
4.976060	0
4.976060	0
5.008280	0
5.040500	0
5.072720	0
5.104940	0
5.104940	0
5.137160	0
5.169380	0
5.201600	0
5.233820	0
5.233820	0
5.266040	0
5.298260	0
5.330480	0
5.330480	0
5.362700	0
5.394920	0
5.427140	0
5.459360	0
5.459360	0
5.491580	0
5.523800	0
5.556020	0
5.556020	0
5.588240	0
5.620460	0
5.652680	0
5.684900	0
5.684900	0
5.717120	0
5.749340	0
5.781560	0
5.813780	0
5.813780	0
5.846000	0
5.878220	0
5.942660	0
5.942660	0
5.974880	0
6.007100	0
6.039320	0
6.039320	0
6.071540	0
6.103760	0
6.135980	0
6.168200	0
6.168200	0
6.200420	0
6.232640	0
6.264860	0
6.264860	0
6.297080	0
6.329300	0
6.361520	0
6.393740	0
6.393740	0
6.425960	0
6.458180	0
6.490400	0
6.490400	0
6.522620	0
6.554840	0
6.587060	0
6.619280	0
6.619280	0
6.651500	0
6.683720	0
6.715940	0
6.715940	0
6.748160	0
6.780380	0
6.812600	0
6.844820	0
6.844820	0
6.877040	0
6.909260	0
6.941480	0
6.941480	0
6.973700	0
7.005920	0
7.038140	0
7.070360	0
7.070360	0
7.102580	0
7.134800	0
7.167020	0
7.167020	0
7.199240	0
7.231460	0
7.263680	0
7.295900	0
7.295900	0
7.328120	0
7.360340	0
7.392560	0
7.392560	0
7.424780	0
7.457000	0
7.489220	0
7.489220	0
7.521440	0
7.553660	0
7.585880	0
7.618100	0
7.618100	0
7.650320	0
7.682540	0
7.714760	0
7.714760	0
7.746980	0
7.779200	0
7.811420	0
7.811420	0
7.843640	0
7.875860	0
7.908080	0
7.940300	0
7.940300	0
7.972520	0
8.004740	0
8.036960	0
8.036960	0
8.069180	0
8.101400	0
8.133620	0
8.133620	0
8.165840	0
8.198060	0
8.230280	0
8.262500	0
8.262500	0
8.294720	0
8.326940	0
8.359160	0
8.359160	0
8.391380	0
8.423600	0
8.455820	0
8.455820	0
8.488040	0
8.520260	0
8.552480	0
8.584700	0
8.584700	0
8.616920	0
8.649140	1
8.681360	1
8.681360	1
8.713580	1
8.745800	1
8.778020	1
8.778020	2
8.810240	2
8.842460	2
8.874680	2
8.906900	3
8.906900	3
8.939120	3
8.971340	4
9.003560	4
9.003560	4
9.035780	5
9.068000	5
9.100220	6
9.132440	6
9.132440	6
9.196880	7
9.229100	8
9.229100	8
9.261320	9
9.293540	9
9.325760	10
9.325760	11
9.357980	11
9.390200	12
9.422420	13
9.422420	13
9.454640	14
9.486860	15
9.519080	15
9.551300	16
9.551300	17
9.583520	17
9.615740	18
9.647960	19
9.647960	20
9.680180	21
9.712400	21
9.744620	22
9.744620	23
9.776840	24
9.809060	25
9.841280	26
9.841280	26
9.873500	27
9.905720	29
9.937940	29
9.937940	30
9.970160	31
10.002380	32
10.034600	34
10.034600	35
10.066820	36
10.099040	37
10.131260	38
10.163480	39
10.163480	40
10.195700	41
10.227920	43
10.260140	44
10.260140	45
10.292360	46
10.324580	48
10.356800	49
10.356800	50
10.389020	51
10.421240	53
10.453460	54
10.453460	55
10.485680	57
10.517900	58
10.550120	59
10.550120	61
10.582340	62
10.614560	64
10.646780	65
10.646780	67
10.679000	68
10.711220	70
10.743440	71
10.743440	73
10.775660	74
10.807880	76
10.840100	77
10.840100	79
10.872320	81
10.904540	82
10.936760	84
10.936760	85
10.968980	87
11.001200	89
11.033420	90
11.033420	92
11.065640	94
11.097860	95
11.130080	97
11.130080	99
11.162300	101
11.194520	103
11.226740	105
11.226740	107
11.258960	109
11.291180	110
11.323400	112
11.323400	114
11.355620	116
11.387840	117
11.420060	119
11.420060	121
11.452280	123
11.484500	125
11.516720	126
11.516720	129
11.548940	130
11.581160	132
11.613380	134
11.613380	136
11.645600	138
11.677820	140
11.710040	142
11.710040	144
11.742260	146
11.774480	148
11.806700	150
11.806700	153
11.838920	155
11.871140	157
11.903360	159
11.903360	161
11.935580	164
11.967800	166
12.000020	169
12.000020	171
12.032240	174
12.064460	177
12.064460	181
12.096680	300
12.128900	544
12.161120	783
12.161120	1003
12.193340	1033
12.225560	1033
12.257780	1033
12.257780	1033
12.290000	1033
12.322220	1033
12.354440	1033
12.354440	1033
12.386660	1033
12.451100	1033
12.451100	1033
12.483320	1033
12.515540	1033
12.547760	1033
12.579980	1033
12.579980	1033
12.612200	1033
12.644420	1033
12.644420	1033
12.676640	1033
12.708860	1033
12.741080	1033
12.741080	1033
12.773300	1033
12.805520	1033
12.837740	1033
12.837740	1033
12.869960	1033
12.902180	1033
12.934400	1033
12.934400	1033
12.966620	1033
12.998840	1033
12.998840	1033
13.031060	1033
13.063280	1033
13.095500	1033
13.095500	1033
13.127720	1033
13.159940	1033
13.192160	1033
13.192160	1033
13.224380	1033
13.256600	1033
13.288820	1033
13.288820	1033
13.321040	1033
13.353260	1033
13.385480	1033
13.385480	1033
13.417700	1033
13.449920	1033
13.482140	1033
13.482140	1033
13.514360	1033
13.546580	1033
13.546580	1033
13.578800	1033
13.611020	1033
13.643240	1033
13.643240	1033
13.675460	1033
13.707680	1033
13.739900	1033
13.739900	1033
13.772120	1033
13.804340	1033
13.836560	1033
13.836560	1033
13.868780	1033
13.901000	1033
13.901000	1033
13.933220	1033
13.965440	1033
13.997660	1033
13.997660	1033
14.029880	1033
14.062100	1033
14.094320	1033
14.094320	1033
14.126540	1033
14.158760	1033
14.158760	1033
14.190980	1033
14.223200	1033
14.255420	1033
14.255420	1033
14.287640	1033
14.319860	1033
14.352080	1033
14.352080	1033
14.384300	1033
14.416520	1033
14.416520	1033
14.448740	1033
14.480960	1033
14.513180	1033
14.513180	1033
14.545400	1033
14.577620	1033
14.609840	1033
14.609840	1033
14.642060	1033
14.674280	1033
14.706500	1033
14.706500	1033
14.738720	1033
14.770940	1033
14.770940	1033
14.803160	1033
14.835380	1033
14.867600	1033
14.867600	1033
14.899820	1033
14.932040	1033
14.932040	1033
14.964260	1033
14.996480	1033
15.028700	1033
15.028700	1033
15.060920	1033
15.093140	1033
15.125360	1033
15.125360	1033
15.157580	1033
15.189800	1033
15.189800	1033
15.222020	1033
15.254240	1033
15.286460	1033
15.286460	1033
15.318680	1033
15.350900	1033
15.383120	1033
15.383120	1033
15.415340	1033
15.447560	1033
15.447560	1033
15.479780	1033
15.512000	1033
15.544220	1033
15.544220	1033
15.576440	1033
15.608660	1033
15.640880	1033
15.640880	1033
15.705320	1033
15.705320	1033
15.737540	1033
15.769760	1033
15.801980	1033
15.801980	1033
15.834200	1033
15.866420	1033
15.898640	1033
15.898640	1033
15.930860	1033
15.963080	1033
15.963080	1033
15.995300	1033
16.027520	1033
16.059740	1033
16.059740	1033
16.091960	1033
16.124180	1033
16.124180	1033
16.156400	1033
16.188620	1033
16.220840	1033
16.220840	1033
16.253060	1033
16.285280	1033
16.285280	1033
16.317500	1033
16.349720	1033
16.381940	1033
16.381940	1033
16.414160	1033
16.446380	1033
16.478600	1033
16.478600	1033
16.510820	1033
16.543040	1033
16.543040	1033
16.575260	1033
16.607480	1033
16.639700	1033
16.639700	1033
16.671920	1033
16.704140	1033
16.704140	1033
16.736360	1033
16.768580	1033
16.768580	1033
16.800800	1033
16.833020	1033
16.865240	1033
16.865240	1033
16.897460	1033
16.929680	1033
16.961900	1033
16.961900	1033
16.994120	1033
17.026340	1033
17.026340	1033
17.058560	1033
17.090780	1033
17.090780	1033
17.123000	1033
17.155220	1033
17.187440	1033
17.187440	1033
17.219660	1033
17.251880	1033
17.251880	1033
17.284100	1033
17.316320	1033
17.348540	1033
17.348540	1033
17.380760	1033
17.412980	1033
17.412980	1033
17.445200	1033
17.477420	1033
17.509640	1033
17.509640	1033
17.541860	1033
17.574080	1033
17.574080	1033
17.606300	1033
17.638520	1033
17.638520	1033
17.670740	1033
17.702960	1033
17.735180	1033
17.735180	1033
17.767400	1033
17.799620	1033
17.799620	1033
17.831840	1033
17.864060	1033
17.896280	1033
17.896280	1033
17.928500	1033
17.960720	1033
17.960720	1033
17.992940	1033
18.025160	1033
18.025160	1033
18.057380	1033
18.089600	1033
18.121820	1033
18.121820	1033
18.154040	1033
18.186260	1033
18.186260	1033
18.218480	1033
18.250700	1033
18.250700	1033
18.282920	1033
18.315140	1033
18.347360	1033
18.347360	1033
18.379580	1033
18.411800	1033
18.411800	1033
18.444020	1033
18.476240	1033
18.476240	1033
18.508460	1033
18.540680	1033
18.572900	1033
18.572900	1033
18.605120	1033
18.637340	1033
18.637340	1033
18.669560	1033
18.701780	1033
18.701780	1033
18.734000	1033
18.766220	1033
18.798440	1033
18.798440	1033
18.830660	1033
18.862880	1033
18.862880	1033
18.895100	1033
18.959540	1033
18.959540	1033
18.991760	1033
19.023980	1033
19.023980	1033
19.056200	1033
19.088420	1033
19.088420	1033
19.120640	1033
19.152860	1033
19.185080	1033
19.185080	1033
19.217300	1033
19.249520	1033
19.249520	1033
19.281740	1033
19.313960	1033
19.313960	1033
19.346180	1033
19.378400	1033
19.378400	1033
19.410620	1033
19.442840	1033
19.475060	1033
19.475060	1033
19.507280	1033
19.539500	1033
19.539500	1033
19.571720	1033
19.603940	1033
19.603940	1033
19.636160	1033
19.668380	1033
19.668380	1033
19.700600	1033
19.732820	1033
19.732820	1033
19.765040	1033
19.797260	1033
19.829480	1033
19.829480	1033
19.861700	1033
19.893920	1033
19.893920	1033
19.926140	1033
19.958360	1033
19.958360	1033
19.990580	1033
20.022800	1033
20.022800	1033
20.055020	1033
20.087240	1033
20.119460	1033
20.119460	1033
20.151680	1033
20.151680	1033
20.183900	1033
20.216120	1033
20.248340	1033
20.248340	1033
20.280560	1033
20.312780	1033
20.312780	1033
20.345000	1033
20.377220	1033
20.377220	1033
20.409440	1033
20.441660	1033
20.441660	1033
20.473880	1033
20.506100	1033
20.538320	1033
20.538320	1033
20.570540	1033
20.602760	1033
20.602760	1033
20.634980	1033
20.667200	1033
20.667200	1033
20.699420	1033
20.731640	1033
20.731640	1033
20.763860	1033
20.796080	1033
20.796080	1033
20.828300	1033
20.860520	1033
20.860520	1033
20.892740	1033
20.924960	1033
20.924960	1033
20.957180	1033
20.989400	1033
20.989400	1033
