 0             0
 0             0
 0             0
 0             0
 0             0
 0             0
 0             0
 0             0
 0             0
 0             0
 0             0
 0             0
 0             0
 0             0
 3.222e-002    0
 3.222e-002    0
 6.444e-002    0
 9.666e-002    0
 9.666e-002    0
 0.12888       0
 0.1611        0
 0.1611        0
 0.19332       0
 0.22554       0
 0.25776       0
 0.28998       0
 0.28998       0
 0.3222        0
 0.35442       0
 0.38664       0
 0.41886       0
 0.41886       0
 0.45108       0
 0.4833        0
 0.51552       0
 0.54774       0
 0.57996       0
 0.57996       0
 0.61218       0
 0.6444        0
 0.67662       0
 0.70884       0
 0.70884       0
 0.74106       0
 0.77328       0
 0.8055        0
 0.83772       0
 0.86994       0
 0.86994       0
 0.90216       0
 0.93438       0
 0.9666        0
 0.99882       0
 1.03104       0
 1.03104       0
 1.06326       0
 1.09548       0
 1.1277        0
 1.15992       0
 1.19214       0
 1.22436       0
 1.22436       0
 1.25658       0
 1.2888        0
 1.32102       0
 1.35324       0
 1.38546       0
 1.38546       0
 1.41768       0
 1.4499        0
 1.48212       0
 1.51434       0
 1.54656       0
 1.54656       0
 1.57878       0
 1.611         0
 1.64322       0
 1.67544       0
 1.70766       0
 1.70766       0
 1.73988       0
 1.7721        0
 1.80432       0
 1.83654       0
 1.86876       0
 1.86876       0
 1.90098       0
 1.9332        1
 1.96542       1
 1.99764       1
 2.02986       1
 2.02986       1
 2.06208       1
 2.0943        1
 2.12652       1
 2.15874       1
 2.19096       1
 2.19096       1
 2.22318       1
 2.2554        1
 2.28762       1
 2.31984       1
 2.35206       0
 2.35206       0
 2.38428       0
 2.4165        0
 2.44872       0
 2.48094       0
 2.51316       0
 2.51316       0
 2.54538       0
 2.5776        0
 2.60982       0
 2.64204       0
 2.67426       0
 2.67426       0
 2.70648       0
 2.7387        0
 2.77092       0
 2.80314       0
 2.83536       0
 2.83536       0
 2.86758       0
 2.8998        0
 2.93202       2
 2.96424       0
 2.96424       3
 2.99646       6
 3.02868       8
 3.0609        9
 3.09312       9
 3.12534       9
 3.12534       9
 3.15756       8
 3.18978       8
 3.25422       7
 3.28644       7
 3.28644       6
 3.31866       6
 3.35088       5
 3.3831        5
 3.41532       4
 3.44754       4
 3.44754       4
 3.47976       3
 3.51198       3
 3.5442        3
 3.57642       2
 3.57642       2
 3.60864       2
 3.64086       0
 3.67308       0
 3.7053        0
 3.73752       0
 3.73752       0
 3.76974       0
 3.80196       0
 3.83418       0
 3.8664        0
 3.89862       0
 3.89862       0
 3.93084       0
 3.96306       0
 3.99528       0
 4.0275        0
 4.0275        0
 4.05972       0
 4.09194       0
 4.12416       0
 4.15638       0
 4.1886        0
 4.1886        0
 4.22082       0
 4.25304       0
 4.28526       0
 4.31748       0
 4.31748       0
 4.3497        0
 4.38192       0
 4.41414       0
 4.44636       0
 4.44636       0
 4.47858       0
 4.5108        0
 4.54302       0
 4.57524       0
 4.60746       0
 4.60746       0
 4.63968       0
 4.6719        0
 4.70412       0
 4.73634       0
 4.73634       0
 4.76856       0
 4.80078       0
 4.833         0
 4.86522       0
 4.86522       0
 4.89744       0
 4.92966       0
 4.96188       0
 4.9941        0
 5.02632       0
 5.02632       0
 5.05854       0
 5.09076       0
 5.12298       0
 5.1552        0
 5.1552        0
 5.18742       0
 5.21964       0
 5.25186       0
 5.28408       0
 5.28408       1
 5.3163        1
 5.34852       1
 5.38074       1
 5.41296       1
 5.44518       1
 5.44518       1
 5.4774        0
 5.50962       0
 5.54184       0
 5.57406       0
 5.57406       0
 5.60628       0
 5.6385        0
 5.67072       0
 5.70294       0
 5.70294       0
 5.73516       0
 5.76738       0
 5.7996        0
 5.83182       0
 5.83182       0
 5.86404       0
 5.89626       0
 5.92848       0
 5.9607        0
 5.9607        0
 5.99292       0
 6.02514       0
 6.05736       0
 6.08958       0
 6.08958       0
 6.1218        0
 6.15402       0
 6.18624       0
 6.21846       0
 6.25068       0
 6.25068       0
 6.2829        0
 6.31512       0
 6.34734       0
 6.37956       0
 6.37956       0
 6.41178       0
 6.444         0
 6.50844       0
 6.50844       0
 6.54066       0
 6.57288       0
 6.6051        0
 6.63732       0
 6.63732       0
 6.66954       0
 6.70176       0
 6.73398       0
 6.7662        0
 6.7662        0
 6.79842       0
 6.83064       0
 6.86286       0
 6.89508       0
 6.89508       0
 6.9273        0
 6.95952       0
 6.99174       0
 7.02396       0
 7.02396       0
 7.05618       0
 7.0884        0
 7.12062       0
 7.15284       0
 7.15284       0
 7.18506       0
 7.21728       0
 7.2495        0
 7.28172       0
 7.28172       0
 7.31394       0
 7.34616       0
 7.37838       0
 7.4106        0
 7.4106        0
 7.44282       0
 7.47504       0
 7.50726       0
 7.53948       0
 7.53948       0
 7.5717        0
 7.60392       0
 7.63614       0
 7.66836       0
 7.66836       0
 7.70058       0
 7.7328        0
 7.76502       0
 7.79724       0
 7.79724       0
 7.82946       0
 7.86168       0
 7.8939        0
 7.92612       0
 7.92612       0
 7.95834       0
 7.99056       0
 8.02278       0
 8.02278       0
 8.055         0
 8.08722       0
 8.11944       0
 8.15166       0
 8.15166       0
 8.18388       0
 8.2161        0
 8.24832       0
 8.28054       0
 8.28054       0
 8.31276       0
 8.34498       0
 8.3772        0
 8.3772        0
 8.40942       0
 8.44164       0
 8.47386       0
 8.50608       0
 8.50608       0
 8.5383        0
 8.57052       0
 8.60274       0
 8.63496       0
 8.63496       0
 8.66718       0
 8.6994        0
 8.73162       0
 8.76384       0
 8.76384       0
 8.79606       0
 8.82828       0
 8.8605        0
 8.8605        0
 8.89272       0
 8.92494       0
 8.95716       0
 8.98938       0
 8.98938       0
 9.0216        0
 9.05382       0
 9.08604       0
 9.11826       0
 9.11826       0
 9.15048       0
 9.1827        0
 9.21492       0
 9.21492       0
 9.24714       0
 9.27936       0
 9.31158       0
 9.3438        0
 9.3438        0
 9.37602       0
 9.40824       0
 9.44046       0
 9.47268       0
 9.47268       0
 9.5049        0
 9.53712       0
 9.56934       0
 9.56934       0
 9.60156       0
 9.63378       0
 9.666         0
 9.69822       0
 9.69822       0
 9.76266       0
 9.79488       0
 9.8271        0
 9.8271        0
 9.85932       0
 9.89154       0
 9.92376       0
 9.92376       0
 9.95598       0
 9.9882        0
 10.02042      0
 10.05264      0
 10.05264      0
 10.08486      0
 10.11708      0
 10.1493       0
 10.18152      0
 10.18152      0
 10.21374      0
 10.24596      0
 10.27818      0
 10.27818      0
 10.3104       0
 10.34262      0
 10.37484      0
 10.37484      0
 10.40706      0
 10.43928      0
 10.4715       0
 10.50372      0
 10.50372      0
 10.53594      0
 10.56816      0
 10.60038      0
 10.60038      0
 10.6326       0
 10.66482      0
 10.69704      0
 10.72926      0
 10.72926      1
 10.76148      0
 10.7937       0
 10.82592      1
 10.82592      1
 10.85814      1
 10.89036      1
 10.92258      1
 10.9548       1
 10.9548       1
 10.98702      1
 11.01924      1
 11.05146      2
 11.05146      1
 11.08368      2
 11.1159       1
 11.14812      1
 11.18034      1
 11.18034      1
 11.21256      1
 11.24478      1
 11.277        1
 11.277        1
 11.30922      1
 11.34144      1
 11.37366      1
 11.37366      1
 11.40588      1
 11.4381       1
 11.47032      1
 11.50254      1
 11.50254      1
 11.53476      1
 11.56698      1
 11.5992       1
 11.5992       1
 11.63142      1
 11.66364      1
 11.69586      1
 11.72808      1
 11.72808      1
 11.7603       1
 11.79252      1
 11.82474      1
 11.82474      1
 11.85696      1
 11.88918      1
 11.9214       1
 11.9214       1
 11.95362      1
 11.98584      1
 12.01806      1
 12.01806      1
 12.05028      1
 12.0825       1
 12.11472      1
 12.14694      1
 12.14694      1
 12.17916      1
 12.21138      1
 12.2436       1
 12.2436       1
 12.27582      2
 12.30804      2
 12.34026      2
 12.37248      2
 12.37248      2
 12.4047       2
 12.43692      2
 12.46914      2
 12.46914      2
 12.50136      2
 12.53358      2
 12.5658       3
 12.5658       3
 12.59802      3
 12.63024      3
 12.66246      3
 12.66246      3
 12.69468      4
 12.7269       4
 12.75912      4
 12.75912      4
 12.79134      4
 12.82356      5
 12.85578      5
 12.888        5
 12.888        5
 12.92022      5
 12.95244      5
 12.98466      5
 13.01688      5
 13.0491       6
 13.08132      6
 13.11354      6
 13.11354      6
 13.14576      6
 13.17798      6
 13.2102       7
 13.2102       7
 13.24242      7
 13.27464      7
 13.30686      7
 13.30686      7
 13.33908      8
 13.3713       8
 13.40352      8
 13.40352      8
 13.43574      8
 13.46796      9
 13.50018      9
 13.50018      9
 13.5324       9
 13.56462      9
 13.59684      9
 13.59684      10
 13.62906      9
 13.66128      14
 13.6935       20
 13.6935       23
 13.72572      25
 13.75794      26
 13.79016      26
 13.82238      26
 13.82238      25
 13.8546       25
 13.88682      24
 13.91904      23
 13.91904      23
 13.95126      22
 13.98348      21
 14.0157       21
 14.0157       21
 14.04792      20
 14.08014      20
 14.11236      20
 14.11236      19
 14.14458      19
 14.1768       19
 14.20902      19
 14.20902      19
 14.24124      19
 14.27346      18
 14.30568      19
 14.30568      18
 14.3379       19
 14.37012      19
 14.40234      19
 14.40234      19
 14.43456      20
 14.46678      20
 14.499        21
 14.499        21
 14.53122      21
 14.56344      21
 14.59566      21
 14.59566      21
 14.62788      22
 14.6601       22
 14.69232      22
 14.69232      22
 14.72454      22
 14.75676      22
 14.78898      22
 14.78898      22
 14.8212       22
 14.85342      22
 14.88564      22
 14.88564      22
 14.91786      22
 14.95008      22
 14.9823       23
 14.9823       23
 15.01452      23
 15.04674      23
 15.07896      23
 15.07896      23
 15.11118      24
 15.1434       24
 15.17562      24
 15.17562      24
 15.20784      24
 15.24006      25
 15.27228      25
 15.27228      25
 15.3045       25
 15.33672      25
 15.36894      25
 15.36894      26
 15.40116      26
 15.43338      26
 15.4656       26
 15.4656       26
 15.49782      26
 15.53004      27
 15.56226      27
 15.56226      27
 15.59448      27
 15.6267       27
 15.6267       27
 15.65892      28
 15.69114      28
 15.72336      28
 15.75558      28
 15.75558      28
 15.7878       28
 15.82002      28
 15.85224      29
 15.85224      29
 15.88446      29
 15.91668      29
 15.91668      29
 15.9489       29
 15.98112      30
 16.01334      30
 16.01334      30
 16.04556      30
 16.07778      30
 16.11         30
 16.11         31
 16.14222      31
 16.17444      31
 16.20666      31
 16.23888      31
 16.2711       31
 16.30332      31
 16.30332      31
 16.33554      32
 16.36776      32
 16.39998      31
 16.39998      29
 16.4322       28
 16.46442      27
 16.49664      27
 16.49664      27
 16.52886      28
 16.56108      28
 16.5933       28
 16.5933       29
 16.62552      30
 16.65774      30
 16.68996      31
 16.68996      31
 16.72218      31
 16.7544       32
 16.7544       32
 16.78662      33
 16.81884      33
 16.85106      33
 16.85106      34
 16.88328      34
 16.9155       35
 16.94772      35
 16.94772      35
 16.97994      36
 17.01216      36
 17.04438      36
 17.04438      37
 17.0766       37
 17.10882      37
 17.14104      38
 17.14104      39
 17.17326      39
 17.20548      40
 17.20548      40
 17.2377       40
 17.26992      41
 17.30214      41
 17.30214      41
 17.33436      42
 17.36658      42
 17.3988       42
 17.3988       43
 17.43102      43
 17.46324      43
 17.49546      44
 17.49546      44
 17.52768      44
 17.5599       45
 17.5599       45
 17.59212      46
 17.62434      46
 17.65656      46
 17.65656      47
 17.68878      47
 17.721        48
 17.75322      48
 17.75322      49
 17.78544      49
 17.81766      50
 17.84988      50
 17.84988      51
 17.8821       52
 17.91432      52
 17.91432      53
 17.94654      54
 17.97876      54
 18.01098      55
 18.01098      56
 18.0432       57
 18.07542      58
 18.10764      59
 18.10764      59
 18.13986      60
 18.17208      60
 18.17208      61
 18.2043       61
 18.23652      61
 18.26874      62
 18.26874      62
 18.30096      63
 18.33318      64
 18.3654       64
 18.3654       65
 18.39762      66
 18.42984      67
 18.42984      67
 18.46206      68
 18.49428      69
 18.5265       70
 18.5265       71
 18.55872      72
 18.59094      73
 18.62316      74
 18.62316      74
 18.65538      75
 18.6876       76
 18.6876       77
 18.71982      78
 18.75204      79
 18.78426      80
 18.78426      81
 18.81648      81
 18.8487       82
 18.8487       83
 18.88092      84
 18.91314      85
 18.94536      86
 18.94536      86
 18.97758      86
 19.0098       86
 19.04202      86
 19.04202      87
 19.07424      87
 19.10646      88
 19.10646      88
 19.13868      89
 19.1709       90
 19.20312      92
 19.20312      93
 19.23534      94
 19.26756      95
 19.29978      96
 19.29978      97
 19.332        98
 19.36422      99
 19.36422      101
 19.39644      102
 19.42866      103
 19.46088      104
 19.46088      104
 19.52532      105
 19.55754      106
 19.55754      107
 19.58976      108
 19.62198      110
 19.6542       112
 19.6542       113
 19.68642      114
 19.71864      115
 19.71864      116
 19.75086      117
 19.78308      117
 19.78308      118
 19.8153       119
 19.84752      119
 19.87974      120
 19.87974      120
 19.91196      121
 19.94418      122
 19.9764       122
 19.9764       123
 20.00862      124
 20.04084      124
 20.04084      125
 20.07306      126
 20.10528      126
 20.1375       127
 20.1375       128
 20.16972      128
 20.20194      129
 20.20194      130
 20.23416      130
 20.26638      131
 20.2986       132
 20.2986       132
 20.33082      133
 20.36304      134
 20.36304      134
 20.39526      135
 20.42748      136
 20.4597       136
 20.4597       137
 20.49192      138
 20.52414      138
 20.52414      139
 20.55636      140
 20.58858      140
 20.6208       141
 20.6208       141
 20.65302      142
 20.68524      143
 20.68524      143
 20.71746      144
 20.74968      144
 20.7819       145
 20.7819       145
 20.81412      146
 20.84634      147
 20.84634      147
 20.87856      148
 20.91078      148
 20.943        149
 20.943        150
 20.97522      150
 21.00744      151
 21.00744      151
 21.03966      152
 21.07188      152
 21.07188      153
 21.1041       153
 21.13632      154
 21.16854      155
 21.16854      155
 21.20076      156
 21.23298      156
 21.23298      157
 21.2652       157
 21.29742      158
 21.29742      158
 21.32964      159
 21.36186      159
 21.39408      160
 21.39408      160
 21.4263       161
 21.45852      162
 21.45852      162
 21.49074      162
 21.52296      163
 21.55518      163
 21.55518      164
 21.5874       164
 21.61962      165
 21.61962      165
 21.65184      166
 21.68406      166
 21.71628      167
 21.71628      167
 21.7485       168
 21.78072      168
 21.78072      169
 21.81294      169
 21.84516      170
 21.84516      170
 21.87738      170
 21.9096       171
 21.94182      207
 21.94182      530
 21.97404      809
 22.00626      1033
 22.00626      1033
 22.03848      1033
 22.0707       1033
 22.0707       1033
 22.10292      1033
 22.13514      1033
 22.13514      1033
 22.16736      1033
 22.19958      1033
 22.2318       1033
 22.2318       1033
 22.26402      1033
 22.29624      1033
 22.29624      1033
 22.32846      1033
 22.36068      1033
 22.36068      1033
 22.3929       1033
 22.42512      1033
 22.45734      1033
 22.45734      1033
 22.48956      1033
 22.52178      1033
 22.52178      1033
 22.554        1033
 22.58622      1033
 22.58622      1033
 22.61844      1033
 22.65066      1033
 22.65066      1033
 22.68288      1033
 22.7151       1033
 22.74732      1033
 22.77954      1033
 22.81176      1033
 22.84398      1033
 22.84398      1033
 22.8762       1033
 22.90842      1033
 22.90842      1033
 22.94064      1033
 22.97286      1033
 22.97286      1033
 23.00508      1033
 23.0373       1033
 23.0373       1033
 23.06952      1033
 23.10174      1033
 23.10174      1033
 23.13396      1033
 23.16618      1033
 23.1984       1033
 23.1984       1033
 23.23062      1033
 23.26284      1033
 23.26284      1033
 23.29506      1033
 23.32728      1033
 23.32728      1033
 23.3595       1033
 23.39172      1033
 23.39172      1033
 23.42394      1033
 23.45616      1033
 23.45616      1033
 23.48838      1033
 23.5206       1033
 23.55282      1033
 23.55282      1033
 23.58504      1033
 23.61726      1033
 23.61726      1033
 23.64948      1033
 23.6817       1033
 23.6817       1033
 23.71392      1033
 23.74614      1033
 23.74614      1033
 23.77836      1033
 23.81058      1033
 23.8428       1033
 23.8428       1033
 23.87502      1033
 23.90724      1033
 23.90724      1033
 23.93946      1033
 23.97168      1033
 23.97168      1033
 24.0039       1033
 24.03612      1033
 24.03612      1033
 24.06834      1033
 24.10056      1033
 24.10056      1033
 24.13278      1033
 24.165        1033
 24.165        1033
 24.19722      1033
 24.22944      1033
 24.22944      1033
 24.26166      1033
 24.29388      1033
 24.3261       1033
 24.3261       1033
 24.35832      1033
 24.39054      1033
 24.39054      1033
 24.42276      1033
 24.45498      1033
 24.45498      1033
 24.4872       1033
 24.51942      1033
 24.51942      1033
 24.55164      1033
 24.58386      1033
 24.58386      1033
 24.61608      1033
 24.6483       1033
 24.6483       1033
 24.68052      1033
 24.71274      1033
 24.71274      1033
 24.74496      1033
 24.77718      1033
 24.77718      1033
 24.8094       1033
 24.84162      1033
 24.84162      1033
 24.87384      1033
 24.90606      1033
