 0             0
 0             0
 0             0
 0             0
 0             0
 3.222e-002    0
 3.222e-002    0
 9.666e-002    0
 9.666e-002    0
 0.12888       0
 0.1611        0
 0.1611        0
 0.19332       0
 0.25776       0
 0.25776       0
 0.28998       0
 0.3222        0
 0.3222        0
 0.35442       0
 0.38664       0
 0.41886       0
 0.45108       0
 0.4833        0
 0.4833        0
 0.54774       0
 0.54774       0
 0.57996       0
 0.6444        0
 0.6444        0
 0.67662       0
 0.70884       0
 0.70884       0
 0.77328       0
 0.8055        0
 0.8055        0
 0.83772       0
 0.86994       0
 0.90216       0
 0.93438       0
 0.9666        0
 0.9666        0
 1.03104       0
 1.03104       0
 1.06326       0
 1.09548       0
 1.1277        0
 1.15992       0
 1.19214       0
 1.19214       0
 1.25658       0
 1.25658       0
 1.2888        0
 1.32102       0
 1.35324       0
 1.38546       0
 1.41768       0
 1.4499        0
 1.4499        0
 1.51434       0
 1.51434       0
 1.54656       0
 1.57878       0
 1.611         0
 1.64322       0
 1.67544       0
 1.67544       0
 1.73988       0
 1.73988       0
 1.7721        0
 1.83654       0
 1.83654       0
 1.86876       0
 1.90098       0
 1.9332        0
 1.96542       0
 1.99764       0
 1.99764       0
 2.06208       0
 2.06208       0
 2.0943        0
 2.12652       0
 2.15874       0
 2.19096       0
 2.22318       0
 2.2554        0
 2.28762       0
 2.31984       0
 2.31984       0
 2.35206       0
 2.38428       0
 2.4165        0
 2.44872       0
 2.48094       0
 2.51316       0
 2.54538       0
 2.5776        0
 2.5776        0
 2.64204       0
 2.64204       0
 2.67426       0
 2.70648       0
 2.7387        0
 2.77092       0
 2.80314       0
 2.83536       0
 2.86758       0
 2.8998        0
 2.8998        0
 2.96424       0
 2.96424       0
 2.99646       0
 3.02868       0
 3.0609        0
 3.09312       0
 3.12534       0
 3.15756       0
 3.18978       0
 3.222         0
 3.25422       0
 3.28644       0
 3.31866       0
 3.35088       0
 3.3831        0
 3.41532       0
 3.44754       0
 3.47976       0
 3.51198       0
 3.5442        0
 3.57642       0
 3.57642       0
 3.64086       0
 3.64086       0
 3.67308       0
 3.7053        0
 3.73752       0
 3.76974       0
 3.80196       0
 3.83418       0
 3.8664        0
 3.89862       0
 3.93084       0
 3.96306       0
 3.96306       0
 3.99528       0
 4.0275        0
 4.05972       0
 4.09194       0
 4.12416       0
 4.15638       0
 4.1886        0
 4.22082       0
 4.25304       0
 4.28526       0
 4.31748       0
 4.31748       0
 4.38192       1
 4.38192       1
 4.41414       1
 4.44636       1
 4.47858       1
 4.5108        1
 4.54302       2
 4.57524       2
 4.60746       2
 4.63968       2
 4.6719        2
 4.70412       2
 4.73634       3
 4.73634       3
 4.80078       3
 4.80078       3
 4.833         3
 4.86522       4
 4.89744       4
 4.92966       4
 4.96188       4
 4.9941        5
 5.02632       5
 5.05854       5
 5.09076       5
 5.12298       6
 5.1552        6
 5.1552        6
 5.21964       6
 5.21964       7
 5.25186       7
 5.28408       7
 5.3163        8
 5.34852       8
 5.38074       8
 5.41296       8
 5.44518       9
 5.4774        9
 5.50962       9
 5.54184       10
 5.54184       10
 5.57406       10
 5.60628       11
 5.6385        11
 5.67072       11
 5.70294       12
 5.73516       12
 5.76738       13
 5.7996        13
 5.83182       13
 5.86404       14
 5.89626       14
 5.92848       14
 5.9607        15
 5.9607        15
 5.99292       16
 6.02514       16
 6.05736       17
 6.08958       17
 6.1218        17
 6.15402       18
 6.18624       18
 6.21846       19
 6.25068       19
 6.2829        20
 6.31512       20
 6.34734       21
 6.37956       21
 6.37956       22
 6.41178       22
 6.444         23
 6.50844       23
 6.54066       24
 6.57288       24
 6.6051        25
 6.63732       25
 6.66954       26
 6.70176       26
 6.73398       27
 6.7662        27
 6.7662        28
 6.79842       28
 6.83064       29
 6.86286       29
 6.89508       30
 6.9273        30
 6.95952       31
 6.99174       31
 7.02396       32
 7.05618       32
 7.0884        32
 7.12062       33
 7.15284       33
 7.18506       34
 7.18506       34
 7.21728       34
 7.2495        34
 7.28172       35
 7.31394       35
 7.34616       35
 7.37838       35
 7.4106        35
 7.44282       35
 7.47504       35
 7.50726       35
 7.50726       35
 7.53948       35
 7.5717        35
 7.60392       35
 7.63614       35
 7.66836       35
 7.70058       35
 7.7328        34
 7.76502       34
 7.79724       34
 7.82946       34
 7.86168       34
 7.8939        33
 7.92612       33
 7.92612       33
 7.95834       33
 7.99056       32
 8.02278       32
 8.055         32
 8.08722       31
 8.11944       31
 8.15166       31
 8.18388       30
 8.2161        30
 8.24832       30
 8.28054       30
 8.28054       29
 8.31276       29
 8.34498       29
 8.3772        29
 8.40942       28
 8.44164       28
 8.47386       28
 8.50608       28
 8.5383        28
 8.57052       28
 8.60274       27
 8.63496       27
 8.66718       27
 8.66718       27
 8.6994        27
 8.73162       27
 8.76384       27
 8.79606       27
 8.82828       27
 8.8605        27
 8.89272       27
 8.92494       27
 8.95716       27
 8.98938       27
 9.0216        28
 9.0216        28
 9.05382       28
 9.08604       28
 9.11826       28
 9.15048       28
 9.1827        28
 9.21492       29
 9.24714       29
 9.27936       29
 9.31158       29
 9.3438        30
 9.3438        30
 9.37602       30
 9.40824       30
 9.44046       31
 9.47268       31
 9.5049        31
 9.53712       32
 9.56934       32
 9.60156       32
 9.63378       33
 9.666         33
 9.69822       33
 9.69822       34
 9.76266       34
 9.79488       35
 9.8271        35
 9.85932       36
 9.89154       36
 9.92376       37
 9.95598       37
 9.9882        37
 10.02042      38
 10.05264      39
 10.05264      39
 10.08486      39
 10.11708      40
 10.1493       41
 10.18152      41
 10.21374      42
 10.24596      42
 10.27818      43
 10.3104       43
 10.34262      44
 10.37484      44
 10.37484      45
 10.40706      46
 10.43928      46
 10.4715       47
 10.50372      48
 10.53594      48
 10.56816      49
 10.60038      49
 10.6326       50
 10.6326       51
 10.66482      51
 10.69704      52
 10.72926      53
 10.76148      54
 10.7937       54
 10.82592      55
 10.85814      56
 10.89036      56
 10.92258      57
 10.9548       58
 10.98702      59
 11.01924      59
 11.01924      60
 11.05146      61
 11.08368      62
 11.1159       62
 11.14812      63
 11.18034      64
 11.21256      65
 11.24478      65
 11.277        66
 11.30922      67
 11.34144      68
 11.34144      69
 11.37366      70
 11.40588      70
 11.4381       71
 11.47032      72
 11.50254      73
 11.53476      74
 11.56698      75
 11.5992       76
 11.5992       76
 11.63142      77
 11.66364      78
 11.69586      79
 11.72808      80
 11.7603       81
 11.79252      82
 11.82474      83
 11.85696      83
 11.88918      84
 11.9214       85
 11.9214       86
 11.95362      87
 11.98584      88
 12.01806      88
 12.05028      89
 12.0825       90
 12.11472      90
 12.14694      91
 12.17916      92
 12.17916      92
 12.21138      93
 12.2436       93
 12.27582      94
 12.30804      94
 12.34026      94
 12.37248      95
 12.4047       95
 12.43692      95
 12.46914      96
 12.46914      96
 12.50136      96
 12.53358      96
 12.5658       96
 12.59802      96
 12.63024      96
 12.66246      97
 12.69468      97
 12.7269       97
 12.7269       96
 12.75912      96
 12.79134      96
 12.82356      96
 12.85578      96
 12.888        96
 12.92022      95
 12.95244      95
 12.98466      95
 13.01688      95
 13.0491       94
 13.08132      94
 13.11354      94
 13.14576      94
 13.17798      93
 13.2102       93
 13.24242      93
 13.27464      93
 13.30686      92
 13.30686      92
 13.33908      92
 13.3713       92
 13.40352      92
 13.43574      92
 13.46796      92
 13.50018      92
 13.5324       91
 13.56462      92
 13.56462      91
 13.59684      91
 13.62906      92
 13.66128      92
 13.6935       92
 13.72572      92
 13.75794      92
 13.79016      92
 13.82238      92
 13.82238      92
 13.8546       92
 13.88682      93
 13.91904      93
 13.95126      93
 13.98348      93
 14.0157       94
 14.04792      94
 14.04792      94
 14.08014      94
 14.11236      95
 14.14458      95
 14.1768       95
 14.20902      96
 14.24124      96
 14.27346      96
 14.30568      97
 14.30568      97
 14.3379       98
 14.37012      98
 14.40234      98
 14.43456      99
 14.46678      99
 14.499        101
 14.53122      101
 14.53122      101
 14.56344      102
 14.59566      103
 14.62788      103
 14.6601       104
 14.69232      104
 14.72454      105
 14.75676      105
 14.78898      106
 14.78898      106
 14.8212       107
 14.85342      108
 14.88564      108
 14.91786      109
 14.95008      109
 14.9823       110
 15.01452      111
 15.04674      111
 15.04674      112
 15.07896      113
 15.11118      113
 15.1434       114
 15.17562      115
 15.20784      116
 15.24006      117
 15.27228      117
 15.27228      118
 15.3045       119
 15.33672      120
 15.36894      121
 15.40116      122
 15.43338      123
 15.4656       124
 15.49782      125
 15.49782      126
 15.53004      127
 15.56226      128
 15.59448      129
 15.6267       130
 15.65892      131
 15.69114      131
 15.72336      132
 15.72336      132
 15.75558      133
 15.7878       133
 15.82002      134
 15.85224      135
 15.88446      136
 15.91668      136
 15.9489       137
 15.9489       139
 15.98112      139
 16.01334      141
 16.04556      142
 16.07778      143
 16.11         144
 16.14222      145
 16.17444      146
 16.17444      147
 16.20666      148
 16.2711       150
 16.30332      151
 16.33554      152
 16.36776      152
 16.39998      152
 16.39998      152
 16.4322       152
 16.46442      152
 16.49664      152
 16.52886      153
 16.56108      153
 16.5933       153
 16.62552      154
 16.62552      154
 16.65774      154
 16.68996      155
 16.72218      155
 16.7544       156
 16.78662      156
 16.78662      157
 16.81884      157
 16.85106      158
 16.88328      158
 16.9155       159
 16.94772      159
 16.97994      160
 17.01216      160
 17.01216      161
 17.04438      161
 17.0766       162
 17.10882      163
 17.14104      163
 17.17326      164
 17.20548      165
 17.2377       165
 17.2377       166
 17.26992      167
 17.30214      167
 17.33436      168
 17.36658      169
 17.3988       170
 17.43102      170
 17.43102      171
 17.46324      172
 17.49546      173
 17.52768      173
 17.5599       174
 17.59212      175
 17.62434      175
 17.65656      176
 17.65656      177
 17.68878      178
 17.721        178
 17.75322      179
 17.78544      180
 17.81766      180
 17.84988      181
 17.84988      182
 17.8821       182
 17.91432      183
 17.94654      183
 17.97876      184
 18.01098      184
 18.0432       185
 18.0432       185
 18.07542      185
 18.10764      185
 18.13986      185
 18.17208      185
 18.2043       186
 18.23652      185
 18.23652      185
 18.26874      185
 18.30096      185
 18.33318      185
 18.3654       184
 18.39762      184
 18.42984      184
 18.42984      184
 18.46206      183
 18.49428      183
 18.5265       182
 18.55872      182
 18.59094      182
 18.62316      181
 18.65538      181
 18.65538      181
 18.6876       180
 18.71982      180
 18.75204      179
 18.78426      179
 18.81648      179
 18.81648      178
 18.8487       178
 18.88092      177
 18.91314      177
 18.94536      176
 18.97758      176
 19.0098       175
 19.0098       174
 19.04202      174
 19.07424      173
 19.10646      173
 19.13868      173
 19.1709       172
 19.20312      172
 19.20312      172
 19.23534      172
 19.26756      172
 19.29978      172
 19.332        172
 19.36422      172
 19.39644      173
 19.39644      173
 19.42866      173
 19.46088      174
 19.52532      174
 19.55754      175
 19.55754      175
 19.58976      176
 19.62198      176
 19.6542       177
 19.68642      177
 19.71864      178
 19.75086      179
 19.78308      179
 19.78308      180
 19.8153       181
 19.84752      182
 19.87974      182
 19.91196      183
 19.94418      184
 19.94418      184
 19.9764       185
 20.00862      185
 20.04084      185
 20.07306      185
 20.10528      185
 20.1375       184
 20.1375       184
 20.16972      183
 20.20194      183
 20.23416      182
 20.26638      181
 20.2986       180
 20.2986       179
 20.33082      177
 20.36304      176
 20.39526      175
 20.42748      174
 20.4597       173
 20.4597       171
 20.49192      170
 20.52414      169
 20.55636      168
 20.58858      167
 20.6208       167
 20.65302      166
 20.68524      165
 20.68524      165
 20.71746      165
 20.74968      165
 20.7819       164
 20.81412      164
 20.81412      164
 20.84634      164
 20.87856      164
 20.91078      165
 20.943        164
 20.97522      165
 20.97522      165
 21.00744      165
 21.03966      166
 21.07188      166
 21.1041       166
 21.13632      167
 21.16854      167
 21.16854      167
 21.20076      168
 21.23298      168
 21.2652       169
 21.29742      170
 21.32964      170
 21.32964      171
 21.36186      171
 21.39408      172
 21.4263       173
 21.45852      173
 21.49074      174
 21.49074      175
 21.52296      175
 21.55518      176
 21.5874       177
 21.61962      177
 21.65184      178
 21.68406      179
 21.68406      180
 21.71628      181
 21.7485       182
 21.78072      182
 21.81294      183
 21.84516      184
 21.84516      185
 21.87738      186
 21.9096       187
 21.94182      188
 21.97404      189
 21.97404      189
 22.00626      190
 22.03848      191
 22.0707       192
 22.10292      193
 22.13514      194
 22.13514      194
 22.16736      195
 22.19958      196
 22.2318       196
 22.26402      197
 22.29624      198
 22.29624      198
 22.32846      199
 22.36068      200
 22.3929       200
 22.42512      202
 22.45734      203
 22.48956      203
 22.48956      204
 22.52178      204
 22.554        205
 22.58622      206
 22.61844      206
 22.65066      207
 22.65066      208
 22.68288      208
 22.7151       209
 22.77954      210
 22.77954      211
 22.81176      212
 22.84398      212
 22.8762       213
 22.90842      214
 22.90842      214
 22.94064      215
 22.97286      216
 23.00508      216
 23.0373       217
 23.06952      217
 23.06952      218
 23.10174      218
 23.13396      219
 23.16618      219
 23.1984       219
 23.23062      220
 23.23062      220
 23.26284      220
 23.29506      220
 23.32728      220
 23.3595       221
 23.39172      221
 23.39172      221
 23.42394      221
 23.45616      221
 23.48838      222
 23.5206       222
 23.55282      222
 23.55282      222
 23.58504      222
 23.61726      223
 23.64948      223
 23.6817       223
 23.71392      224
 23.71392      224
 23.74614      224
 23.77836      225
 23.81058      225
 23.8428       225
 23.8428       226
 23.87502      226
 23.90724      227
 23.93946      227
 23.97168      228
 24.0039       228
 24.0039       229
 24.03612      229
 24.06834      230
 24.10056      230
 24.13278      231
 24.13278      231
 24.165        232
 24.19722      232
 24.22944      233
 24.26166      233
 24.29388      234
 24.29388      235
 24.3261       235
 24.35832      235
 24.39054      236
 24.42276      236
 24.42276      236
 24.45498      237
 24.4872       237
 24.51942      238
 24.55164      238
 24.58386      238
 24.58386      238
 24.61608      238
 24.6483       239
 24.68052      239
 24.68052      239
 24.71274      239
 24.74496      240
 24.77718      239
 24.8094       240
 24.84162      240
 24.84162      239
 24.87384      240
 24.90606      239
 24.93828      239
 24.9705       239
 24.9705       238
 25.00272      238
 25.03494      238
 25.06716      237
 25.09938      237
 25.09938      237
 25.1316       237
 25.16382      237
 25.19604      237
 25.22826      236
 25.26048      236
 25.26048      236
 25.2927       236
 25.32492      236
 25.35714      236
 25.38936      236
 25.38936      236
 25.42158      235
 25.4538       235
 25.48602      235
 25.51824      235
 25.51824      235
 25.55046      235
 25.58268      235
 25.6149       235
 25.64712      235
 25.64712      235
 25.67934      235
 25.71156      234
 25.74378      234
 25.776        234
 25.776        234
 25.80822      234
 25.84044      235
 25.87266      234
 25.90488      235
 25.90488      235
 25.9371       235
 25.96932      235
 26.03376      236
 26.03376      236
 26.06598      236
 26.0982       237
 26.13042      237
 26.16264      238
 26.19486      238
 26.19486      238
 26.22708      239
 26.2593       239
 26.29152      240
 26.32374      241
 26.32374      241
 26.35596      241
 26.38818      242
 26.4204       242
 26.45262      243
 26.45262      244
 26.48484      244
 26.51706      245
 26.54928      245
 26.5815       246
 26.5815       246
 26.61372      247
 26.64594      247
 26.67816      248
 26.67816      248
 26.71038      248
 26.7426       249
 26.77482      249
 26.80704      249
 26.80704      249
 26.83926      249
 26.87148      249
 26.9037       249
 26.93592      248
 26.93592      248
 26.96814      248
 27.00036      248
 27.03258      248
 27.0648       247
 27.0648       247
 27.09702      246
 27.12924      246
 27.16146      246
 27.19368      246
 27.19368      245
 27.2259       245
 27.25812      245
 27.29034      245
 27.32256      245
 27.32256      245
 27.35478      245
 27.387        245
 27.41922      245
 27.45144      245
 27.45144      245
 27.48366      245
 27.51588      246
 27.5481       246
 27.5481       246
 27.58032      246
 27.61254      247
 27.64476      247
 27.67698      247
 27.67698      248
 27.7092       248
 27.74142      248
 27.77364      249
 27.77364      249
 27.80586      249
 27.83808      250
 27.8703       250
 27.90252      251
 27.90252      251
 27.93474      251
 27.96696      252
 27.99918      252
 27.99918      252
 28.0314       253
 28.06362      253
 28.09584      254
 28.12806      254
 28.12806      254
 28.16028      255
 28.1925       255
 28.22472      256
 28.25694      256
 28.25694      257
 28.28916      257
 28.32138      258
 28.3536       258
 28.3536       259
 28.38582      259
 28.41804      260
 28.45026      260
 28.48248      261
 28.48248      261
 28.5147       262
 28.54692      262
 28.57914      263
 28.57914      264
 28.61136      264
 28.64358      265
 28.6758       266
 28.6758       266
 28.70802      267
