 0             0
 0             0
 0             0
 0             0
 3.222e-002    0
 3.222e-002    0
 9.666e-002    0
 0.12888       0
 0.12888       0
 0.1611        0
 0.19332       0
 0.19332       0
 0.25776       0
 0.25776       0
 0.28998       0
 0.3222        0
 0.3222        0
 0.38664       0
 0.41886       0
 0.41886       0
 0.45108       0
 0.4833        0
 0.4833        0
 0.54774       0
 0.54774       0
 0.57996       0
 0.6444        0
 0.6444        0
 0.67662       0
 0.70884       0
 0.70884       0
 0.77328       0
 0.8055        0
 0.8055        0
 0.83772       0
 0.86994       0
 0.86994       0
 0.93438       0
 0.93438       0
 0.9666        0
 1.03104       0
 1.03104       0
 1.06326       0
 1.09548       0
 1.09548       0
 1.15992       0
 1.19214       0
 1.19214       0
 1.25658       0
 1.25658       0
 1.2888        0
 1.32102       0
 1.35324       0
 1.35324       0
 1.41768       0
 1.41768       0
 1.4499        0
 1.48212       0
 1.51434       0
 1.54656       0
 1.57878       0
 1.57878       0
 1.64322       0
 1.64322       0
 1.67544       0
 1.73988       0
 1.73988       0
 1.7721        0
 1.80432       0
 1.80432       0
 1.86876       0
 1.90098       0
 1.90098       0
 1.9332        0
 1.96542       0
 1.99764       0
 2.02986       0
 2.06208       0
 2.06208       0
 2.12652       0
 2.12652       0
 2.15874       0
 2.19096       0
 2.22318       0
 2.2554        0
 2.28762       0
 2.28762       0
 2.35206       0
 2.35206       0
 2.38428       0
 2.4165        0
 2.44872       0
 2.48094       0
 2.51316       0
 2.54538       0
 2.54538       0
 2.60982       0
 2.60982       0
 2.64204       0
 2.67426       0
 2.70648       0
 2.7387        0
 2.77092       0
 2.77092       0
 2.83536       0
 2.83536       0
 2.86758       0
 2.8998        0
 2.93202       0
 2.96424       0
 2.99646       0
 3.02868       0
 3.0609        0
 3.09312       0
 3.09312       0
 3.12534       0
 3.15756       0
 3.18978       0
 3.25422       0
 3.28644       0
 3.28644       0
 3.35088       0
 3.35088       0
 3.3831        0
 3.41532       0
 3.44754       0
 3.47976       0
 3.51198       0
 3.51198       0
 3.57642       0
 3.57642       0
 3.60864       0
 3.64086       0
 3.67308       0
 3.7053        0
 3.73752       0
 3.76974       0
 3.80196       0
 3.83418       0
 3.8664        0
 3.8664        0
 3.89862       0
 3.96306       0
 3.96306       0
 3.99528       0
 4.0275        0
 4.05972       0
 4.09194       0
 4.12416       0
 4.12416       1
 4.1886        1
 4.1886        1
 4.22082       1
 4.25304       1
 4.28526       1
 4.31748       2
 4.3497        2
 4.38192       2
 4.41414       2
 4.44636       2
 4.44636       3
 4.47858       3
 4.5108        3
 4.54302       3
 4.57524       3
 4.60746       4
 4.63968       4
 4.6719        4
 4.70412       4
 4.70412       5
 4.76856       5
 4.76856       5
 4.80078       6
 4.833         6
 4.86522       6
 4.89744       7
 4.92966       7
 4.96188       7
 4.9941        7
 5.02632       8
 5.02632       8
 5.09076       9
 5.09076       9
 5.12298       9
 5.1552        10
 5.18742       10
 5.21964       10
 5.25186       11
 5.28408       11
 5.3163        12
 5.34852       12
 5.34852       13
 5.41296       13
 5.41296       13
 5.44518       14
 5.4774        14
 5.50962       15
 5.54184       15
 5.57406       16
 5.60628       16
 5.6385        17
 5.67072       17
 5.67072       18
 5.70294       19
 5.73516       19
 5.76738       20
 5.7996        20
 5.83182       21
 5.86404       21
 5.89626       22
 5.92848       23
 5.9607        23
 5.99292       24
 5.99292       25
 6.02514       25
 6.05736       26
 6.08958       27
 6.1218        27
 6.15402       28
 6.18624       29
 6.21846       29
 6.25068       30
 6.2829        31
 6.31512       32
 6.31512       32
 6.34734       33
 6.37956       34
 6.41178       35
 6.444         35
 6.50844       36
 6.54066       37
 6.54066       38
 6.6051        39
 6.6051        39
 6.63732       40
 6.66954       41
 6.70176       42
 6.73398       42
 6.7662        43
 6.79842       44
 6.83064       44
 6.86286       45
 6.89508       46
 6.9273        46
 6.9273        47
 6.95952       47
 6.99174       48
 7.02396       48
 7.05618       48
 7.0884        48
 7.12062       48
 7.15284       48
 7.18506       48
 7.18506       48
 7.2495        48
 7.2495        48
 7.28172       48
 7.31394       47
 7.34616       47
 7.37838       47
 7.4106        46
 7.44282       46
 7.47504       45
 7.50726       45
 7.50726       44
 7.53948       44
 7.5717        43
 7.60392       43
 7.63614       42
 7.66836       42
 7.70058       41
 7.7328        40
 7.76502       40
 7.79724       39
 7.82946       38
 7.82946       38
 7.86168       37
 7.8939        36
 7.92612       36
 7.95834       35
 7.99056       34
 8.02278       34
 8.055         33
 8.08722       32
 8.08722       32
 8.15166       31
 8.15166       31
 8.18388       30
 8.2161        30
 8.24832       29
 8.28054       29
 8.31276       28
 8.34498       28
 8.3772        27
 8.40942       27
 8.40942       27
 8.44164       26
 8.47386       26
 8.50608       26
 8.5383        25
 8.57052       25
 8.60274       25
 8.63496       25
 8.66718       25
 8.6994        25
 8.6994        24
 8.73162       24
 8.76384       24
 8.79606       24
 8.82828       24
 8.8605        24
 8.89272       24
 8.92494       25
 8.95716       25
 8.98938       25
 8.98938       25
 9.0216        25
 9.05382       25
 9.08604       26
 9.11826       26
 9.15048       26
 9.1827        27
 9.21492       27
 9.24714       27
 9.27936       28
 9.27936       28
 9.31158       29
 9.3438        29
 9.37602       30
 9.40824       30
 9.44046       31
 9.47268       31
 9.5049        32
 9.53712       32
 9.53712       33
 9.56934       34
 9.60156       34
 9.63378       35
 9.666         36
 9.69822       36
 9.76266       37
 9.79488       38
 9.79488       38
 9.8271        39
 9.85932       40
 9.89154       41
 9.92376       42
 9.95598       42
 9.9882        43
 10.02042      44
 10.05264      45
 10.05264      46
 10.08486      47
 10.11708      48
 10.1493       49
 10.18152      50
 10.21374      50
 10.24596      51
 10.27818      52
 10.3104       53
 10.34262      54
 10.37484      55
 10.37484      57
 10.40706      58
 10.43928      59
 10.4715       60
 10.50372      61
 10.53594      62
 10.56816      63
 10.60038      64
 10.60038      66
 10.6326       67
 10.66482      68
 10.69704      69
 10.72926      71
 10.76148      72
 10.7937       73
 10.82592      74
 10.85814      76
 10.85814      77
 10.89036      78
 10.92258      80
 10.9548       81
 10.98702      82
 11.01924      84
 11.05146      85
 11.08368      87
 11.1159       88
 11.14812      89
 11.14812      91
 11.18034      92
 11.21256      94
 11.24478      95
 11.277        97
 11.30922      98
 11.34144      101
 11.37366      102
 11.40588      104
 11.40588      105
 11.4381       107
 11.47032      108
 11.50254      110
 11.53476      111
 11.56698      112
 11.5992       114
 11.63142      115
 11.63142      116
 11.66364      118
 11.69586      119
 11.72808      120
 11.7603       121
 11.79252      122
 11.82474      123
 11.85696      123
 11.88918      124
 11.88918      124
 11.9214       125
 11.95362      125
 11.98584      125
 12.01806      125
 12.05028      125
 12.0825       125
 12.11472      124
 12.11472      123
 12.14694      122
 12.17916      120
 12.21138      119
 12.2436       117
 12.27582      116
 12.30804      115
 12.34026      114
 12.37248      112
 12.37248      111
 12.4047       110
 12.43692      109
 12.46914      107
 12.50136      106
 12.53358      105
 12.5658       104
 12.59802      102
 12.59802      101
 12.63024      99
 12.66246      97
 12.69468      96
 12.7269       95
 12.75912      93
 12.79134      92
 12.82356      90
 12.85578      89
 12.85578      87
 12.888        86
 12.92022      85
 12.95244      83
 13.01688      82
 13.0491       81
 13.0491       80
 13.08132      79
 13.11354      78
 13.14576      77
 13.17798      76
 13.2102       75
 13.24242      74
 13.27464      73
 13.27464      72
 13.30686      71
 13.33908      71
 13.3713       70
 13.40352      69
 13.43574      69
 13.46796      68
 13.50018      68
 13.50018      67
 13.5324       67
 13.56462      66
 13.59684      66
 13.62906      65
 13.66128      65
 13.6935       65
 13.72572      65
 13.72572      65
 13.75794      64
 13.79016      64
 13.82238      64
 13.8546       64
 13.88682      64
 13.91904      64
 13.95126      64
 13.95126      64
 13.98348      65
 14.0157       65
 14.04792      65
 14.08014      65
 14.11236      66
 14.14458      66
 14.1768       66
 14.1768       67
 14.20902      67
 14.24124      67
 14.27346      68
 14.30568      68
 14.3379       69
 14.37012      70
 14.37012      70
 14.40234      71
 14.43456      72
 14.46678      72
 14.499        73
 14.53122      74
 14.56344      74
 14.59566      75
 14.59566      76
 14.62788      77
 14.6601       78
 14.69232      79
 14.72454      80
 14.75676      81
 14.78898      81
 14.78898      83
 14.8212       84
 14.85342      85
 14.88564      86
 14.91786      87
 14.95008      88
 14.9823       89
 14.9823       90
 15.01452      91
 15.04674      92
 15.07896      94
 15.11118      95
 15.1434       96
 15.17562      97
 15.20784      99
 15.20784      101
 15.24006      102
 15.27228      104
 15.3045       105
 15.33672      106
 15.36894      108
 15.40116      109
 15.40116      111
 15.43338      112
 15.4656       114
 15.49782      115
 15.53004      117
 15.56226      118
 15.59448      120
 15.6267       121
 15.6267       123
 15.65892      125
 15.69114      126
 15.72336      128
 15.75558      130
 15.7878       131
 15.7878       133
 15.82002      135
 15.85224      137
 15.88446      138
 15.91668      140
 15.9489       142
 15.98112      144
 16.01334      146
 16.01334      148
 16.04556      149
 16.07778      151
 16.11         153
 16.14222      155
 16.17444      157
 16.20666      159
 16.23888      161
 16.2711       163
 16.30332      165
 16.33554      166
 16.36776      168
 16.36776      170
 16.39998      172
 16.4322       174
 16.46442      176
 16.49664      178
 16.52886      179
 16.56108      181
 16.5933       183
 16.5933       184
 16.62552      186
 16.65774      187
 16.68996      189
 16.72218      190
 16.7544       191
 16.7544       192
 16.78662      193
 16.81884      194
 16.85106      195
 16.88328      196
 16.9155       196
 16.9155       197
 16.94772      197
 16.97994      198
 17.01216      198
 17.04438      198
 17.0766       198
 17.10882      198
 17.14104      198
 17.14104      198
 17.17326      197
 17.20548      197
 17.2377       197
 17.26992      196
 17.30214      196
 17.30214      195
 17.33436      194
 17.36658      193
 17.3988       192
 17.43102      191
 17.46324      190
 17.49546      189
 17.49546      188
 17.52768      186
 17.5599       185
 17.59212      183
 17.62434      182
 17.65656      180
 17.68878      179
 17.68878      177
 17.721        175
 17.75322      174
 17.78544      172
 17.81766      170
 17.84988      169
 17.84988      167
 17.8821       166
 17.91432      164
 17.94654      162
 17.97876      161
 18.01098      160
 18.0432       158
 18.0432       157
 18.07542      155
 18.10764      154
 18.13986      153
 18.17208      152
 18.2043       151
 18.2043       149
 18.23652      148
 18.26874      147
 18.30096      146
 18.33318      145
 18.3654       144
 18.3654       144
 18.39762      143
 18.42984      142
 18.46206      141
 18.49428      140
 18.5265       140
 18.55872      139
 18.55872      139
 18.59094      138
 18.62316      138
 18.65538      137
 18.6876       137
 18.71982      137
 18.71982      136
 18.75204      136
 18.78426      136
 18.81648      136
 18.8487       135
 18.88092      135
 18.88092      135
 18.91314      135
 18.94536      135
 18.97758      135
 19.0098       135
 19.04202      135
 19.04202      135
 19.07424      135
 19.10646      135
 19.13868      136
 19.1709       136
 19.20312      136
 19.20312      136
 19.23534      137
 19.26756      137
 19.29978      137
 19.332        138
 19.36422      138
 19.39644      139
 19.39644      139
 19.42866      140
 19.46088      140
 19.52532      141
 19.55754      141
 19.55754      142
 19.58976      143
 19.62198      143
 19.6542       144
 19.68642      145
 19.71864      146
 19.75086      146
 19.75086      147
 19.78308      148
 19.8153       149
 19.84752      150
 19.87974      151
 19.91196      152
 19.91196      153
 19.94418      154
 19.9764       155
 20.00862      156
 20.04084      157
 20.04084      159
 20.07306      160
 20.10528      161
 20.1375       162
 20.16972      164
 20.20194      165
 20.20194      167
 20.23416      168
 20.26638      170
 20.2986       171
 20.33082      173
 20.36304      174
 20.36304      176
 20.39526      177
 20.42748      179
 20.4597       181
 20.49192      182
 20.52414      184
 20.52414      186
 20.55636      188
 20.58858      189
 20.6208       191
 20.65302      193
 20.68524      195
 20.68524      197
 20.71746      199
 20.74968      201
 20.7819       203
 20.81412      206
 20.81412      207
 20.84634      209
 20.87856      212
 20.91078      214
 20.943        216
 20.97522      218
 20.97522      220
 21.00744      222
 21.03966      224
 21.07188      226
 21.1041       229
 21.13632      231
 21.13632      233
 21.16854      235
 21.20076      238
 21.23298      240
 21.2652       242
 21.29742      244
 21.29742      247
 21.32964      249
 21.36186      251
 21.39408      254
 21.4263       256
 21.45852      258
 21.45852      260
 21.49074      262
 21.52296      264
 21.55518      266
 21.5874       269
 21.61962      271
 21.61962      273
 21.65184      275
 21.68406      277
 21.71628      278
 21.7485       280
 21.7485       282
 21.78072      284
 21.81294      286
 21.84516      287
 21.87738      289
 21.9096       291
 21.9096       292
 21.94182      294
 21.97404      295
 22.00626      297
 22.03848      298
 22.0707       299
 22.0707       301
 22.10292      303
 22.13514      304
 22.16736      305
 22.19958      306
 22.19958      307
 22.2318       308
 22.26402      309
 22.29624      310
 22.32846      311
 22.36068      313
 22.36068      314
 22.3929       312
 22.42512      308
 22.45734      305
 22.48956      303
 22.48956      301
 22.52178      299
 22.554        298
 22.58622      296
 22.61844      295
 22.61844      295
 22.65066      294
 22.68288      294
 22.7151       293
 22.77954      293
 22.77954      293
 22.81176      293
 22.84398      292
 22.8762       292
 22.8762       292
 22.90842      292
 22.94064      292
 22.97286      291
 23.00508      291
 23.0373       291
 23.0373       291
 23.06952      290
 23.10174      290
 23.13396      289
 23.16618      289
 23.16618      289
 23.1984       288
 23.23062      288
 23.26284      288
 23.29506      287
 23.32728      287
 23.32728      286
 23.3595       286
 23.39172      285
 23.42394      285
 23.45616      285
 23.45616      285
 23.48838      284
 23.5206       284
 23.55282      284
 23.58504      284
 23.58504      284
 23.61726      284
 23.64948      284
 23.6817       284
 23.71392      284
 23.71392      284
 23.74614      284
 23.77836      285
 23.81058      285
 23.8428       285
 23.8428       285
 23.87502      286
 23.90724      286
 23.93946      286
 23.97168      287
 23.97168      287
 24.0039       288
 24.03612      288
 24.06834      289
 24.10056      289
 24.10056      290
 24.13278      290
 24.165        291
 24.19722      291
 24.22944      292
 24.22944      292
 24.26166      293
 24.29388      293
 24.3261       293
 24.35832      294
 24.35832      294
 24.39054      294
 24.42276      295
 24.45498      295
 24.4872       295
 24.4872       295
 24.51942      295
 24.55164      296
 24.58386      296
 24.61608      296
 24.61608      296
 24.6483       296
 24.68052      295
 24.71274      296
 24.74496      295
 24.74496      295
 24.77718      295
 24.8094       294
 24.84162      294
 24.87384      294
 24.87384      293
 24.90606      293
 24.93828      292
 24.9705       292
 25.00272      291
 25.00272      291
 25.03494      290
 25.06716      290
 25.09938      289
 25.1316       289
 25.1316       289
 25.16382      288
 25.19604      288
 25.22826      288
 25.22826      288
 25.26048      287
 25.2927       287
 25.32492      287
 25.35714      287
 25.35714      287
 25.38936      286
 25.42158      286
 25.4538       286
 25.48602      286
 25.48602      286
 25.51824      285
 25.55046      285
 25.58268      285
 25.6149       285
 25.6149       285
 25.64712      285
 25.67934      285
 25.71156      286
 25.74378      288
 25.74378      290
 25.776        291
 25.80822      291
 25.84044      292
 25.87266      293
 25.87266      293
 25.90488      294
 25.9371       295
 25.96932      296
 26.00154      298
 26.03376      299
 26.06598      299
 26.0982       301
 26.0982       303
 26.13042      304
 26.16264      305
 26.19486      306
 26.22708      307
 26.22708      309
 26.2593       310
 26.29152      311
 26.32374      313
 26.32374      314
 26.35596      315
 26.38818      316
 26.4204       316
 26.45262      317
 26.45262      318
 26.48484      319
 26.51706      320
 26.54928      320
 26.5815       321
 26.5815       321
 26.61372      322
 26.64594      322
 26.67816      322
 26.67816      322
 26.71038      322
 26.7426       322
 26.77482      321
 26.80704      321
 26.80704      321
 26.83926      320
 26.87148      320
 26.9037       319
 26.93592      319
 26.93592      319
 26.96814      318
 27.00036      318
 27.03258      318
 27.03258      317
 27.0648       317
 27.09702      317
 27.12924      317
 27.16146      317
 27.16146      317
 27.19368      317
 27.2259       317
 27.25812      318
 27.25812      318
 27.29034      318
 27.32256      318
 27.35478      319
 27.35478      319
 27.387        320
 27.41922      320
 27.45144      321
 27.48366      321
 27.48366      322
 27.51588      323
 27.5481       323
 27.58032      323
 27.58032      324
 27.61254      325
 27.64476      325
 27.67698      326
 27.7092       326
 27.7092       327
 27.74142      328
 27.77364      328
 27.80586      329
 27.80586      329
 27.83808      330
 27.8703       331
 27.90252      331
 27.93474      331
 27.93474      332
 27.96696      333
 27.99918      333
 27.99918      334
 28.0314       334
 28.06362      335
 28.09584      336
 28.12806      336
 28.12806      337
 28.16028      338
 28.1925       338
 28.22472      339
 28.22472      340
 28.25694      340
