 0             0
 0             0
 0             0
 0             0
 3.222e-002    0
 3.222e-002    0
 6.444e-002    0
 0.12888       0
 0.12888       0
 0.1611        0
 0.19332       0
 0.19332       0
 0.25776       0
 0.25776       0
 0.28998       0
 0.3222        0
 0.35442       0
 0.35442       0
 0.41886       0
 0.41886       0
 0.45108       0
 0.51552       0
 0.51552       0
 0.54774       0
 0.57996       0
 0.57996       0
 0.61218       0
 0.6444        0
 0.67662       0
 0.70884       0
 0.74106       0
 0.74106       0
 0.8055        0
 0.8055        0
 0.83772       0
 0.90216       0
 0.90216       0
 0.93438       0
 0.9666        0
 0.9666        0
 0.99882       0
 1.06326       0
 1.06326       0
 1.09548       0
 1.1277        0
 1.15992       0
 1.19214       0
 1.22436       0
 1.22436       0
 1.2888        0
 1.2888        0
 1.32102       0
 1.38546       0
 1.38546       0
 1.41768       0
 1.4499        0
 1.4499        0
 1.51434       0
 1.54656       0
 1.54656       0
 1.57878       0
 1.611         0
 1.64322       0
 1.67544       0
 1.70766       0
 1.70766       0
 1.7721        0
 1.7721        0
 1.80432       0
 1.86876       0
 1.86876       0
 1.90098       0
 1.9332        0
 1.96542       0
 1.99764       0
 2.02986       0
 2.02986       0
 2.06208       0
 2.0943        0
 2.12652       0
 2.15874       0
 2.19096       0
 2.19096       0
 2.2554        0
 2.2554        0
 2.28762       0
 2.35206       0
 2.35206       0
 2.38428       0
 2.4165        0
 2.44872       0
 2.48094       0
 2.51316       0
 2.51316       0
 2.5776        0
 2.5776        0
 2.60982       0
 2.64204       0
 2.67426       0
 2.70648       0
 2.7387        0
 2.77092       0
 2.77092       0
 2.83536       0
 2.83536       0
 2.86758       0
 2.8998        0
 2.93202       0
 2.96424       0
 2.99646       0
 3.02868       0
 3.0609        0
 3.09312       0
 3.09312       0
 3.15756       0
 3.15756       0
 3.18978       0
 3.25422       0
 3.28644       0
 3.28644       0
 3.35088       0
 3.35088       0
 3.3831        0
 3.41532       0
 3.44754       0
 3.47976       0
 3.51198       0
 3.5442        0
 3.57642       0
 3.60864       0
 3.60864       0
 3.67308       0
 3.67308       0
 3.7053        0
 3.73752       0
 3.76974       0
 3.80196       0
 3.83418       0
 3.8664        0
 3.89862       0
 3.93084       1
 3.93084       1
 3.96306       1
 3.99528       1
 4.0275        1
 4.05972       1
 4.09194       1
 4.12416       1
 4.15638       2
 4.1886        2
 4.1886        2
 4.25304       2
 4.25304       2
 4.28526       2
 4.31748       3
 4.3497        3
 4.38192       3
 4.41414       3
 4.44636       3
 4.47858       4
 4.5108        4
 4.54302       4
 4.57524       4
 4.60746       4
 4.60746       5
 4.6719        5
 4.6719        5
 4.70412       5
 4.73634       6
 4.76856       6
 4.80078       6
 4.833         6
 4.86522       7
 4.89744       7
 4.92966       7
 4.92966       8
 4.96188       8
 4.9941        8
 5.02632       8
 5.05854       9
 5.09076       9
 5.12298       9
 5.1552        10
 5.18742       10
 5.21964       10
 5.25186       11
 5.25186       11
 5.28408       12
 5.3163        12
 5.34852       12
 5.38074       13
 5.41296       13
 5.44518       13
 5.4774        14
 5.50962       14
 5.54184       15
 5.57406       15
 5.60628       16
 5.60628       16
 5.67072       16
 5.67072       17
 5.70294       17
 5.73516       18
 5.76738       18
 5.7996        19
 5.83182       19
 5.86404       20
 5.89626       20
 5.92848       21
 5.9607        21
 5.99292       22
 5.99292       22
 6.02514       23
 6.05736       24
 6.08958       24
 6.1218        25
 6.15402       25
 6.18624       26
 6.21846       26
 6.25068       27
 6.2829        28
 6.31512       28
 6.34734       29
 6.34734       29
 6.37956       30
 6.41178       31
 6.444         31
 6.50844       32
 6.54066       33
 6.57288       33
 6.6051        34
 6.63732       35
 6.63732       35
 6.70176       36
 6.70176       37
 6.73398       37
 6.7662        38
 6.79842       39
 6.83064       39
 6.86286       40
 6.89508       40
 6.9273        41
 6.95952       42
 6.99174       42
 7.02396       43
 7.02396       43
 7.05618       44
 7.0884        44
 7.12062       44
 7.15284       45
 7.18506       45
 7.21728       45
 7.2495        45
 7.28172       45
 7.31394       45
 7.34616       45
 7.37838       45
 7.37838       45
 7.4106        45
 7.44282       45
 7.47504       44
 7.50726       44
 7.53948       44
 7.5717        43
 7.60392       43
 7.63614       43
 7.66836       42
 7.70058       42
 7.70058       41
 7.7328        41
 7.76502       41
 7.79724       40
 7.82946       40
 7.86168       39
 7.8939        39
 7.92612       38
 7.95834       38
 7.99056       37
 8.02278       37
 8.055         36
 8.055         36
 8.08722       35
 8.11944       35
 8.15166       34
 8.18388       34
 8.2161        33
 8.24832       33
 8.28054       32
 8.31276       32
 8.34498       32
 8.3772        31
 8.3772        31
 8.40942       31
 8.44164       30
 8.47386       30
 8.50608       30
 8.5383        30
 8.57052       30
 8.60274       29
 8.63496       29
 8.66718       29
 8.6994        29
 8.6994        29
 8.73162       29
 8.76384       29
 8.79606       29
 8.82828       29
 8.8605        29
 8.89272       29
 8.92494       29
 8.95716       29
 8.98938       29
 9.0216        29
 9.05382       29
 9.05382       29
 9.08604       29
 9.11826       30
 9.15048       30
 9.1827        30
 9.21492       30
 9.24714       30
 9.27936       31
 9.31158       31
 9.3438        31
 9.37602       32
 9.37602       32
 9.40824       32
 9.44046       33
 9.47268       33
 9.5049        33
 9.53712       34
 9.56934       34
 9.60156       35
 9.63378       35
 9.666         36
 9.69822       36
 9.73044       37
 9.76266       37
 9.79488       38
 9.8271        38
 9.85932       39
 9.89154       39
 9.92376       40
 9.95598       40
 9.9882        41
 9.9882        42
 10.02042      42
 10.05264      43
 10.08486      44
 10.11708      44
 10.1493       45
 10.18152      46
 10.21374      46
 10.24596      47
 10.27818      48
 10.3104       49
 10.3104       49
 10.34262      50
 10.37484      51
 10.40706      52
 10.43928      52
 10.4715       53
 10.50372      54
 10.53594      55
 10.56816      56
 10.56816      56
 10.60038      57
 10.6326       58
 10.66482      59
 10.69704      60
 10.72926      61
 10.76148      62
 10.7937       63
 10.82592      64
 10.85814      65
 10.89036      66
 10.89036      66
 10.92258      67
 10.9548       68
 10.98702      69
 11.01924      70
 11.05146      71
 11.08368      72
 11.1159       73
 11.14812      74
 11.14812      75
 11.18034      76
 11.21256      78
 11.24478      79
 11.277        80
 11.30922      81
 11.34144      82
 11.37366      83
 11.40588      84
 11.4381       85
 11.4381       86
 11.47032      87
 11.50254      88
 11.53476      90
 11.56698      91
 11.5992       92
 11.63142      93
 11.66364      94
 11.69586      95
 11.69586      96
 11.72808      97
 11.7603       98
 11.79252      99
 11.82474      101
 11.85696      102
 11.88918      103
 11.9214       104
 11.95362      105
 11.98584      106
 12.01806      106
 12.01806      107
 12.05028      108
 12.0825       108
 12.11472      109
 12.14694      110
 12.17916      110
 12.21138      110
 12.2436       111
 12.27582      111
 12.27582      111
 12.30804      111
 12.34026      111
 12.37248      111
 12.4047       111
 12.43692      111
 12.46914      111
 12.50136      111
 12.53358      110
 12.53358      110
 12.5658       110
 12.59802      109
 12.63024      108
 12.66246      108
 12.69468      107
 12.7269       106
 12.75912      105
 12.75912      104
 12.79134      103
 12.82356      102
 12.85578      101
 12.888        100
 12.92022      99
 12.95244      98
 13.01688      97
 13.01688      96
 13.0491       95
 13.08132      94
 13.11354      93
 13.14576      92
 13.17798      91
 13.2102       91
 13.24242      90
 13.27464      89
 13.27464      88
 13.30686      87
 13.33908      87
 13.3713       86
 13.40352      85
 13.43574      85
 13.46796      84
 13.50018      83
 13.5324       83
 13.5324       83
 13.56462      82
 13.59684      82
 13.62906      82
 13.66128      81
 13.6935       81
 13.72572      81
 13.75794      81
 13.79016      81
 13.79016      80
 13.82238      80
 13.8546       80
 13.88682      80
 13.91904      80
 13.95126      80
 13.98348      80
 14.0157       80
 14.04792      81
 14.08014      81
 14.08014      81
 14.11236      81
 14.14458      81
 14.1768       81
 14.20902      81
 14.24124      82
 14.27346      82
 14.30568      82
 14.30568      83
 14.3379       83
 14.37012      83
 14.40234      84
 14.43456      84
 14.46678      84
 14.499        85
 14.53122      85
 14.53122      86
 14.56344      86
 14.59566      86
 14.62788      87
 14.6601       87
 14.69232      88
 14.72454      89
 14.72454      89
 14.75676      90
 14.78898      90
 14.8212       91
 14.85342      92
 14.88564      92
 14.91786      93
 14.95008      94
 14.9823       94
 14.9823       95
 15.01452      96
 15.04674      97
 15.07896      97
 15.11118      98
 15.1434       99
 15.17562      101
 15.20784      101
 15.20784      102
 15.24006      103
 15.27228      104
 15.3045       105
 15.33672      106
 15.36894      107
 15.40116      108
 15.43338      109
 15.43338      110
 15.4656       111
 15.49782      112
 15.53004      113
 15.56226      114
 15.59448      115
 15.6267       116
 15.65892      117
 15.65892      118
 15.69114      119
 15.72336      120
 15.75558      121
 15.7878       122
 15.82002      124
 15.85224      125
 15.88446      126
 15.88446      127
 15.91668      128
 15.9489       129
 15.98112      131
 16.01334      132
 16.04556      133
 16.07778      134
 16.07778      136
 16.11         137
 16.14222      138
 16.17444      139
 16.20666      141
 16.2711       142
 16.30332      143
 16.30332      145
 16.33554      146
 16.36776      147
 16.39998      149
 16.4322       150
 16.46442      151
 16.49664      152
 16.49664      154
 16.52886      155
 16.56108      156
 16.5933       158
 16.62552      159
 16.65774      160
 16.68996      162
 16.72218      163
 16.72218      164
 16.7544       165
 16.78662      167
 16.81884      168
 16.85106      169
 16.88328      170
 16.9155       171
 16.9155       172
 16.94772      174
 16.97994      175
 17.01216      176
 17.04438      177
 17.0766       178
 17.10882      179
 17.10882      180
 17.14104      181
 17.17326      182
 17.20548      182
 17.2377       183
 17.26992      184
 17.30214      185
 17.33436      186
 17.33436      186
 17.36658      187
 17.3988       188
 17.43102      188
 17.46324      189
 17.49546      189
 17.52768      189
 17.52768      190
 17.5599       190
 17.59212      190
 17.62434      190
 17.65656      191
 17.68878      191
 17.721        191
 17.721        191
 17.75322      191
 17.78544      191
 17.81766      191
 17.84988      190
 17.8821       190
 17.91432      190
 17.91432      190
 17.94654      190
 17.97876      189
 18.01098      189
 18.0432       189
 18.07542      189
 18.10764      187
 18.10764      186
 18.13986      185
 18.17208      184
 18.2043       183
 18.23652      182
 18.26874      181
 18.26874      180
 18.30096      179
 18.33318      179
 18.3654       178
 18.39762      177
 18.42984      176
 18.46206      176
 18.46206      175
 18.49428      174
 18.5265       174
 18.55872      173
 18.59094      173
 18.62316      172
 18.65538      172
 18.65538      171
 18.6876       170
 18.71982      170
 18.75204      170
 18.78426      169
 18.81648      168
 18.81648      168
 18.8487       167
 18.88092      167
 18.91314      166
 18.94536      166
 18.97758      166
 19.0098       165
 19.0098       165
 19.04202      165
 19.07424      165
 19.10646      165
 19.13868      165
 19.1709       165
 19.20312      165
 19.20312      165
 19.23534      165
 19.26756      166
 19.29978      166
 19.332        166
 19.36422      167
 19.36422      167
 19.39644      167
 19.42866      168
 19.46088      168
 19.52532      168
 19.55754      169
 19.55754      169
 19.58976      169
 19.62198      169
 19.6542       169
 19.68642      169
 19.71864      169
 19.71864      169
 19.75086      169
 19.78308      169
 19.8153       168
 19.84752      168
 19.87974      167
 19.91196      167
 19.91196      166
 19.94418      165
 19.9764       164
 20.00862      163
 20.04084      162
 20.07306      161
 20.07306      159
 20.10528      158
 20.1375       156
 20.16972      155
 20.20194      153
 20.23416      152
 20.23416      150
 20.26638      149
 20.2986       147
 20.33082      146
 20.36304      145
 20.39526      143
 20.42748      142
 20.42748      141
 20.4597       140
 20.49192      139
 20.52414      138
 20.55636      137
 20.58858      136
 20.58858      135
 20.6208       135
 20.65302      134
 20.68524      134
 20.71746      133
 20.74968      133
 20.7819       132
 20.7819       132
 20.81412      132
 20.84634      132
 20.87856      131
 20.91078      131
 20.943        131
 20.943        131
 20.97522      131
 21.00744      131
 21.03966      131
 21.07188      131
 21.07188      131
 21.1041       131
 21.13632      132
 21.16854      132
 21.20076      132
 21.23298      132
 21.23298      132
 21.2652       133
 21.29742      133
 21.32964      133
 21.36186      133
 21.39408      134
 21.39408      134
 21.4263       135
 21.45852      135
 21.49074      135
 21.52296      136
 21.55518      136
 21.55518      137
 21.5874       137
 21.61962      138
 21.65184      138
 21.68406      139
 21.71628      139
 21.7485       139
 21.7485       140
 21.78072      140
 21.81294      141
 21.84516      142
 21.87738      142
 21.9096       142
 21.9096       143
 21.94182      143
 21.97404      144
 22.00626      144
 22.03848      145
 22.03848      145
 22.0707       145
 22.10292      146
 22.13514      146
 22.16736      146
 22.19958      147
 22.2318       147
 22.2318       147
 22.26402      147
 22.29624      148
 22.32846      148
 22.36068      148
 22.36068      149
 22.3929       149
 22.42512      149
 22.45734      149
 22.48956      150
 22.52178      150
 22.52178      150
 22.554        150
 22.58622      151
 22.61844      150
 22.65066      148
 22.65066      147
 22.68288      146
 22.7151       145
 22.77954      145
 22.81176      145
 22.81176      144
 22.84398      144
 22.8762       144
 22.90842      144
 22.94064      144
 22.94064      144
 22.97286      145
 23.00508      145
 23.0373       145
 23.06952      145
 23.06952      145
 23.10174      145
 23.13396      145
 23.16618      145
 23.1984       145
 23.23062      145
 23.23062      145
 23.26284      145
 23.29506      145
 23.32728      145
 23.3595       145
 23.39172      145
 23.39172      145
 23.42394      145
 23.45616      145
 23.48838      145
 23.5206       145
 23.55282      145
 23.55282      145
 23.58504      145
 23.61726      145
 23.64948      145
 23.6817       145
 23.6817       145
 23.71392      145
 23.74614      145
 23.77836      145
 23.81058      146
 23.81058      146
 23.8428       146
 23.87502      146
 23.90724      147
 23.93946      147
 23.97168      147
 23.97168      147
 24.0039       148
 24.03612      148
 24.06834      149
 24.10056      149
 24.10056      150
 24.13278      150
 24.165        151
 24.19722      151
 24.22944      152
 24.26166      152
 24.26166      152
 24.29388      153
 24.3261       153
 24.35832      153
 24.39054      154
 24.39054      154
 24.42276      154
 24.45498      155
 24.4872       155
 24.51942      155
 24.55164      155
 24.55164      155
 24.58386      155
 24.61608      156
 24.6483       156
 24.68052      156
 24.68052      156
 24.71274      156
 24.74496      156
 24.77718      156
 24.8094       156
 24.84162      156
 24.84162      155
 24.87384      155
 24.90606      155
 24.93828      155
 24.9705       155
 24.9705       155
 25.00272      154
 25.03494      154
 25.06716      154
 25.06716      154
 25.09938      154
 25.1316       153
 25.16382      153
 25.19604      153
 25.19604      153
 25.22826      152
 25.26048      152
 25.2927       152
 25.32492      152
 25.35714      152
 25.35714      151
 25.38936      151
 25.42158      151
 25.4538       151
 25.48602      150
 25.48602      150
 25.51824      150
 25.55046      150
 25.58268      150
 25.6149       149
 25.6149       149
 25.64712      149
 25.67934      149
 25.71156      149
 25.71156      149
 25.74378      149
 25.776        149
 25.80822      149
 25.84044      149
 25.87266      149
 25.87266      149
 25.90488      149
 25.9371       149
 25.96932      149
 26.00154      150
 26.03376      150
 26.06598      150
 26.0982       150
 26.0982       151
 26.13042      151
 26.16264      151
 26.19486      152
 26.22708      152
 26.2593       153
 26.2593       153
 26.29152      153
 26.32374      153
 26.35596      154
 26.38818      154
 26.38818      155
 26.4204       155
 26.45262      155
 26.48484      156
 26.48484      156
 26.51706      156
 26.54928      157
 26.5815       157
 26.61372      157
 26.61372      157
 26.64594      157
 26.67816      157
 26.71038      157
 26.7426       157
 26.7426       157
 26.77482      157
 26.80704      156
 26.83926      156
 26.83926      156
 26.87148      155
 26.9037       155
 26.93592      154
 26.96814      154
 26.96814      154
 27.00036      152
 27.03258      152
 27.0648       151
 27.09702      151
 27.09702      150
 27.12924      150
 27.16146      150
 27.19368      150
 27.2259       149
 27.2259       149
 27.25812      149
 27.29034      149
 27.32256      149
 27.35478      149
 27.35478      149
 27.387        149
 27.41922      149
 27.45144      149
 27.45144      149
 27.48366      149
 27.51588      149
 27.5481       149
 27.5481       149
 27.58032      149
 27.61254      150
 27.64476      150
 27.67698      150
 27.7092       150
 27.7092       150
 27.74142      150
 27.77364      151
 27.80586      151
 27.80586      151
 27.83808      151
 27.8703       151
 27.90252      152
 27.90252      152
 27.93474      152
 27.96696      152
 27.99918      153
 27.99918      153
 28.0314       153
 28.06362      153
 28.09584      153
 28.12806      154
 28.12806      154
 28.16028      154
 28.1925       154
 28.22472      155
 28.25694      155
 28.25694      155
 28.28916      155
 28.32138      156
 28.3536       156
 28.3536       156
 28.38582      156
 28.41804      157
 28.45026      157
 28.48248      157
 28.48248      157
 28.5147       158
 28.54692      158
 28.57914      158
