 0             0
 0             0
 0             0
 3.222e-002    0
 3.222e-002    0
 6.444e-002    0
 9.666e-002    0
 9.666e-002    0
 0.12888       0
 0.1611        0
 0.1611        0
 0.22554       0
 0.22554       0
 0.25776       0
 0.3222        0
 0.3222        0
 0.3222        0
 0.38664       0
 0.38664       0
 0.41886       0
 0.45108       0
 0.45108       0
 0.51552       0
 0.54774       0
 0.54774       0
 0.57996       0
 0.61218       0
 0.61218       0
 0.67662       0
 0.67662       0
 0.70884       0
 0.74106       0
 0.77328       0
 0.77328       0
 0.83772       0
 0.83772       0
 0.86994       0
 0.90216       0
 0.90216       0
 0.9666        0
 0.9666        0
 0.99882       0
 1.03104       0
 1.06326       0
 1.06326       0
 1.1277        0
 1.1277        0
 1.15992       0
 1.19214       0
 1.22436       0
 1.25658       0
 1.2888        0
 1.2888        0
 1.32102       0
 1.35324       0
 1.38546       0
 1.41768       0
 1.4499        0
 1.4499        0
 1.51434       0
 1.51434       0
 1.54656       0
 1.57878       0
 1.57878       0
 1.611         0
 1.67544       0
 1.67544       0
 1.70766       0
 1.73988       0
 1.73988       0
 1.80432       0
 1.83654       0
 1.83654       0
 1.90098       0
 1.90098       0
 1.9332        0
 1.96542       0
 1.96542       0
 1.99764       0
 2.06208       0
 2.06208       0
 2.0943        0
 2.12652       0
 2.12652       0
 2.19096       0
 2.19096       0
 2.22318       0
 2.2554        0
 2.28762       0
 2.28762       0
 2.35206       0
 2.35206       0
 2.38428       0
 2.4165        0
 2.44872       0
 2.48094       0
 2.51316       0
 2.51316       0
 2.5776        0
 2.5776        0
 2.60982       0
 2.64204       0
 2.67426       0
 2.67426       0
 2.7387        0
 2.7387        0
 2.77092       0
 2.80314       0
 2.83536       0
 2.86758       0
 2.8998        0
 2.8998        0
 2.93202       0
 2.96424       0
 2.99646       0
 3.02868       0
 3.0609        0
 3.0609        0
 3.12534       0
 3.12534       0
 3.15756       0
 3.18978       0
 3.222         0
 3.25422       0
 3.31866       0
 3.31866       0
 3.35088       0
 3.3831        0
 3.41532       0
 3.44754       0
 3.47976       0
 3.47976       0
 3.51198       0
 3.5442        0
 3.57642       0
 3.60864       0
 3.64086       0
 3.64086       0
 3.7053        0
 3.7053        0
 3.73752       0
 3.76974       0
 3.80196       0
 3.83418       0
 3.8664        0
 3.8664        0
 3.89862       0
 3.93084       0
 3.96306       0
 3.99528       0
 4.0275        0
 4.0275        0
 4.09194       0
 4.09194       0
 4.12416       0
 4.15638       0
 4.1886        0
 4.22082       0
 4.25304       0
 4.25304       0
 4.28526       0
 4.31748       0
 4.3497        1
 4.38192       1
 4.41414       1
 4.44636       1
 4.47858       1
 4.47858       1
 4.5108        1
 4.54302       1
 4.57524       2
 4.60746       2
 4.63968       2
 4.6719        2
 4.70412       2
 4.70412       2
 4.73634       3
 4.76856       3
 4.80078       3
 4.833         3
 4.86522       3
 4.89744       3
 4.89744       4
 4.96188       4
 4.96188       4
 4.9941        4
 5.02632       4
 5.05854       5
 5.09076       5
 5.12298       5
 5.12298       5
 5.1552        5
 5.18742       6
 5.21964       6
 5.25186       6
 5.28408       6
 5.3163        7
 5.34852       7
 5.34852       7
 5.38074       8
 5.41296       8
 5.44518       8
 5.4774        8
 5.50962       9
 5.54184       9
 5.57406       9
 5.57406       10
 5.60628       10
 5.6385        10
 5.67072       11
 5.70294       11
 5.73516       11
 5.76738       12
 5.76738       12
 5.83182       12
 5.83182       13
 5.86404       13
 5.89626       14
 5.92848       14
 5.9607        14
 5.99292       15
 5.99292       15
 6.05736       16
 6.05736       16
 6.08958       17
 6.1218        17
 6.15402       17
 6.18624       18
 6.21846       18
 6.21846       19
 6.25068       19
 6.2829        20
 6.31512       20
 6.34734       21
 6.37956       21
 6.41178       22
 6.444         22
 6.47622       23
 6.50844       23
 6.54066       24
 6.57288       24
 6.6051        25
 6.63732       25
 6.63732       26
 6.66954       27
 6.70176       27
 6.73398       27
 6.7662        28
 6.79842       28
 6.83064       29
 6.86286       29
 6.89508       29
 6.89508       30
 6.9273        30
 6.95952       30
 6.99174       31
 7.02396       31
 7.05618       31
 7.05618       31
 7.12062       31
 7.12062       31
 7.15284       31
 7.18506       31
 7.21728       31
 7.2495        31
 7.28172       31
 7.28172       31
 7.31394       30
 7.34616       30
 7.37838       30
 7.4106        30
 7.44282       29
 7.47504       29
 7.50726       29
 7.50726       28
 7.53948       28
 7.5717        28
 7.60392       27
 7.63614       27
 7.66836       27
 7.70058       26
 7.7328        26
 7.76502       25
 7.76502       25
 7.79724       24
 7.82946       24
 7.86168       24
 7.8939        23
 7.92612       23
 7.95834       22
 7.99056       22
 7.99056       21
 8.02278       21
 8.055         20
 8.08722       20
 8.11944       20
 8.15166       19
 8.15166       19
 8.18388       19
 8.2161        18
 8.24832       18
 8.28054       18
 8.31276       17
 8.34498       17
 8.3772        17
 8.3772        17
 8.40942       16
 8.44164       16
 8.47386       16
 8.50608       16
 8.5383        16
 8.57052       16
 8.60274       15
 8.60274       15
 8.63496       15
 8.66718       15
 8.6994        15
 8.73162       15
 8.76384       15
 8.79606       15
 8.79606       15
 8.82828       15
 8.8605        15
 8.89272       15
 8.92494       15
 8.95716       15
 8.98938       16
 9.0216        16
 9.0216        16
 9.05382       16
 9.08604       16
 9.11826       17
 9.15048       17
 9.1827        17
 9.21492       17
 9.24714       17
 9.24714       18
 9.27936       18
 9.31158       18
 9.3438        19
 9.37602       19
 9.40824       19
 9.40824       20
 9.44046       20
 9.47268       20
 9.5049        21
 9.53712       21
 9.56934       22
 9.60156       22
 9.63378       23
 9.63378       23
 9.666         24
 9.69822       24
 9.76266       25
 9.79488       25
 9.8271        26
 9.8271        26
 9.85932       27
 9.89154       27
 9.92376       28
 9.95598       28
 9.9882        29
 10.02042      30
 10.05264      30
 10.05264      31
 10.08486      32
 10.11708      32
 10.1493       33
 10.18152      34
 10.21374      34
 10.24596      35
 10.24596      36
 10.27818      37
 10.3104       37
 10.34262      38
 10.37484      39
 10.40706      40
 10.43928      40
 10.43928      41
 10.4715       42
 10.50372      43
 10.53594      44
 10.56816      45
 10.60038      45
 10.6326       46
 10.6326       47
 10.66482      48
 10.69704      49
 10.72926      50
 10.76148      51
 10.7937       52
 10.82592      53
 10.82592      54
 10.85814      55
 10.89036      56
 10.92258      57
 10.9548       58
 10.98702      59
 11.01924      60
 11.01924      61
 11.05146      62
 11.08368      63
 11.1159       64
 11.14812      65
 11.18034      66
 11.21256      67
 11.21256      68
 11.24478      69
 11.277        71
 11.30922      72
 11.34144      73
 11.37366      74
 11.40588      75
 11.40588      76
 11.4381       77
 11.47032      78
 11.50254      79
 11.53476      80
 11.56698      81
 11.56698      82
 11.5992       83
 11.63142      84
 11.66364      85
 11.69586      86
 11.72808      86
 11.7603       87
 11.79252      87
 11.79252      88
 11.82474      88
 11.85696      88
 11.88918      89
 11.9214       89
 11.95362      89
 11.95362      89
 11.98584      88
 12.01806      88
 12.05028      88
 12.0825       87
 12.11472      87
 12.14694      86
 12.14694      85
 12.17916      85
 12.21138      84
 12.2436       83
 12.27582      82
 12.30804      81
 12.34026      80
 12.34026      80
 12.37248      79
 12.4047       78
 12.43692      77
 12.46914      76
 12.50136      75
 12.50136      74
 12.53358      73
 12.5658       72
 12.59802      70
 12.63024      69
 12.66246      68
 12.69468      67
 12.69468      66
 12.7269       65
 12.75912      63
 12.79134      62
 12.82356      61
 12.85578      60
 12.85578      59
 12.888        58
 12.92022      57
 12.95244      56
 13.01688      55
 13.0491       54
 13.0491       53
 13.08132      52
 13.11354      51
 13.14576      51
 13.17798      50
 13.2102       49
 13.2102       48
 13.24242      48
 13.27464      47
 13.30686      46
 13.33908      46
 13.3713       45
 13.40352      45
 13.40352      44
 13.43574      44
 13.46796      43
 13.50018      43
 13.5324       43
 13.56462      42
 13.56462      42
 13.59684      42
 13.62906      41
 13.66128      41
 13.6935       41
 13.72572      41
 13.72572      41
 13.75794      41
 13.79016      41
 13.82238      41
 13.8546       41
 13.88682      41
 13.88682      41
 13.91904      41
 13.95126      41
 13.98348      41
 14.0157       42
 14.04792      42
 14.04792      42
 14.08014      42
 14.11236      43
 14.14458      43
 14.1768       43
 14.20902      44
 14.24124      44
 14.24124      45
 14.27346      45
 14.30568      46
 14.3379       46
 14.37012      47
 14.40234      47
 14.40234      48
 14.43456      48
 14.46678      49
 14.499        50
 14.53122      50
 14.56344      51
 14.56344      52
 14.59566      53
 14.62788      53
 14.6601       54
 14.69232      55
 14.72454      56
 14.72454      56
 14.75676      57
 14.78898      58
 14.8212       59
 14.85342      60
 14.88564      61
 14.88564      62
 14.91786      63
 14.95008      64
 14.9823       65
 15.01452      66
 15.04674      67
 15.04674      68
 15.07896      69
 15.11118      70
 15.1434       71
 15.17562      72
 15.20784      73
 15.20784      74
 15.24006      75
 15.27228      77
 15.3045       78
 15.33672      79
 15.36894      80
 15.36894      81
 15.40116      83
 15.43338      84
 15.4656       85
 15.49782      86
 15.53004      88
 15.53004      89
 15.56226      90
 15.59448      92
 15.6267       93
 15.65892      94
 15.69114      96
 15.69114      97
 15.72336      98
 15.75558      101
 15.7878       102
 15.82002      103
 15.85224      105
 15.85224      106
 15.88446      108
 15.91668      109
 15.9489       111
 15.98112      112
 15.98112      114
 16.01334      115
 16.04556      117
 16.07778      119
 16.11         120
 16.14222      122
 16.14222      123
 16.17444      125
 16.23888      126
 16.2711       128
 16.30332      129
 16.30332      131
 16.33554      132
 16.36776      134
 16.39998      135
 16.4322       137
 16.46442      138
 16.46442      139
 16.49664      141
 16.52886      142
 16.56108      143
 16.5933       144
 16.62552      145
 16.62552      146
 16.65774      147
 16.68996      148
 16.72218      149
 16.7544       149
 16.7544       150
 16.78662      150
 16.81884      151
 16.85106      151
 16.88328      151
 16.88328      151
 16.9155       151
 16.94772      151
 16.97994      151
 17.01216      151
 17.04438      150
 17.04438      150
 17.0766       149
 17.10882      149
 17.14104      148
 17.17326      148
 17.20548      147
 17.20548      146
 17.2377       145
 17.26992      144
 17.30214      143
 17.33436      142
 17.33436      141
 17.36658      140
 17.3988       139
 17.43102      138
 17.46324      137
 17.46324      135
 17.49546      134
 17.52768      132
 17.5599       131
 17.59212      129
 17.62434      128
 17.62434      126
 17.65656      125
 17.68878      123
 17.721        122
 17.75322      120
 17.75322      118
 17.78544      117
 17.81766      116
 17.84988      114
 17.8821       113
 17.8821       111
 17.91432      110
 17.94654      109
 17.97876      108
 18.01098      106
 18.0432       105
 18.0432       104
 18.07542      102
 18.10764      101
 18.13986      100
 18.17208      98
 18.17208      98
 18.2043       97
 18.23652      96
 18.26874      95
 18.30096      94
 18.33318      93
 18.33318      92
 18.3654       92
 18.39762      91
 18.42984      90
 18.46206      90
 18.46206      89
 18.49428      89
 18.5265       88
 18.55872      88
 18.59094      87
 18.59094      87
 18.62316      87
 18.65538      87
 18.6876       86
 18.71982      86
 18.75204      86
 18.75204      86
 18.78426      85
 18.81648      85
 18.8487       85
 18.8487       85
 18.88092      85
 18.91314      85
 18.94536      85
 18.97758      85
 18.97758      85
 19.0098       85
 19.04202      86
 19.07424      86
 19.10646      86
 19.13868      86
 19.13868      86
 19.1709       87
 19.20312      87
 19.23534      87
 19.26756      88
 19.26756      88
 19.29978      89
 19.332        89
 19.36422      90
 19.39644      90
 19.39644      91
 19.42866      91
 19.46088      92
 19.52532      92
 19.52532      93
 19.55754      93
 19.58976      94
 19.62198      95
 19.6542       96
 19.6542       96
 19.68642      97
 19.71864      98
 19.75086      99
 19.78308      100
 19.8153       101
 19.8153       102
 19.84752      103
 19.87974      104
 19.91196      105
 19.94418      106
 19.94418      107
 19.9764       108
 20.00862      109
 20.04084      110
 20.07306      112
 20.07306      113
 20.10528      114
 20.1375       115
 20.16972      116
 20.20194      118
 20.20194      119
 20.23416      120
 20.26638      121
 20.2986       123
 20.33082      124
 20.33082      125
 20.36304      127
 20.39526      128
 20.42748      130
 20.4597       131
 20.4597       133
 20.49192      134
 20.52414      136
 20.55636      137
 20.58858      139
 20.58858      140
 20.6208       142
 20.65302      144
 20.68524      145
 20.68524      147
 20.71746      148
 20.74968      150
 20.7819       152
 20.81412      154
 20.81412      155
 20.84634      157
 20.87856      159
 20.91078      161
 20.943        162
 20.97522      164
 20.97522      166
 21.00744      168
 21.03966      170
 21.07188      171
 21.07188      173
 21.1041       175
 21.13632      177
 21.16854      179
 21.20076      181
 21.20076      182
 21.23298      184
 21.2652       186
 21.29742      188
 21.32964      189
 21.32964      191
 21.36186      193
 21.39408      195
 21.4263       196
 21.45852      198
 21.45852      199
 21.49074      202
 21.52296      203
 21.55518      205
 21.55518      206
 21.5874       207
 21.61962      209
 21.65184      210
 21.68406      211
 21.68406      212
 21.71628      213
 21.7485       214
 21.78072      215
 21.81294      216
 21.81294      216
 21.84516      217
 21.87738      218
 21.9096       218
 21.9096       219
 21.94182      219
 21.97404      220
 22.00626      220
 22.03848      220
 22.03848      220
 22.0707       221
 22.10292      221
 22.13514      221
 22.16736      220
 22.16736      220
 22.19958      220
 22.2318       220
 22.26402      219
 22.26402      219
 22.29624      218
 22.32846      218
 22.36068      217
 22.3929       216
 22.3929       215
 22.42512      215
 22.45734      214
 22.48956      213
 22.52178      212
 22.52178      211
 22.554        209
 22.58622      208
 22.61844      207
 22.61844      206
 22.65066      205
 22.68288      204
 22.7151       203
 22.77954      202
 22.77954      200
 22.81176      198
 22.84398      197
 22.8762       196
 22.8762       195
 22.90842      194
 22.94064      193
 22.97286      192
 22.97286      191
 23.00508      190
 23.0373       189
 23.06952      188
 23.06952      187
 23.10174      186
 23.13396      185
 23.16618      184
 23.1984       183
 23.1984       182
 23.23062      182
 23.26284      181
 23.29506      180
 23.32728      179
 23.32728      179
 23.3595       178
 23.39172      178
 23.42394      177
 23.42394      176
 23.45616      176
 23.48838      176
 23.5206       175
 23.55282      175
 23.55282      174
 23.58504      174
 23.61726      174
 23.64948      173
 23.64948      173
 23.6817       173
 23.71392      173
 23.74614      173
 23.74614      173
 23.77836      173
 23.81058      172
 23.8428       172
 23.87502      172
 23.87502      172
 23.90724      173
 23.93946      173
 23.97168      173
 23.97168      172
 24.0039       172
 24.03612      173
 24.06834      173
 24.10056      173
 24.10056      173
 24.13278      174
 24.165        174
 24.19722      175
 24.19722      175
 24.22944      176
 24.26166      176
 24.29388      177
 24.3261       181
 24.3261       189
 24.35832      196
 24.39054      203
 24.39054      208
 24.42276      213
 24.45498      218
 24.4872       221
 24.51942      224
 24.51942      227
 24.55164      229
 24.58386      232
 24.61608      233
 24.61608      235
 24.6483       236
 24.68052      237
 24.71274      238
 24.71274      239
 24.74496      240
 24.77718      240
 24.8094       240
 24.84162      241
 24.84162      241
 24.87384      240
 24.90606      240
 24.93828      240
 24.93828      240
 24.9705       240
 25.00272      239
 25.03494      239
 25.03494      239
 25.06716      239
 25.09938      238
 25.1316       238
 25.1316       238
 25.16382      238
 25.19604      238
 25.22826      237
 25.22826      237
 25.26048      237
 25.2927       237
 25.32492      237
 25.32492      237
 25.35714      236
 25.38936      237
 25.42158      236
 25.4538       236
 25.4538       236
 25.48602      236
 25.51824      236
 25.51824      235
 25.55046      235
 25.58268      235
 25.6149       235
 25.64712      235
 25.64712      235
 25.67934      235
 25.71156      236
 25.74378      236
 25.74378      236
 25.776        237
 25.80822      238
 25.84044      238
 25.87266      238
 25.87266      239
 25.90488      239
 25.9371       240
 25.9371       240
 25.96932      241
 26.03376      241
 26.03376      242
 26.06598      243
 26.0982       244
 26.13042      244
 26.16264      245
 26.16264      246
 26.19486      247
 26.22708      248
 26.2593       249
 26.2593       249
 26.29152      251
 26.32374      251
 26.35596      252
 26.35596      253
 26.38818      254
 26.4204       255
 26.45262      255
 26.45262      256
 26.48484      257
 26.51706      257
 26.54928      258
 26.54928      258
 26.5815       258
 26.61372      259
 26.64594      259
 26.64594      259
 26.67816      259
 26.71038      259
 26.7426       258
 26.7426       258
 26.77482      257
 26.80704      257
 26.83926      257
 26.83926      256
 26.87148      255
 26.9037       255
 26.93592      254
 26.93592      254
 26.96814      254
 27.00036      253
 27.03258      253
 27.03258      253
 27.0648       252
 27.09702      252
 27.09702      252
 27.12924      252
 27.16146      252
 27.19368      252
 27.19368      252
 27.2259       252
 27.25812      252
 27.29034      252
 27.32256      253
