 0             0
 0             0
 0             0
 0             0
 0             0
 0             0
 0             0
 0             0
 0             0
 0             0
 0             0
 0             0
 0             0
 0             0
 0             0
 0             0
 0             0
 0             0
 0             0
 3.222e-002    0
 6.444e-002    0
 6.444e-002    0
 9.666e-002    0
 9.666e-002    0
 0.12888       0
 0.12888       0
 0.1611        0
 0.1611        0
 0.19332       0
 0.22554       0
 0.22554       0
 0.25776       0
 0.28998       0
 0.28998       0
 0.3222        0
 0.35442       0
 0.35442       0
 0.38664       0
 0.41886       0
 0.41886       0
 0.45108       0
 0.4833        0
 0.4833        0
 0.51552       0
 0.54774       0
 0.54774       0
 0.57996       0
 0.61218       0
 0.61218       0
 0.6444        0
 0.67662       0
 0.67662       0
 0.70884       0
 0.74106       0
 0.74106       0
 0.77328       0
 0.8055        0
 0.8055        0
 0.83772       0
 0.86994       0
 0.90216       0
 0.90216       0
 0.93438       0
 0.9666        0
 0.9666        0
 0.99882       0
 1.03104       0
 1.03104       0
 1.06326       0
 1.09548       0
 1.09548       0
 1.1277        0
 1.15992       0
 1.15992       0
 1.19214       0
 1.22436       0
 1.25658       0
 1.25658       0
 1.2888        0
 1.32102       0
 1.32102       0
 1.35324       0
 1.38546       0
 1.38546       0
 1.41768       0
 1.4499        0
 1.4499        0
 1.48212       0
 1.51434       0
 1.54656       0
 1.54656       0
 1.57878       0
 1.611         0
 1.611         0
 1.64322       0
 1.67544       0
 1.67544       0
 1.70766       0
 1.73988       0
 1.73988       0
 1.7721        0
 1.80432       0
 1.80432       0
 1.83654       0
 1.86876       0
 1.90098       0
 1.90098       0
 1.9332        0
 1.96542       0
 1.96542       0
 1.99764       0
 2.02986       0
 2.02986       0
 2.06208       0
 2.0943        0
 2.0943        0
 2.12652       0
 2.15874       0
 2.19096       0
 2.19096       0
 2.22318       0
 2.2554        0
 2.2554        0
 2.28762       0
 2.31984       0
 2.31984       0
 2.35206       0
 2.38428       0
 2.38428       0
 2.4165        0
 2.44872       0
 2.44872       0
 2.48094       0
 2.51316       0
 2.54538       0
 2.54538       0
 2.5776        0
 2.60982       0
 2.60982       0
 2.64204       0
 2.67426       0
 2.67426       0
 2.70648       0
 2.7387        0
 2.7387        0
 2.77092       0
 2.80314       0
 2.80314       0
 2.83536       0
 2.86758       0
 2.8998        0
 2.8998        0
 2.93202       0
 2.96424       0
 2.96424       0
 2.99646       0
 3.02868       0
 3.02868       0
 3.0609        0
 3.09312       0
 3.09312       0
 3.12534       0
 3.15756       0
 3.18978       0
 3.18978       0
 3.25422       0
 3.25422       0
 3.28644       0
 3.31866       0
 3.31866       0
 3.35088       0
 3.3831        0
 3.41532       0
 3.41532       1
 3.44754       1
 3.47976       1
 3.47976       1
 3.51198       1
 3.5442        1
 3.5442        2
 3.57642       2
 3.60864       2
 3.60864       2
 3.64086       2
 3.67308       3
 3.7053        3
 3.7053        3
 3.73752       3
 3.76974       4
 3.76974       4
 3.80196       4
 3.83418       5
 3.83418       5
 3.8664        5
 3.89862       5
 3.89862       5
 3.93084       6
 3.96306       6
 3.99528       6
 3.99528       6
 4.0275        7
 4.05972       7
 4.05972       7
 4.09194       7
 4.12416       8
 4.12416       8
 4.15638       8
 4.1886        9
 4.1886        9
 4.22082       9
 4.25304       10
 4.25304       11
 4.28526       12
 4.31748       12
 4.31748       12
 4.3497        12
 4.38192       13
 4.38192       13
 4.41414       13
 4.44636       13
 4.44636       13
 4.47858       13
 4.5108        14
 4.54302       14
 4.54302       14
 4.57524       15
 4.60746       15
 4.60746       15
 4.63968       16
 4.6719        16
 4.6719        16
 4.70412       17
 4.73634       17
 4.73634       18
 4.76856       18
 4.80078       18
 4.80078       19
 4.833         19
 4.86522       20
 4.86522       20
 4.89744       20
 4.92966       20
 4.92966       21
 4.96188       21
 4.9941        22
 4.9941        22
 5.02632       23
 5.05854       23
 5.05854       24
 5.09076       24
 5.12298       25
 5.1552        25
 5.1552        26
 5.18742       27
 5.21964       27
 5.21964       28
 5.25186       29
 5.28408       29
 5.28408       30
 5.3163        31
 5.34852       31
 5.34852       32
 5.38074       32
 5.41296       33
 5.41296       34
 5.44518       34
 5.4774        35
 5.4774        36
 5.50962       36
 5.54184       37
 5.54184       38
 5.57406       38
 5.60628       39
 5.60628       40
 5.6385        41
 5.67072       41
 5.67072       42
 5.70294       43
 5.73516       44
 5.73516       44
 5.76738       45
 5.7996        46
 5.7996        47
 5.83182       48
 5.86404       48
 5.86404       49
 5.89626       50
 5.92848       51
 5.92848       52
 5.9607        53
 5.99292       53
 5.99292       54
 6.02514       55
 6.05736       56
 6.05736       57
 6.08958       58
 6.1218        59
 6.1218        60
 6.15402       61
 6.18624       62
 6.21846       63
 6.21846       64
 6.25068       64
 6.2829        66
 6.2829        67
 6.31512       68
 6.34734       69
 6.34734       70
 6.37956       71
 6.41178       72
 6.41178       73
 6.444         74
 6.47622       75
 6.50844       76
 6.54066       77
 6.54066       78
 6.57288       79
 6.6051        80
 6.6051        82
 6.63732       82
 6.66954       84
 6.66954       85
 6.70176       86
 6.73398       87
 6.73398       88
 6.7662        89
 6.79842       90
 6.79842       91
 6.83064       92
 6.86286       93
 6.86286       94
 6.89508       95
 6.9273        94
 6.9273        92
 6.95952       91
 6.99174       90
 6.99174       90
 7.02396       90
 7.05618       91
 7.05618       91
 7.0884        92
 7.12062       93
 7.12062       93
 7.15284       94
 7.18506       94
 7.18506       94
 7.21728       94
 7.2495        94
 7.2495        94
 7.28172       93
 7.31394       93
 7.31394       92
 7.34616       92
 7.37838       91
 7.37838       90
 7.4106        89
 7.44282       88
 7.44282       87
 7.47504       85
 7.50726       84
 7.50726       82
 7.53948       81
 7.5717        79
 7.5717        78
 7.60392       76
 7.63614       75
 7.63614       73
 7.66836       71
 7.70058       70
 7.70058       68
 7.7328        66
 7.76502       64
 7.76502       62
 7.79724       61
 7.82946       59
 7.82946       57
 7.86168       56
 7.8939        54
 7.8939        52
 7.92612       51
 7.95834       49
 7.95834       47
 7.99056       46
 8.02278       44
 8.02278       42
 8.055         41
 8.08722       39
 8.08722       38
 8.11944       36
 8.15166       35
 8.15166       33
 8.18388       30
 8.2161        28
 8.2161        26
 8.24832       25
 8.28054       24
 8.28054       26
 8.31276       27
 8.34498       27
 8.34498       26
 8.3772        25
 8.40942       24
 8.40942       23
 8.44164       22
 8.47386       20
 8.47386       19
 8.50608       18
 8.50608       16
 8.5383        15
 8.57052       14
 8.57052       13
 8.60274       12
 8.63496       11
 8.63496       10
 8.66718       9
 8.6994        8
 8.6994        7
 8.73162       7
 8.76384       6
 8.76384       5
 8.79606       4
 8.82828       4
 8.82828       3
 8.8605        3
 8.89272       2
 8.89272       2
 8.92494       1
 8.95716       1
 8.95716       0
 8.98938       0
 9.0216        0
 9.0216        0
 9.05382       0
 9.08604       0
 9.08604       0
 9.11826       0
 9.15048       0
 9.15048       0
 9.1827        0
 9.21492       0
 9.21492       0
 9.24714       0
 9.24714       0
 9.27936       0
 9.31158       0
 9.31158       0
 9.3438        0
 9.37602       0
 9.37602       0
 9.40824       0
 9.44046       0
 9.44046       0
 9.47268       0
 9.5049        0
 9.5049        0
 9.53712       0
 9.56934       0
 9.56934       0
 9.60156       0
 9.63378       0
 9.63378       0
 9.666         0
 9.69822       0
 9.69822       0
 9.76266       0
 9.76266       0
 9.79488       0
 9.8271        0
 9.8271        0
 9.85932       0
 9.89154       0
 9.89154       0
 9.92376       0
 9.95598       0
 9.95598       0
 9.9882        0
 10.02042      0
 10.02042      0
 10.05264      0
 10.05264      0
 10.08486      0
 10.11708      0
 10.11708      0
 10.1493       0
 10.18152      0
 10.18152      0
 10.21374      0
 10.24596      0
 10.24596      0
 10.27818      0
 10.3104       0
 10.3104       0
 10.34262      0
 10.37484      0
 10.37484      0
 10.40706      0
 10.40706      0
 10.43928      0
 10.4715       0
 10.4715       0
 10.50372      0
 10.53594      0
 10.53594      0
 10.56816      0
 10.60038      0
 10.60038      0
 10.6326       0
 10.66482      0
 10.66482      0
 10.69704      0
 10.72926      0
 10.72926      0
 10.76148      0
 10.76148      0
 10.7937       0
 10.82592      0
 10.82592      0
 10.85814      0
 10.89036      0
 10.89036      0
 10.92258      0
 10.9548       0
 10.9548       0
 10.98702      0
 11.01924      0
 11.01924      0
 11.05146      0
 11.05146      0
 11.08368      0
 11.1159       0
 11.1159       0
 11.14812      0
 11.18034      0
 11.18034      0
 11.21256      0
 11.24478      0
 11.24478      0
 11.277        0
 11.30922      0
 11.30922      0
 11.34144      0
 11.34144      0
 11.37366      0
 11.40588      0
 11.40588      0
 11.4381       0
 11.47032      0
 11.47032      0
 11.50254      0
 11.53476      0
 11.53476      0
 11.56698      0
 11.5992       0
 11.5992       0
 11.63142      0
 11.63142      0
 11.66364      0
 11.69586      0
 11.69586      0
 11.72808      0
 11.7603       0
 11.7603       0
 11.79252      0
 11.82474      0
 11.82474      0
 11.85696      0
 11.85696      0
 11.88918      0
 11.9214       0
 11.9214       0
 11.95362      0
 11.98584      0
 11.98584      0
 12.01806      0
 12.05028      0
 12.05028      0
 12.0825       0
 12.11472      0
 12.11472      0
 12.14694      0
 12.14694      0
 12.17916      0
 12.21138      0
 12.21138      0
 12.2436       0
 12.27582      0
 12.27582      0
 12.30804      0
 12.34026      0
 12.34026      0
 12.37248      0
 12.37248      0
 12.4047       0
 12.43692      0
 12.43692      0
 12.46914      0
 12.50136      0
 12.50136      0
 12.53358      0
 12.5658       0
 12.5658       0
 12.59802      0
 12.59802      0
 12.63024      0
 12.66246      0
 12.66246      0
 12.69468      0
 12.7269       0
 12.7269       0
 12.75912      0
 12.75912      0
 12.79134      0
 12.82356      0
 12.82356      0
 12.85578      0
 12.888        0
 12.888        0
 12.92022      0
 12.95244      0
 12.95244      0
 13.01688      0
 13.01688      0
 13.0491       0
 13.08132      0
 13.08132      0
 13.11354      0
 13.14576      0
 13.14576      0
 13.17798      0
 13.17798      0
 13.2102       0
 13.24242      0
 13.24242      0
 13.27464      0
 13.30686      0
 13.30686      0
 13.33908      0
 13.33908      0
 13.3713       0
 13.40352      0
 13.40352      0
 13.43574      0
 13.46796      0
 13.46796      0
 13.50018      0
 13.5324       0
 13.5324       0
 13.56462      0
 13.56462      0
 13.59684      0
 13.62906      0
 13.62906      0
 13.66128      0
 13.6935       0
 13.6935       0
 13.72572      0
 13.72572      0
 13.75794      0
 13.79016      0
 13.79016      0
 13.82238      0
 13.8546       0
 13.8546       0
 13.88682      0
 13.91904      0
 13.91904      0
 13.95126      0
 13.95126      0
 13.98348      0
 14.0157       0
 14.0157       0
 14.04792      0
 14.04792      0
 14.08014      0
 14.11236      0
 14.11236      0
 14.14458      0
 14.1768       0
 14.1768       0
 14.20902      0
 14.20902      0
 14.24124      0
 14.27346      0
 14.27346      0
 14.30568      0
 14.3379       0
 14.3379       0
 14.37012      0
 14.37012      0
 14.40234      0
 14.43456      0
 14.43456      0
 14.46678      0
 14.499        0
 14.499        0
 14.53122      0
 14.53122      0
 14.56344      0
 14.59566      0
 14.59566      0
 14.62788      0
 14.6601       0
 14.6601       0
 14.69232      0
 14.69232      0
 14.72454      0
 14.75676      0
 14.75676      0
 14.78898      0
 14.8212       0
 14.8212       0
 14.85342      0
 14.85342      0
 14.88564      0
 14.91786      0
 14.91786      0
 14.95008      0
 14.95008      0
 14.9823       0
 15.01452      0
 15.01452      0
 15.04674      0
 15.07896      0
 15.07896      0
 15.11118      0
 15.11118      0
 15.1434       0
 15.17562      0
 15.17562      0
 15.20784      0
 15.24006      0
 15.24006      0
 15.27228      0
 15.27228      0
 15.3045       0
 15.33672      0
 15.33672      0
 15.36894      0
 15.36894      0
 15.40116      0
 15.43338      0
 15.43338      0
 15.4656       0
 15.49782      0
 15.49782      0
 15.53004      0
 15.53004      0
 15.56226      0
 15.59448      0
 15.59448      0
 15.6267       0
 15.6267       0
 15.65892      0
 15.69114      0
 15.69114      0
 15.72336      0
 15.75558      0
 15.75558      0
 15.7878       0
 15.7878       0
 15.82002      0
 15.85224      0
 15.85224      0
 15.88446      0
 15.88446      0
 15.91668      0
 15.9489       0
 15.9489       0
 15.98112      0
 16.01334      0
 16.01334      0
 16.04556      0
 16.04556      0
 16.07778      0
 16.11         0
 16.11         0
 16.14222      0
 16.17444      0
 16.17444      0
 16.20666      0
 16.20666      0
 16.2711       0
 16.2711       0
 16.30332      0
 16.33554      0
 16.33554      0
 16.36776      0
 16.39998      0
 16.39998      0
 16.4322       0
 16.4322       0
 16.46442      0
 16.49664      0
 16.49664      0
 16.52886      0
 16.52886      0
 16.56108      0
 16.5933       0
 16.5933       0
 16.62552      0
 16.62552      0
 16.65774      0
 16.68996      0
 16.68996      0
 16.72218      0
 16.72218      0
 16.7544       0
 16.78662      0
 16.78662      0
 16.81884      0
 16.81884      0
 16.85106      0
 16.88328      0
 16.88328      0
 16.9155       0
 16.94772      0
 16.94772      0
 16.97994      0
 16.97994      0
 17.01216      0
 17.04438      0
 17.04438      0
 17.0766       0
 17.0766       0
 17.10882      0
 17.14104      0
 17.14104      0
 17.17326      0
 17.17326      0
 17.20548      0
 17.2377       0
 17.2377       0
 17.26992      0
 17.30214      0
 17.30214      0
 17.33436      0
 17.33436      0
 17.36658      0
 17.3988       0
 17.3988       0
 17.43102      0
 17.43102      0
 17.46324      0
 17.49546      0
 17.49546      0
 17.52768      0
 17.52768      0
 17.5599       0
 17.59212      0
 17.59212      0
 17.62434      0
 17.62434      0
 17.65656      0
 17.68878      0
 17.68878      0
 17.721        0
 17.721        0
 17.75322      0
 17.78544      0
 17.78544      0
 17.81766      0
 17.81766      0
 17.84988      0
 17.8821       0
 17.8821       0
 17.91432      0
 17.91432      0
 17.94654      0
 17.97876      0
 17.97876      0
 18.01098      0
 18.01098      0
 18.0432       0
 18.07542      0
 18.07542      0
 18.10764      0
 18.10764      0
 18.13986      0
 18.17208      0
 18.17208      0
 18.2043       0
 18.23652      0
 18.23652      0
 18.26874      0
 18.26874      0
 18.30096      0
 18.33318      0
 18.33318      0
 18.3654       0
 18.3654       0
 18.39762      0
 18.39762      0
 18.42984      0
 18.46206      0
 18.46206      0
 18.49428      0
 18.49428      0
 18.5265       0
 18.55872      0
 18.55872      0
 18.59094      0
 18.59094      0
 18.62316      0
 18.65538      0
 18.65538      0
 18.6876       0
 18.6876       0
 18.71982      0
 18.75204      0
 18.75204      0
 18.78426      0
 18.78426      0
 18.81648      0
 18.8487       0
 18.8487       0
 18.88092      0
 18.88092      0
 18.91314      0
 18.94536      0
 18.94536      0
 18.97758      0
 18.97758      0
 19.0098       0
 19.04202      0
 19.04202      0
 19.07424      0
 19.07424      0
 19.10646      0
 19.13868      0
 19.13868      0
 19.1709       0
 19.1709       0
 19.20312      0
 19.20312      0
 19.23534      0
 19.26756      0
 19.26756      0
 19.29978      0
 19.29978      0
 19.332        0
 19.36422      0
 19.36422      0
 19.39644      0
 19.39644      0
 19.42866      0
 19.46088      0
 19.46088      0
 19.52532      0
 19.52532      0
 19.55754      0
 19.55754      0
 19.58976      0
 19.62198      0
 19.62198      0
 19.6542       0
 19.6542       0
 19.68642      0
 19.71864      0
 19.71864      0
 19.75086      0
 19.75086      0
 19.78308      0
 19.8153       0
 19.8153       0
 19.84752      0
 19.84752      0
 19.87974      0
 19.91196      0
 19.91196      0
 19.94418      0
 19.94418      0
 19.9764       0
 19.9764       0
 20.00862      0
 20.04084      0
 20.04084      0
 20.07306      0
 20.07306      0
 20.10528      0
 20.1375       0
 20.1375       0
 20.16972      0
 20.16972      0
 20.20194      0
 20.20194      0
 20.23416      0
 20.26638      0
 20.26638      0
 20.2986       0
 20.2986       0
 20.33082      0
 20.36304      0
 20.36304      0
 20.39526      0
 20.39526      0
 20.42748      0
 20.4597       0
 20.4597       0
 20.49192      0
 20.49192      0
 20.52414      0
 20.52414      0
 20.55636      0
 20.58858      0
 20.58858      0
 20.6208       0
 20.6208       0
 20.65302      0
 20.68524      0
 20.68524      0
 20.71746      0
 20.71746      0
 20.74968      0
 20.74968      0
 20.7819       0
 20.81412      0
 20.81412      0
 20.84634      0
 20.84634      0
 20.87856      0
 20.87856      0
 20.91078      0
 20.943        0
 20.943        0
