 0             1
 0             0
 0             0
 0             0
 0             0
 0             0
 0             0
 0             0
 0             0
 0             0
 0             0
 0             0
 0             0
 0             0
 0             0
 0             0
 0             0
 0             0
 3.222e-002    0
 3.222e-002    0
 6.444e-002    0
 6.444e-002    0
 9.666e-002    0
 0.12888       0
 0.12888       0
 0.1611        0
 0.1611        0
 0.19332       0
 0.22554       0
 0.22554       0
 0.25776       0
 0.28998       0
 0.28998       0
 0.3222        0
 0.35442       0
 0.35442       0
 0.38664       0
 0.41886       0
 0.41886       0
 0.45108       0
 0.4833        0
 0.4833        0
 0.51552       0
 0.54774       0
 0.54774       0
 0.57996       0
 0.61218       0
 0.61218       0
 0.6444        0
 0.67662       0
 0.67662       0
 0.70884       0
 0.74106       0
 0.77328       0
 0.77328       0
 0.8055        0
 0.83772       0
 0.83772       0
 0.86994       0
 0.90216       0
 0.90216       0
 0.93438       0
 0.9666        0
 0.9666        0
 0.99882       0
 1.03104       0
 1.06326       0
 1.06326       0
 1.09548       0
 1.1277        0
 1.1277        0
 1.15992       0
 1.19214       0
 1.19214       0
 1.22436       0
 1.25658       0
 1.2888        0
 1.2888        0
 1.32102       0
 1.35324       0
 1.35324       0
 1.38546       0
 1.41768       0
 1.41768       0
 1.4499        0
 1.48212       0
 1.51434       0
 1.51434       0
 1.54656       0
 1.57878       0
 1.57878       0
 1.611         0
 1.64322       0
 1.67544       0
 1.67544       0
 1.70766       0
 1.73988       0
 1.73988       0
 1.7721        0
 1.80432       0
 1.80432       0
 1.83654       0
 1.86876       0
 1.86876       0
 1.90098       0
 1.9332        0
 1.96542       0
 1.96542       0
 1.99764       1
 2.02986       1
 2.02986       2
 2.06208       2
 2.0943        3
 2.0943        4
 2.12652       4
 2.15874       5
 2.19096       6
 2.19096       7
 2.22318       8
 2.2554        8
 2.2554        9
 2.28762       9
 2.31984       9
 2.31984       10
 2.35206       10
 2.38428       11
 2.4165        11
 2.4165        12
 2.44872       12
 2.48094       12
 2.48094       12
 2.51316       12
 2.54538       12
 2.54538       12
 2.5776        11
 2.60982       12
 2.64204       11
 2.64204       11
 2.67426       11
 2.70648       11
 2.70648       11
 2.7387        12
 2.77092       11
 2.77092       12
 2.80314       12
 2.83536       12
 2.86758       12
 2.86758       12
 2.8998        13
 2.93202       13
 2.93202       13
 2.96424       14
 2.99646       14
 2.99646       14
 3.02868       15
 3.0609        15
 3.09312       16
 3.09312       16
 3.12534       17
 3.15756       17
 3.15756       18
 3.18978       18
 3.25422       19
 3.25422       19
 3.28644       20
 3.31866       21
 3.31866       21
 3.35088       22
 3.3831        23
 3.3831        23
 3.41532       24
 3.44754       25
 3.47976       26
 3.47976       26
 3.51198       27
 3.5442        32
 3.5442        37
 3.57642       41
 3.60864       43
 3.60864       44
 3.64086       45
 3.67308       45
 3.67308       45
 3.7053        46
 3.73752       46
 3.76974       46
 3.76974       46
 3.80196       46
 3.83418       47
 3.83418       47
 3.8664        48
 3.89862       49
 3.89862       50
 3.93084       51
 3.96306       52
 3.96306       53
 3.99528       54
 4.0275        55
 4.05972       55
 4.05972       57
 4.09194       58
 4.12416       59
 4.12416       60
 4.15638       62
 4.1886        62
 4.1886        64
 4.22082       65
 4.25304       66
 4.25304       68
 4.28526       69
 4.31748       70
 4.31748       72
 4.3497        74
 4.38192       75
 4.41414       77
 4.41414       79
 4.44636       80
 4.47858       82
 4.47858       84
 4.5108        86
 4.54302       87
 4.54302       89
 4.57524       91
 4.60746       93
 4.60746       95
 4.63968       97
 4.6719        99
 4.6719        102
 4.70412       104
 4.73634       106
 4.76856       108
 4.76856       109
 4.80078       111
 4.833         113
 4.833         115
 4.86522       117
 4.89744       119
 4.89744       121
 4.92966       123
 4.96188       126
 4.96188       128
 4.9941        131
 5.02632       133
 5.05854       135
 5.05854       138
 5.09076       141
 5.12298       143
 5.12298       146
 5.1552        148
 5.18742       151
 5.18742       154
 5.21964       156
 5.25186       159
 5.25186       161
 5.28408       164
 5.3163        167
 5.3163        170
 5.34852       172
 5.38074       175
 5.38074       178
 5.41296       180
 5.44518       183
 5.44518       186
 5.4774        189
 5.50962       192
 5.54184       195
 5.54184       198
 5.57406       202
 5.60628       204
 5.60628       207
 5.6385        211
 5.67072       213
 5.67072       217
 5.70294       220
 5.73516       222
 5.73516       226
 5.76738       229
 5.7996        232
 5.7996        235
 5.83182       238
 5.86404       241
 5.86404       245
 5.89626       248
 5.92848       251
 5.9607        254
 5.9607        257
 5.99292       261
 6.02514       264
 6.02514       267
 6.05736       271
 6.08958       274
 6.08958       278
 6.1218        281
 6.15402       284
 6.15402       288
 6.18624       291
 6.21846       295
 6.21846       298
 6.25068       303
 6.2829        306
 6.2829        310
 6.31512       313
 6.34734       316
 6.34734       320
 6.37956       324
 6.41178       327
 6.41178       332
 6.444         336
 6.50844       339
 6.50844       343
 6.54066       346
 6.57288       350
 6.57288       353
 6.6051        356
 6.63732       360
 6.63732       364
 6.66954       367
 6.70176       370
 6.70176       373
 6.73398       377
 6.7662        380
 6.7662        383
 6.79842       387
 6.83064       390
 6.86286       393
 6.86286       396
 6.89508       399
 6.9273        402
 6.9273        406
 6.95952       408
 6.99174       410
 6.99174       413
 7.02396       415
 7.05618       416
 7.05618       418
 7.0884        420
 7.12062       421
 7.12062       422
 7.15284       423
 7.18506       423
 7.18506       424
 7.21728       423
 7.2495        423
 7.2495        422
 7.28172       421
 7.31394       420
 7.31394       418
 7.34616       416
 7.37838       414
 7.37838       411
 7.4106        408
 7.44282       405
 7.44282       400
 7.47504       396
 7.50726       392
 7.50726       388
 7.53948       383
 7.5717        378
 7.5717        372
 7.60392       366
 7.63614       360
 7.63614       355
 7.66836       349
 7.70058       343
 7.70058       338
 7.7328        332
 7.76502       326
 7.76502       320
 7.79724       314
 7.82946       308
 7.82946       301
 7.86168       294
 7.8939        288
 7.92612       282
 7.92612       275
 7.95834       268
 7.99056       262
 7.99056       255
 8.02278       248
 8.055         241
 8.055         234
 8.08722       228
 8.11944       221
 8.11944       215
 8.15166       208
 8.18388       201
 8.18388       194
 8.2161        188
 8.24832       182
 8.24832       177
 8.28054       171
 8.31276       165
 8.31276       159
 8.34498       152
 8.34498       146
 8.3772        141
 8.40942       135
 8.44164       130
 8.44164       126
 8.47386       121
 8.50608       116
 8.50608       112
 8.5383        107
 8.57052       103
 8.57052       98
 8.60274       94
 8.63496       90
 8.63496       87
 8.66718       83
 8.6994        79
 8.6994        76
 8.73162       73
 8.76384       70
 8.76384       66
 8.79606       63
 8.82828       60
 8.82828       57
 8.8605        55
 8.89272       52
 8.89272       51
 8.92494       51
 8.95716       50
 8.95716       48
 8.98938       47
 8.98938       44
 9.0216        42
 9.05382       40
 9.05382       37
 9.08604       35
 9.11826       33
 9.11826       31
 9.15048       29
 9.1827        27
 9.1827        25
 9.21492       24
 9.24714       22
 9.24714       21
 9.27936       20
 9.31158       19
 9.31158       18
 9.3438        19
 9.37602       19
 9.37602       19
 9.40824       19
 9.44046       18
 9.44046       17
 9.47268       16
 9.5049        15
 9.5049        14
 9.53712       12
 9.56934       11
 9.56934       10
 9.60156       9
 9.63378       8
 9.63378       8
 9.666         7
 9.69822       6
 9.69822       5
 9.76266       4
 9.76266       4
 9.79488       3
 9.8271        3
 9.85932       2
 9.85932       2
 9.89154       1
 9.89154       1
 9.92376       1
 9.95598       0
 9.95598       0
 9.9882        0
 10.02042      0
 10.02042      0
 10.05264      0
 10.08486      0
 10.08486      0
 10.11708      0
 10.1493       0
 10.1493       0
 10.18152      0
 10.21374      0
 10.21374      0
 10.24596      0
 10.27818      0
 10.27818      0
 10.3104       0
 10.34262      0
 10.34262      0
 10.37484      0
 10.40706      0
 10.40706      0
 10.43928      0
 10.4715       0
 10.4715       0
 10.50372      0
 10.53594      0
 10.53594      0
 10.56816      0
 10.56816      0
 10.60038      0
 10.6326       0
 10.6326       0
 10.66482      0
 10.69704      0
 10.69704      0
 10.72926      0
 10.76148      0
 10.76148      0
 10.7937       0
 10.82592      0
 10.82592      0
 10.85814      0
 10.89036      0
 10.89036      0
 10.92258      0
 10.9548       0
 10.9548       0
 10.98702      0
 11.01924      0
 11.01924      0
 11.05146      0
 11.05146      0
 11.08368      0
 11.1159       0
 11.1159       0
 11.14812      0
 11.18034      0
 11.18034      0
 11.21256      0
 11.24478      0
 11.24478      0
 11.277        0
 11.30922      0
 11.30922      0
 11.34144      0
 11.37366      0
 11.37366      0
 11.40588      0
 11.4381       0
 11.4381       0
 11.47032      0
 11.47032      0
 11.50254      0
 11.53476      0
 11.53476      0
 11.56698      0
 11.5992       0
 11.5992       0
 11.63142      0
 11.66364      0
 11.66364      0
 11.69586      0
 11.72808      0
 11.72808      0
 11.7603       0
 11.79252      0
 11.79252      0
 11.82474      0
 11.85696      0
 11.85696      0
 11.88918      0
 11.88918      0
 11.9214       0
 11.95362      0
 11.95362      0
 11.98584      0
 12.01806      0
 12.01806      0
 12.05028      0
 12.0825       0
 12.0825       0
 12.11472      0
 12.14694      0
 12.14694      0
 12.17916      0
 12.17916      0
 12.21138      0
 12.2436       0
 12.2436       0
 12.27582      0
 12.30804      0
 12.30804      0
 12.34026      0
 12.37248      0
 12.37248      0
 12.4047       0
 12.43692      0
 12.43692      0
 12.46914      0
 12.46914      0
 12.50136      0
 12.53358      0
 12.53358      0
 12.5658       0
 12.59802      0
 12.59802      0
 12.63024      0
 12.66246      0
 12.66246      0
 12.69468      0
 12.7269       0
 12.7269       0
 12.75912      0
 12.75912      0
 12.79134      0
 12.82356      0
 12.82356      0
 12.85578      0
 12.888        0
 12.888        0
 12.92022      0
 12.95244      0
 12.95244      0
 13.01688      0
 13.01688      0
 13.0491       0
 13.08132      0
 13.08132      0
 13.11354      0
 13.14576      0
 13.14576      0
 13.17798      0
 13.2102       0
 13.2102       0
 13.24242      0
 13.24242      0
 13.27464      0
 13.30686      0
 13.30686      0
 13.33908      0
 13.3713       0
 13.3713       0
 13.40352      0
 13.43574      0
 13.43574      0
 13.46796      0
 13.50018      0
 13.50018      0
 13.5324       0
 13.5324       0
 13.56462      0
 13.59684      0
 13.59684      0
 13.62906      0
 13.66128      0
 13.66128      0
 13.6935       0
 13.6935       0
 13.72572      0
 13.75794      0
 13.75794      0
 13.79016      0
 13.82238      0
 13.82238      0
 13.8546       0
 13.88682      0
 13.88682      0
 13.91904      0
 13.95126      0
 13.95126      0
 13.98348      0
 13.98348      0
 14.0157       0
 14.04792      0
 14.04792      0
 14.08014      0
 14.11236      0
 14.11236      0
 14.14458      0
 14.1768       0
 14.1768       0
 14.20902      0
 14.20902      0
 14.24124      0
 14.27346      0
 14.27346      0
 14.30568      0
 14.3379       0
 14.3379       0
 14.37012      0
 14.40234      0
 14.40234      0
 14.43456      0
 14.43456      0
 14.46678      0
 14.499        0
 14.499        0
 14.53122      0
 14.56344      0
 14.56344      0
 14.59566      0
 14.59566      0
 14.62788      0
 14.6601       0
 14.6601       0
 14.69232      0
 14.72454      0
 14.72454      0
 14.75676      0
 14.75676      0
 14.78898      0
 14.8212       0
 14.8212       0
 14.85342      0
 14.88564      0
 14.88564      0
 14.91786      0
 14.95008      0
 14.95008      0
 14.9823       0
 14.9823       0
 15.01452      0
 15.04674      0
 15.04674      0
 15.07896      0
 15.07896      0
 15.11118      0
 15.1434       0
 15.1434       0
 15.17562      0
 15.20784      0
 15.20784      0
 15.24006      0
 15.24006      0
 15.27228      0
 15.3045       0
 15.3045       0
 15.33672      0
 15.36894      0
 15.36894      0
 15.40116      0
 15.43338      0
 15.43338      0
 15.4656       0
 15.4656       0
 15.49782      0
 15.53004      0
 15.53004      0
 15.56226      0
 15.59448      0
 15.59448      0
 15.6267       0
 15.6267       0
 15.65892      0
 15.69114      0
 15.69114      0
 15.72336      0
 15.75558      0
 15.75558      0
 15.7878       0
 15.7878       0
 15.82002      0
 15.85224      0
 15.85224      0
 15.88446      0
 15.88446      0
 15.91668      0
 15.9489       0
 15.9489       0
 15.98112      0
 16.01334      0
 16.01334      0
 16.04556      0
 16.07778      0
 16.07778      0
 16.11         0
 16.11         0
 16.14222      0
 16.17444      0
 16.17444      0
 16.20666      0
 16.23888      0
 16.2711       0
 16.30332      0
 16.30332      0
 16.33554      0
 16.33554      0
 16.36776      0
 16.39998      0
 16.39998      0
 16.4322       0
 16.4322       0
 16.46442      0
 16.49664      0
 16.49664      0
 16.52886      0
 16.56108      0
 16.56108      0
 16.5933       0
 16.62552      0
 16.62552      0
 16.65774      0
 16.65774      0
 16.68996      0
 16.68996      0
 16.72218      0
 16.7544       0
 16.7544       0
 16.78662      0
 16.81884      0
 16.81884      0
 16.85106      0
 16.85106      0
 16.88328      0
 16.9155       0
 16.9155       0
 16.94772      0
 16.97994      0
 16.97994      0
 17.01216      0
 17.01216      0
 17.04438      0
 17.0766       0
 17.0766       0
 17.10882      0
 17.10882      0
 17.14104      0
 17.17326      0
 17.17326      0
 17.20548      0
 17.2377       0
 17.2377       0
 17.26992      0
 17.26992      0
 17.30214      0
 17.33436      0
 17.33436      0
 17.36658      0
 17.36658      0
 17.3988       0
 17.43102      0
 17.43102      0
 17.46324      0
 17.49546      0
 17.49546      0
 17.52768      0
 17.52768      0
 17.5599       0
 17.59212      0
 17.59212      0
 17.62434      0
 17.62434      0
 17.65656      0
 17.68878      0
 17.68878      0
 17.721        0
 17.721        0
 17.75322      0
 17.78544      0
 17.78544      0
 17.81766      0
 17.84988      0
 17.84988      0
 17.8821       0
 17.8821       0
 17.91432      0
 17.94654      0
 17.94654      0
 17.97876      0
 17.97876      0
 18.01098      0
 18.0432       0
 18.0432       0
 18.07542      0
 18.07542      0
 18.10764      0
 18.13986      0
 18.13986      0
 18.17208      0
 18.17208      0
 18.2043       0
 18.23652      0
 18.23652      0
 18.26874      0
 18.30096      0
 18.30096      0
 18.33318      0
 18.33318      0
 18.3654       0
 18.39762      0
 18.39762      0
 18.42984      0
 18.42984      0
 18.46206      0
 18.49428      0
 18.49428      0
 18.5265       0
 18.5265       0
 18.55872      0
 18.59094      0
 18.59094      0
 18.62316      0
 18.62316      0
 18.65538      0
 18.6876       0
 18.6876       0
 18.71982      0
 18.71982      0
 18.75204      0
 18.78426      0
 18.78426      0
 18.81648      0
 18.81648      0
 18.8487       0
 18.88092      0
 18.88092      0
 18.91314      0
 18.91314      0
 18.94536      0
 18.97758      0
 18.97758      0
 19.0098       0
 19.0098       0
 19.04202      0
 19.07424      0
 19.07424      0
 19.10646      0
 19.13868      0
 19.13868      0
 19.1709       0
 19.1709       0
 19.20312      0
 19.23534      0
 19.23534      0
 19.26756      0
 19.26756      0
 19.29978      0
 19.332        0
 19.332        0
 19.36422      0
 19.36422      0
 19.39644      0
 19.39644      0
 19.42866      0
 19.46088      0
 19.46088      0
 19.52532      0
 19.52532      0
 19.55754      0
 19.58976      0
 19.58976      0
 19.62198      0
 19.62198      0
 19.6542       0
 19.68642      0
 19.68642      0
 19.71864      0
 19.71864      0
 19.75086      0
 19.78308      0
 19.78308      0
 19.8153       0
 19.8153       0
 19.84752      0
 19.87974      0
 19.87974      0
 19.91196      0
 19.91196      0
 19.94418      0
 19.9764       0
 19.9764       0
 20.00862      0
 20.00862      0
 20.04084      0
 20.07306      0
 20.07306      0
 20.10528      0
 20.10528      0
 20.1375       0
 20.16972      0
 20.16972      0
 20.20194      0
 20.20194      0
 20.23416      0
 20.23416      0
 20.26638      0
 20.2986       0
 20.2986       0
 20.33082      0
 20.33082      0
 20.36304      0
 20.39526      0
 20.39526      0
 20.42748      0
 20.42748      0
 20.4597       0
 20.49192      0
 20.49192      0
 20.52414      0
 20.52414      0
 20.55636      0
 20.58858      0
 20.58858      0
 20.6208       0
 20.6208       0
 20.65302      0
 20.68524      0
 20.68524      0
 20.71746      0
 20.71746      0
 20.74968      0
 20.74968      0
 20.7819       0
 20.81412      0
 20.81412      0
 20.84634      0
 20.84634      0
 20.87856      0
 20.91078      0
 20.91078      0
 20.943        0
 20.943        0
 20.97522      0
 20.97522      0
 21.00744      0
 21.03966      0
 21.03966      0
 21.07188      0
 21.07188      0
 21.1041       0
 21.13632      0
 21.13632      0
 21.16854      0
 21.16854      0
 21.20076      0
