 0             0
 0             0
 0             0
 0             0
 0             0
 0             0
 0             0
 0             0
 0             0
 0             0
 0             0
 0             0
 0             0
 0             0
 0             0
 3.222e-002    0
 3.222e-002    0
 6.444e-002    0
 9.666e-002    0
 9.666e-002    0
 0.12888       0
 0.1611        0
 0.19332       0
 0.22554       0
 0.22554       0
 0.25776       0
 0.28998       0
 0.3222        0
 0.3222        0
 0.35442       0
 0.38664       0
 0.41886       0
 0.45108       0
 0.45108       0
 0.4833        0
 0.51552       0
 0.54774       0
 0.57996       0
 0.57996       0
 0.61218       0
 0.6444        0
 0.67662       0
 0.70884       0
 0.74106       0
 0.74106       0
 0.77328       0
 0.8055        0
 0.83772       0
 0.86994       0
 0.86994       0
 0.90216       0
 0.93438       0
 0.9666        0
 0.99882       0
 1.03104       0
 1.03104       0
 1.06326       0
 1.09548       0
 1.1277        0
 1.15992       0
 1.19214       0
 1.19214       0
 1.22436       0
 1.25658       0
 1.2888        0
 1.32102       0
 1.35324       0
 1.35324       0
 1.38546       0
 1.41768       0
 1.4499        0
 1.48212       0
 1.51434       0
 1.51434       0
 1.54656       0
 1.57878       0
 1.611         0
 1.64322       0
 1.67544       0
 1.67544       0
 1.70766       0
 1.73988       0
 1.7721        0
 1.80432       0
 1.83654       0
 1.83654       0
 1.86876       0
 1.90098       0
 1.9332        0
 1.96542       0
 1.99764       0
 1.99764       0
 2.02986       0
 2.06208       0
 2.0943        0
 2.12652       0
 2.15874       0
 2.15874       0
 2.19096       0
 2.22318       0
 2.2554        0
 2.28762       0
 2.31984       0
 2.31984       0
 2.35206       0
 2.38428       0
 2.4165        0
 2.44872       0
 2.48094       0
 2.48094       0
 2.51316       0
 2.54538       0
 2.5776        0
 2.60982       0
 2.60982       0
 2.64204       0
 2.67426       0
 2.70648       0
 2.7387        0
 2.77092       0
 2.77092       0
 2.80314       0
 2.83536       0
 2.86758       0
 2.8998        0
 2.93202       0
 2.93202       0
 2.96424       0
 2.99646       0
 3.02868       0
 3.0609        0
 3.09312       0
 3.09312       0
 3.12534       0
 3.15756       0
 3.18978       0
 3.25422       0
 3.25422       0
 3.28644       0
 3.31866       0
 3.35088       0
 3.3831        0
 3.3831        0
 3.41532       0
 3.44754       1
 3.47976       1
 3.51198       1
 3.5442        1
 3.5442        1
 3.57642       1
 3.60864       2
 3.64086       2
 3.67308       2
 3.7053        2
 3.7053        3
 3.73752       3
 3.76974       3
 3.80196       3
 3.83418       4
 3.83418       4
 3.8664        4
 3.89862       4
 3.93084       5
 3.96306       5
 3.99528       5
 3.99528       6
 4.0275        6
 4.05972       6
 4.09194       7
 4.12416       7
 4.12416       8
 4.15638       8
 4.1886        8
 4.22082       9
 4.25304       9
 4.28526       10
 4.28526       10
 4.31748       11
 4.3497        11
 4.38192       12
 4.41414       12
 4.41414       13
 4.44636       13
 4.47858       14
 4.5108        14
 4.54302       15
 4.57524       15
 4.57524       16
 4.60746       17
 4.63968       17
 4.6719        18
 4.70412       18
 4.70412       19
 4.73634       20
 4.76856       20
 4.80078       21
 4.833         22
 4.86522       23
 4.86522       23
 4.89744       24
 4.92966       25
 4.96188       25
 4.9941        26
 4.9941        27
 5.02632       28
 5.05854       29
 5.09076       29
 5.12298       30
 5.12298       31
 5.1552        32
 5.18742       33
 5.21964       33
 5.25186       34
 5.28408       35
 5.28408       36
 5.3163        37
 5.34852       38
 5.38074       39
 5.41296       40
 5.41296       41
 5.44518       41
 5.4774        42
 5.50962       43
 5.54184       44
 5.54184       45
 5.57406       46
 5.60628       47
 5.6385        48
 5.67072       49
 5.67072       50
 5.70294       51
 5.73516       52
 5.76738       53
 5.7996        55
 5.83182       55
 5.83182       57
 5.86404       58
 5.89626       59
 5.92848       60
 5.9607        61
 5.9607        62
 5.99292       63
 6.02514       64
 6.05736       65
 6.08958       66
 6.08958       68
 6.1218        69
 6.15402       70
 6.18624       71
 6.21846       72
 6.21846       73
 6.25068       75
 6.2829        76
 6.31512       77
 6.34734       78
 6.34734       79
 6.37956       81
 6.41178       82
 6.444         83
 6.50844       84
 6.50844       86
 6.54066       87
 6.57288       88
 6.6051        89
 6.63732       90
 6.63732       92
 6.66954       93
 6.70176       94
 6.73398       96
 6.7662        97
 6.7662        98
 6.79842       99
 6.83064       101
 6.86286       103
 6.89508       104
 6.89508       105
 6.9273        106
 6.95952       108
 6.99174       109
 7.02396       110
 7.02396       111
 7.05618       113
 7.0884        114
 7.12062       115
 7.15284       116
 7.15284       117
 7.18506       118
 7.21728       119
 7.2495        120
 7.28172       121
 7.28172       122
 7.31394       123
 7.34616       124
 7.37838       125
 7.4106        126
 7.4106        126
 7.44282       127
 7.47504       128
 7.50726       128
 7.53948       129
 7.53948       129
 7.5717        130
 7.60392       130
 7.63614       131
 7.66836       131
 7.66836       131
 7.70058       131
 7.7328        132
 7.76502       132
 7.79724       132
 7.79724       132
 7.82946       132
 7.86168       132
 7.8939        131
 7.92612       131
 7.92612       131
 7.95834       130
 7.99056       130
 8.02278       129
 8.055         129
 8.055         128
 8.08722       127
 8.11944       127
 8.15166       126
 8.18388       125
 8.18388       125
 8.2161        124
 8.24832       123
 8.28054       122
 8.28054       122
 8.31276       121
 8.34498       120
 8.3772        119
 8.40942       118
 8.40942       117
 8.44164       116
 8.47386       115
 8.50608       114
 8.5383        114
 8.5383        113
 8.57052       112
 8.60274       111
 8.63496       110
 8.66718       109
 8.66718       108
 8.6994        107
 8.73162       106
 8.76384       106
 8.76384       105
 8.79606       104
 8.82828       103
 8.8605        102
 8.89272       101
 8.89272       101
 8.92494       99
 8.95716       98
 8.98938       97
 9.0216        97
 9.0216        96
 9.05382       95
 9.08604       95
 9.11826       94
 9.11826       93
 9.15048       93
 9.1827        92
 9.21492       91
 9.24714       91
 9.24714       90
 9.27936       89
 9.31158       89
 9.3438        88
 9.37602       88
 9.37602       87
 9.40824       86
 9.44046       86
 9.47268       85
 9.47268       85
 9.5049        84
 9.53712       84
 9.56934       83
 9.60156       83
 9.60156       82
 9.63378       82
 9.666         81
 9.69822       81
 9.73044       80
 9.76266       80
 9.79488       79
 9.8271        79
 9.85932       78
 9.85932       78
 9.89154       78
 9.92376       77
 9.95598       77
 9.9882        76
 9.9882        76
 10.02042      76
 10.05264      75
 10.08486      75
 10.08486      74
 10.11708      74
 10.1493       74
 10.18152      73
 10.21374      73
 10.21374      73
 10.24596      72
 10.27818      72
 10.3104       72
 10.3104       71
 10.34262      71
 10.37484      71
 10.40706      71
 10.43928      70
 10.43928      70
 10.4715       70
 10.50372      69
 10.53594      69
 10.53594      69
 10.56816      69
 10.60038      68
 10.6326       68
 10.66482      68
 10.66482      68
 10.69704      67
 10.72926      67
 10.76148      67
 10.76148      66
 10.7937       66
 10.82592      66
 10.85814      66
 10.89036      65
 10.89036      65
 10.92258      65
 10.9548       65
 10.98702      64
 10.98702      64
 11.01924      64
 11.05146      64
 11.08368      63
 11.1159       63
 11.1159       63
 11.14812      63
 11.18034      62
 11.21256      62
 11.21256      62
 11.24478      61
 11.277        61
 11.30922      61
 11.34144      61
 11.34144      60
 11.37366      60
 11.40588      60
 11.4381       60
 11.4381       59
 11.47032      59
 11.50254      58
 11.53476      58
 11.53476      58
 11.56698      57
 11.5992       57
 11.63142      57
 11.66364      56
 11.66364      56
 11.69586      56
 11.72808      55
 11.7603       55
 11.7603       54
 11.79252      54
 11.82474      54
 11.85696      54
 11.85696      53
 11.88918      53
 11.9214       53
 11.95362      52
 11.98584      52
 11.98584      52
 12.01806      51
 12.05028      51
 12.0825       51
 12.0825       50
 12.11472      50
 12.14694      50
 12.17916      49
 12.21138      49
 12.21138      49
 12.2436       48
 12.27582      48
 12.30804      48
 12.30804      48
 12.34026      47
 12.37248      47
 12.4047       47
 12.4047       47
 12.43692      46
 12.46914      46
 12.50136      46
 12.50136      46
 12.53358      45
 12.5658       45
 12.59802      45
 12.63024      45
 12.63024      45
 12.66246      44
 12.69468      44
 12.7269       44
 12.7269       44
 12.75912      44
 12.79134      44
 12.82356      43
 12.82356      43
 12.85578      43
 12.888        43
 12.92022      43
 12.95244      43
 12.95244      43
 13.01688      43
 13.0491       43
 13.0491       43
 13.08132      43
 13.11354      43
 13.14576      43
 13.14576      43
 13.17798      43
 13.2102       43
 13.24242      43
 13.27464      43
 13.27464      43
 13.30686      43
 13.33908      43
 13.3713       43
 13.3713       43
 13.40352      43
 13.43574      43
 13.46796      43
 13.46796      43
 13.50018      43
 13.5324       43
 13.56462      44
 13.56462      44
 13.59684      44
 13.62906      44
 13.66128      44
 13.66128      44
 13.6935       44
 13.72572      44
 13.75794      45
 13.79016      45
 13.79016      45
 13.82238      45
 13.8546       45
 13.88682      46
 13.88682      46
 13.91904      46
 13.95126      46
 13.98348      47
 13.98348      47
 14.0157       47
 14.04792      48
 14.08014      48
 14.08014      48
 14.11236      48
 14.14458      49
 14.1768       49
 14.1768       49
 14.20902      50
 14.24124      50
 14.27346      50
 14.27346      51
 14.30568      51
 14.3379       52
 14.37012      52
 14.37012      52
 14.40234      53
 14.43456      53
 14.46678      53
 14.46678      54
 14.499        54
 14.53122      55
 14.56344      55
 14.56344      55
 14.59566      56
 14.62788      56
 14.6601       57
 14.6601       57
 14.69232      57
 14.72454      58
 14.75676      58
 14.75676      58
 14.78898      59
 14.8212       59
 14.85342      60
 14.85342      60
 14.88564      60
 14.91786      61
 14.95008      61
 14.95008      62
 14.9823       62
 15.01452      62
 15.04674      63
 15.04674      63
 15.07896      63
 15.11118      63
 15.1434       47
 15.1434       30
 15.17562      14
 15.20784      0
 15.24006      0
 15.24006      0
 15.27228      0
 15.3045       0
 15.33672      0
 15.33672      0
 15.36894      0
 15.40116      0
 15.43338      0
 15.43338      0
 15.4656       0
 15.49782      0
 15.53004      0
 15.53004      0
 15.56226      0
 15.59448      0
 15.6267       0
 15.6267       0
 15.65892      0
 15.69114      0
 15.72336      0
 15.72336      0
 15.75558      0
 15.7878       0
 15.82002      0
 15.82002      0
 15.85224      0
 15.88446      0
 15.91668      0
 15.91668      0
 15.9489       0
 15.98112      0
 16.01334      0
 16.01334      0
 16.04556      0
 16.07778      0
 16.11         0
 16.11         0
 16.14222      0
 16.17444      0
 16.20666      0
 16.20666      0
 16.2711       0
 16.30332      0
 16.30332      0
 16.33554      0
 16.36776      0
 16.39998      0
 16.39998      0
 16.4322       0
 16.46442      0
 16.49664      0
 16.49664      0
 16.52886      0
 16.56108      0
 16.5933       0
 16.5933       0
 16.62552      0
 16.65774      0
 16.65774      0
 16.68996      0
 16.72218      0
 16.7544       0
 16.7544       0
 16.78662      0
 16.81884      0
 16.85106      0
 16.85106      0
 16.88328      0
 16.9155       0
 16.94772      0
 16.94772      0
 16.97994      0
 17.01216      0
 17.04438      0
 17.04438      0
 17.0766       0
 17.10882      0
 17.10882      0
 17.14104      0
 17.17326      0
 17.20548      0
 17.20548      0
 17.2377       0
 17.26992      0
 17.30214      0
 17.30214      0
 17.33436      0
 17.36658      0
 17.3988       0
 17.3988       0
 17.43102      0
 17.46324      0
 17.46324      0
 17.49546      0
 17.52768      0
 17.5599       0
 17.5599       0
 17.59212      0
 17.62434      0
 17.65656      0
 17.65656      0
 17.68878      0
 17.721        0
 17.75322      0
 17.75322      0
 17.78544      0
 17.81766      0
 17.81766      0
 17.84988      0
 17.8821       0
 17.91432      0
 17.91432      0
 17.94654      0
 17.97876      0
 18.01098      0
 18.01098      0
 18.0432       0
 18.07542      0
 18.10764      0
 18.10764      0
 18.13986      0
 18.17208      0
 18.17208      0
 18.2043       0
 18.23652      0
 18.26874      0
 18.26874      0
 18.30096      0
 18.33318      0
 18.3654       0
 18.3654       0
 18.39762      0
 18.42984      0
 18.42984      0
 18.46206      0
 18.49428      0
 18.5265       0
 18.5265       0
 18.55872      0
 18.59094      0
 18.62316      0
 18.62316      0
 18.65538      0
 18.6876       0
 18.6876       0
 18.71982      0
 18.75204      0
 18.78426      0
 18.78426      0
 18.81648      0
 18.8487       0
 18.8487       0
 18.88092      0
 18.91314      0
 18.94536      0
 18.94536      0
 18.97758      0
 19.0098       0
 19.04202      0
 19.04202      0
 19.07424      0
 19.10646      0
 19.10646      0
 19.13868      0
 19.1709       0
 19.20312      0
 19.20312      0
 19.23534      0
 19.26756      0
 19.26756      0
 19.29978      0
 19.332        0
 19.36422      0
 19.36422      0
 19.39644      0
 19.42866      0
 19.46088      0
 19.46088      0
 19.52532      0
 19.55754      0
 19.55754      0
 19.58976      0
 19.62198      0
 19.6542       0
 19.6542       0
 19.68642      0
 19.71864      0
 19.71864      0
 19.75086      0
 19.78308      0
 19.78308      0
 19.8153       0
 19.84752      0
 19.87974      0
 19.87974      0
 19.91196      0
 19.94418      0
 19.94418      0
 19.9764       0
 20.00862      0
 20.04084      0
 20.04084      0
 20.07306      0
 20.10528      0
 20.1375       0
 20.1375       0
 20.16972      0
 20.20194      0
 20.20194      0
 20.23416      0
 20.26638      0
 20.2986       0
 20.2986       0
 20.33082      0
 20.36304      0
 20.36304      0
 20.39526      0
 20.42748      0
 20.4597       0
 20.4597       0
 20.49192      0
 20.52414      0
 20.52414      0
 20.55636      0
 20.58858      0
 20.58858      0
 20.6208       0
 20.65302      0
 20.68524      0
 20.68524      0
 20.71746      0
 20.74968      0
 20.7819       0
 20.7819       0
 20.81412      0
 20.84634      0
 20.84634      0
 20.87856      0
 20.91078      0
 20.91078      0
 20.943        0
 20.97522      0
 21.00744      0
 21.00744      0
 21.03966      0
 21.07188      0
 21.07188      0
 21.1041       0
 21.13632      0
 21.16854      0
 21.16854      0
 21.20076      0
 21.23298      0
 21.23298      0
 21.2652       0
 21.29742      0
 21.29742      0
 21.32964      0
 21.36186      0
 21.39408      0
 21.39408      0
 21.4263       0
 21.45852      0
 21.45852      0
 21.49074      0
 21.52296      0
 21.55518      0
 21.55518      0
 21.5874       0
 21.61962      0
 21.61962      0
 21.65184      0
 21.68406      0
 21.71628      0
 21.71628      0
 21.7485       0
 21.78072      0
 21.78072      0
 21.81294      0
 21.84516      0
 21.84516      0
 21.87738      0
 21.9096       0
 21.94182      0
 21.94182      0
 21.97404      0
 22.00626      0
 22.00626      0
 22.03848      0
 22.0707       0
 22.0707       0
 22.10292      0
 22.13514      0
 22.13514      0
 22.16736      0
 22.19958      0
 22.2318       0
 22.2318       0
 22.26402      0
 22.29624      0
 22.29624      0
 22.32846      0
 22.36068      0
 22.3929       0
 22.3929       0
 22.42512      0
 22.45734      0
 22.45734      0
 22.48956      0
 22.52178      0
 22.52178      0
 22.554        0
 22.58622      0
 22.58622      0
 22.61844      0
 22.65066      0
 22.68288      0
 22.68288      0
 22.7151       0
 22.77954      0
 22.77954      0
 22.81176      0
 22.84398      0
 22.84398      0
 22.8762       0
 22.90842      0
 22.90842      0
 22.94064      0
 22.97286      0
 22.97286      0
 23.00508      0
 23.0373       0
 23.0373       0
 23.06952      0
 23.10174      0
 23.13396      0
 23.13396      0
 23.16618      0
 23.1984       0
 23.1984       0
 23.23062      0
 23.26284      0
 23.26284      0
 23.29506      0
 23.32728      0
 23.32728      0
 23.3595       0
 23.39172      0
 23.42394      0
 23.42394      0
 23.45616      0
 23.48838      0
 23.48838      0
 23.5206       0
 23.55282      0
 23.55282      0
 23.58504      0
 23.61726      0
 23.61726      0
 23.64948      0
 23.6817       0
 23.6817       0
 23.71392      0
 23.74614      0
 23.77836      0
 23.77836      0
 23.81058      0
 23.8428       0
 23.8428       0
 23.87502      0
 23.90724      0
 23.90724      0
 23.93946      0
 23.97168      0
 23.97168      0
 24.0039       0
 24.03612      0
 24.06834      0
 24.06834      0
 24.10056      0
 24.13278      0
 24.13278      0
 24.165        0
 24.19722      0
 24.19722      0
 24.22944      0
 24.26166      0
 24.26166      0
 24.29388      0
 24.3261       0
 24.3261       0
 24.35832      0
 24.39054      0
 24.39054      0
 24.42276      0
 24.45498      0
 24.45498      0
 24.4872       0
 24.51942      0
 24.51942      0
 24.55164      0
 24.58386      0
 24.61608      0
 24.61608      0
 24.6483       0
 24.68052      0
 24.68052      0
 24.71274      0
 24.74496      0
 24.74496      0
 24.77718      0
 24.8094       0
 24.8094       0
 24.84162      0
 24.87384      0
 24.87384      0
 24.90606      0
