 0             0
 0             0
 0             0
 0             0
 0             0
 0             0
 0             0
 0             0
 0             0
 0             0
 0             0
 0             0
 0             0
 0             0
 0             0
 0             0
 0             0
 0             0
 3.222e-002    0
 3.222e-002    0
 6.444e-002    0
 6.444e-002    0
 9.666e-002    0
 0.12888       0
 0.12888       0
 0.1611        0
 0.1611        0
 0.19332       0
 0.22554       0
 0.22554       0
 0.25776       0
 0.28998       0
 0.28998       0
 0.3222        0
 0.35442       0
 0.35442       0
 0.38664       0
 0.38664       0
 0.41886       0
 0.45108       0
 0.4833        0
 0.4833        0
 0.51552       0
 0.54774       0
 0.54774       0
 0.57996       0
 0.61218       0
 0.61218       0
 0.6444        0
 0.67662       0
 0.67662       0
 0.70884       0
 0.74106       0
 0.74106       0
 0.77328       0
 0.8055        0
 0.83772       0
 0.83772       0
 0.86994       0
 0.90216       0
 0.90216       0
 0.93438       0
 0.9666        0
 0.9666        0
 0.99882       0
 1.03104       0
 1.03104       0
 1.06326       0
 1.09548       0
 1.1277        0
 1.1277        0
 1.15992       0
 1.19214       0
 1.19214       0
 1.22436       0
 1.25658       0
 1.25658       0
 1.2888        0
 1.32102       0
 1.35324       0
 1.35324       0
 1.38546       0
 1.41768       0
 1.41768       0
 1.4499        0
 1.48212       0
 1.48212       0
 1.51434       0
 1.54656       0
 1.57878       0
 1.57878       0
 1.611         0
 1.64322       0
 1.64322       0
 1.67544       0
 1.70766       0
 1.70766       0
 1.73988       0
 1.7721        0
 1.80432       0
 1.80432       0
 1.83654       0
 1.86876       0
 1.86876       0
 1.90098       0
 1.9332        0
 1.96542       0
 1.96542       0
 1.99764       0
 2.02986       0
 2.02986       0
 2.06208       0
 2.0943        0
 2.0943        0
 2.12652       0
 2.15874       0
 2.15874       0
 2.19096       0
 2.22318       0
 2.2554        0
 2.2554        0
 2.28762       0
 2.31984       0
 2.31984       0
 2.35206       0
 2.38428       0
 2.4165        0
 2.4165        0
 2.44872       0
 2.48094       0
 2.48094       0
 2.51316       0
 2.54538       0
 2.54538       0
 2.5776        0
 2.60982       0
 2.60982       0
 2.64204       0
 2.67426       0
 2.70648       0
 2.70648       1
 2.7387        0
 2.77092       1
 2.77092       1
 2.80314       1
 2.83536       1
 2.83536       1
 2.86758       1
 2.8998        2
 2.93202       1
 2.93202       2
 2.96424       2
 2.99646       2
 2.99646       2
 3.02868       2
 3.0609        3
 3.0609        3
 3.09312       3
 3.12534       3
 3.15756       4
 3.15756       4
 3.18978       4
 3.222         4
 3.25422       4
 3.28644       5
 3.31866       5
 3.31866       5
 3.35088       6
 3.3831        6
 3.3831        6
 3.41532       7
 3.44754       7
 3.44754       7
 3.47976       8
 3.51198       8
 3.5442        8
 3.5442        9
 3.57642       9
 3.60864       9
 3.60864       10
 3.64086       10
 3.67308       11
 3.67308       11
 3.7053        11
 3.73752       12
 3.76974       12
 3.76974       13
 3.80196       13
 3.83418       14
 3.83418       14
 3.8664        15
 3.89862       15
 3.89862       16
 3.93084       16
 3.96306       17
 3.96306       17
 3.99528       18
 4.0275        18
 4.05972       19
 4.05972       19
 4.09194       20
 4.12416       21
 4.12416       21
 4.15638       22
 4.1886        23
 4.1886        23
 4.22082       24
 4.25304       25
 4.25304       25
 4.28526       26
 4.31748       27
 4.3497        27
 4.3497        28
 4.38192       29
 4.41414       29
 4.41414       30
 4.44636       31
 4.47858       32
 4.47858       33
 4.5108        33
 4.54302       34
 4.54302       35
 4.57524       36
 4.60746       37
 4.63968       38
 4.63968       38
 4.6719        39
 4.70412       40
 4.70412       42
 4.73634       43
 4.76856       43
 4.76856       43
 4.80078       44
 4.833         44
 4.833         45
 4.86522       45
 4.89744       46
 4.89744       47
 4.92966       48
 4.96188       49
 4.9941        50
 4.9941        51
 5.02632       52
 5.05854       53
 5.05854       54
 5.09076       55
 5.12298       57
 5.12298       58
 5.1552        59
 5.18742       60
 5.18742       61
 5.21964       63
 5.25186       64
 5.25186       65
 5.28408       66
 5.3163        68
 5.34852       69
 5.34852       70
 5.38074       71
 5.41296       72
 5.41296       74
 5.44518       75
 5.4774        76
 5.4774        78
 5.50962       79
 5.54184       80
 5.54184       82
 5.57406       83
 5.60628       84
 5.60628       86
 5.6385        87
 5.67072       89
 5.67072       90
 5.70294       91
 5.73516       93
 5.76738       94
 5.76738       96
 5.7996        97
 5.83182       99
 5.83182       101
 5.86404       102
 5.89626       104
 5.89626       105
 5.92848       107
 5.9607        108
 5.9607        110
 5.99292       111
 6.02514       113
 6.02514       114
 6.05736       116
 6.08958       118
 6.1218        119
 6.1218        121
 6.15402       122
 6.18624       124
 6.18624       125
 6.21846       127
 6.25068       128
 6.25068       130
 6.2829        132
 6.31512       133
 6.31512       135
 6.34734       137
 6.37956       138
 6.37956       140
 6.41178       142
 6.444         143
 6.47622       145
 6.50844       147
 6.54066       149
 6.54066       150
 6.57288       152
 6.6051        154
 6.6051        156
 6.63732       157
 6.66954       159
 6.66954       161
 6.70176       162
 6.73398       164
 6.73398       166
 6.7662        167
 6.79842       169
 6.79842       171
 6.83064       172
 6.86286       174
 6.89508       175
 6.89508       177
 6.9273        178
 6.95952       180
 6.95952       181
 6.99174       183
 7.02396       184
 7.02396       185
 7.05618       186
 7.0884        187
 7.0884        188
 7.12062       189
 7.15284       190
 7.15284       190
 7.18506       191
 7.21728       191
 7.21728       192
 7.2495        192
 7.28172       192
 7.28172       192
 7.31394       191
 7.34616       191
 7.34616       190
 7.37838       189
 7.4106        189
 7.4106        188
 7.44282       187
 7.47504       186
 7.47504       184
 7.50726       183
 7.53948       181
 7.53948       180
 7.5717        178
 7.60392       176
 7.60392       174
 7.63614       173
 7.66836       171
 7.70058       168
 7.70058       166
 7.7328        164
 7.76502       162
 7.76502       160
 7.79724       157
 7.82946       155
 7.82946       152
 7.86168       149
 7.8939        147
 7.8939        144
 7.92612       141
 7.95834       138
 7.95834       136
 7.99056       133
 8.02278       130
 8.02278       127
 8.055         124
 8.08722       121
 8.08722       118
 8.11944       115
 8.15166       113
 8.15166       109
 8.18388       107
 8.2161        104
 8.2161        101
 8.24832       98
 8.28054       95
 8.28054       92
 8.31276       88
 8.34498       85
 8.34498       82
 8.3772        80
 8.40942       77
 8.40942       75
 8.44164       73
 8.47386       71
 8.47386       69
 8.50608       67
 8.5383        64
 8.5383        62
 8.57052       60
 8.60274       58
 8.60274       57
 8.63496       55
 8.66718       53
 8.66718       51
 8.6994        50
 8.73162       48
 8.73162       47
 8.76384       45
 8.79606       43
 8.79606       42
 8.82828       40
 8.8605        39
 8.8605        38
 8.89272       37
 8.92494       36
 8.92494       34
 8.95716       33
 8.98938       32
 8.98938       31
 9.0216        30
 9.05382       29
 9.05382       28
 9.08604       27
 9.11826       26
 9.11826       25
 9.15048       24
 9.1827        23
 9.1827        23
 9.21492       22
 9.24714       21
 9.24714       20
 9.27936       20
 9.31158       19
 9.31158       18
 9.3438        18
 9.37602       17
 9.37602       17
 9.40824       16
 9.44046       15
 9.44046       15
 9.47268       14
 9.5049        14
 9.5049        14
 9.53712       13
 9.56934       12
 9.56934       12
 9.60156       12
 9.63378       11
 9.63378       11
 9.666         10
 9.69822       10
 9.69822       10
 9.76266       9
 9.76266       9
 9.79488       9
 9.8271        8
 9.85932       8
 9.85932       8
 9.89154       8
 9.89154       8
 9.92376       7
 9.95598       7
 9.95598       7
 9.9882        6
 10.02042      6
 10.02042      6
 10.05264      6
 10.08486      6
 10.08486      5
 10.11708      5
 10.1493       5
 10.1493       5
 10.18152      4
 10.21374      4
 10.21374      4
 10.24596      4
 10.27818      4
 10.27818      4
 10.3104       4
 10.34262      3
 10.34262      3
 10.37484      3
 10.40706      3
 10.40706      3
 10.43928      3
 10.4715       2
 10.4715       2
 10.50372      2
 10.53594      2
 10.53594      2
 10.56816      2
 10.60038      2
 10.60038      1
 10.6326       1
 10.66482      1
 10.66482      1
 10.69704      1
 10.69704      1
 10.72926      1
 10.76148      1
 10.76148      1
 10.7937       1
 10.82592      0
 10.82592      0
 10.85814      0
 10.89036      0
 10.89036      0
 10.92258      0
 10.9548       0
 10.9548       0
 10.98702      0
 11.01924      0
 11.01924      0
 11.05146      0
 11.08368      0
 11.08368      0
 11.1159       0
 11.14812      0
 11.14812      0
 11.18034      0
 11.21256      0
 11.21256      0
 11.24478      0
 11.277        0
 11.277        0
 11.30922      0
 11.30922      0
 11.34144      0
 11.37366      0
 11.37366      0
 11.40588      0
 11.4381       0
 11.4381       0
 11.47032      0
 11.50254      0
 11.50254      0
 11.53476      0
 11.56698      0
 11.56698      0
 11.5992       0
 11.63142      0
 11.63142      0
 11.66364      0
 11.69586      0
 11.69586      0
 11.72808      0
 11.7603       0
 11.7603       0
 11.79252      0
 11.82474      0
 11.82474      0
 11.85696      0
 11.85696      0
 11.88918      0
 11.9214       0
 11.9214       0
 11.95362      0
 11.98584      0
 11.98584      0
 12.01806      0
 12.05028      0
 12.05028      0
 12.0825       0
 12.11472      0
 12.11472      0
 12.14694      0
 12.17916      0
 12.17916      0
 12.21138      0
 12.21138      0
 12.2436       0
 12.27582      0
 12.27582      0
 12.30804      0
 12.34026      0
 12.34026      0
 12.37248      0
 12.4047       0
 12.4047       0
 12.43692      0
 12.46914      0
 12.46914      0
 12.50136      0
 12.50136      0
 12.53358      0
 12.5658       0
 12.5658       0
 12.59802      0
 12.63024      0
 12.63024      0
 12.66246      0
 12.69468      0
 12.69468      0
 12.7269       0
 12.75912      0
 12.75912      0
 12.79134      0
 12.82356      0
 12.82356      0
 12.85578      0
 12.888        0
 12.888        0
 12.92022      0
 12.92022      0
 12.95244      0
 13.01688      0
 13.01688      0
 13.0491       0
 13.08132      0
 13.08132      0
 13.11354      0
 13.11354      0
 13.14576      0
 13.17798      0
 13.17798      0
 13.2102       0
 13.24242      0
 13.24242      0
 13.27464      0
 13.30686      0
 13.30686      0
 13.33908      0
 13.3713       0
 13.3713       0
 13.40352      0
 13.40352      0
 13.43574      0
 13.46796      0
 13.46796      0
 13.50018      0
 13.5324       0
 13.5324       0
 13.56462      0
 13.59684      0
 13.59684      0
 13.62906      0
 13.66128      0
 13.66128      0
 13.6935       0
 13.6935       0
 13.72572      0
 13.75794      0
 13.75794      0
 13.79016      0
 13.82238      0
 13.82238      0
 13.8546       0
 13.88682      0
 13.88682      0
 13.91904      0
 13.91904      0
 13.95126      0
 13.98348      0
 13.98348      0
 14.0157       0
 14.04792      0
 14.04792      0
 14.08014      0
 14.11236      0
 14.11236      0
 14.14458      0
 14.14458      0
 14.1768       0
 14.20902      0
 14.20902      0
 14.24124      0
 14.27346      0
 14.27346      0
 14.30568      0
 14.3379       0
 14.3379       0
 14.37012      0
 14.37012      0
 14.40234      0
 14.43456      0
 14.43456      0
 14.46678      0
 14.499        0
 14.499        0
 14.53122      0
 14.53122      0
 14.56344      0
 14.59566      0
 14.59566      0
 14.62788      0
 14.6601       0
 14.6601       0
 14.69232      0
 14.72454      0
 14.72454      0
 14.75676      0
 14.75676      0
 14.78898      0
 14.8212       0
 14.8212       0
 14.85342      0
 14.88564      0
 14.88564      0
 14.91786      0
 14.95008      0
 14.95008      0
 14.9823       0
 14.9823       0
 15.01452      0
 15.04674      0
 15.04674      0
 15.07896      0
 15.11118      0
 15.11118      0
 15.1434       0
 15.1434       0
 15.17562      0
 15.20784      0
 15.20784      0
 15.24006      0
 15.27228      0
 15.27228      0
 15.3045       0
 15.3045       0
 15.33672      0
 15.36894      0
 15.36894      0
 15.40116      0
 15.43338      0
 15.43338      0
 15.4656       0
 15.49782      0
 15.49782      0
 15.53004      0
 15.53004      0
 15.56226      0
 15.59448      0
 15.59448      0
 15.6267       0
 15.6267       0
 15.65892      0
 15.69114      0
 15.69114      0
 15.72336      0
 15.75558      0
 15.75558      0
 15.7878       0
 15.82002      0
 15.82002      0
 15.85224      0
 15.85224      0
 15.88446      0
 15.91668      0
 15.91668      0
 15.9489       0
 15.98112      0
 15.98112      0
 16.01334      0
 16.01334      0
 16.04556      0
 16.07778      0
 16.07778      0
 16.11         0
 16.14222      0
 16.14222      0
 16.17444      0
 16.17444      0
 16.20666      0
 16.2711       0
 16.2711       0
 16.30332      0
 16.30332      0
 16.33554      0
 16.36776      0
 16.36776      0
 16.39998      0
 16.4322       0
 16.4322       0
 16.46442      0
 16.46442      0
 16.49664      0
 16.52886      0
 16.52886      0
 16.56108      0
 16.56108      0
 16.5933       0
 16.62552      0
 16.62552      0
 16.65774      0
 16.68996      0
 16.68996      0
 16.72218      0
 16.72218      0
 16.7544       0
 16.78662      0
 16.78662      0
 16.81884      0
 16.81884      0
 16.85106      0
 16.88328      0
 16.88328      0
 16.9155       0
 16.94772      0
 16.94772      0
 16.97994      0
 16.97994      0
 17.01216      0
 17.04438      0
 17.04438      0
 17.0766       0
 17.10882      0
 17.10882      0
 17.14104      0
 17.14104      0
 17.17326      0
 17.20548      0
 17.20548      0
 17.2377       0
 17.26992      0
 17.26992      0
 17.30214      0
 17.30214      0
 17.33436      0
 17.36658      0
 17.36658      0
 17.3988       0
 17.3988       0
 17.43102      0
 17.46324      0
 17.46324      0
 17.49546      0
 17.49546      0
 17.52768      0
 17.5599       0
 17.5599       0
 17.59212      0
 17.62434      0
 17.62434      0
 17.65656      0
 17.65656      0
 17.68878      0
 17.721        0
 17.721        0
 17.75322      0
 17.78544      0
 17.78544      0
 17.81766      0
 17.81766      0
 17.84988      0
 17.8821       0
 17.8821       0
 17.91432      0
 17.91432      0
 17.94654      0
 17.97876      0
 17.97876      0
 18.01098      0
 18.01098      0
 18.0432       0
 18.07542      0
 18.07542      0
 18.10764      0
 18.10764      0
 18.13986      0
 18.17208      0
 18.17208      0
 18.2043       0
 18.23652      0
 18.23652      0
 18.26874      0
 18.26874      0
 18.30096      0
 18.33318      0
 18.33318      0
 18.3654       0
 18.3654       0
 18.39762      0
 18.42984      0
 18.42984      0
 18.46206      0
 18.49428      0
 18.49428      0
 18.5265       0
 18.5265       0
 18.55872      0
 18.59094      0
 18.59094      0
 18.62316      0
 18.62316      0
 18.65538      0
 18.6876       0
 18.6876       0
 18.71982      0
 18.71982      0
 18.75204      0
 18.78426      0
 18.78426      0
 18.81648      0
 18.81648      0
 18.8487       0
 18.88092      0
 18.88092      0
 18.91314      0
 18.91314      0
 18.94536      0
 18.97758      0
 18.97758      0
 19.0098       0
 19.0098       0
 19.04202      0
 19.07424      0
 19.07424      0
 19.10646      0
 19.10646      0
 19.13868      0
 19.1709       0
 19.1709       0
 19.20312      0
 19.20312      0
 19.23534      0
 19.26756      0
 19.26756      0
 19.29978      0
 19.332        0
 19.332        0
 19.36422      0
 19.36422      0
 19.39644      0
 19.42866      0
 19.42866      0
 19.46088      0
 19.46088      0
 19.52532      0
 19.52532      0
 19.55754      0
 19.58976      0
 19.58976      0
 19.62198      0
 19.62198      0
 19.6542       0
 19.68642      0
 19.68642      0
 19.71864      0
 19.71864      0
 19.75086      0
 19.78308      0
 19.78308      0
 19.8153       0
 19.8153       0
 19.84752      0
 19.87974      0
 19.87974      0
 19.91196      0
 19.91196      0
 19.94418      0
 19.9764       0
 19.9764       0
 20.00862      0
 20.00862      0
 20.04084      0
 20.07306      0
 20.07306      0
 20.10528      0
 20.10528      0
 20.1375       0
 20.16972      0
 20.16972      0
 20.20194      0
 20.20194      0
 20.23416      0
 20.26638      0
 20.26638      0
 20.2986       0
 20.2986       0
 20.33082      0
 20.36304      0
 20.36304      0
 20.39526      0
 20.39526      0
 20.42748      0
 20.4597       0
 20.4597       0
 20.49192      0
 20.49192      0
 20.52414      0
 20.55636      0
 20.55636      0
 20.58858      0
 20.58858      0
 20.6208       0
 20.65302      0
 20.65302      0
 20.68524      0
 20.68524      0
 20.71746      0
 20.71746      0
 20.74968      0
 20.7819       0
 20.7819       0
 20.81412      0
 20.81412      0
 20.84634      0
 20.87856      0
 20.87856      0
 20.91078      0
 20.91078      0
 20.943        0
 20.97522      0
 20.97522      0
 21.00744      0
 21.00744      0
 21.03966      0
 21.07188      0
 21.07188      0
 21.1041       0
 21.1041       0
 21.13632      0
 21.13632      0
 21.16854      0
 21.20076      0
 21.20076      0
 21.23298      0
 21.23298      0
 21.2652       0
