 0             0
 0             0
 0             0
 0             0
 0             0
 0             0
 0             0
 0             0
 0             0
 0             0
 0             0
 0             0
 0             0
 0             0
 0             0
 3.222e-002    0
 3.222e-002    0
 6.444e-002    0
 6.444e-002    0
 9.666e-002    0
 0.12888       0
 0.12888       0
 0.1611        0
 0.19332       0
 0.22554       0
 0.22554       0
 0.25776       0
 0.28998       0
 0.3222        0
 0.3222        0
 0.35442       0
 0.38664       0
 0.41886       0
 0.45108       0
 0.45108       0
 0.4833        0
 0.51552       0
 0.54774       0
 0.54774       0
 0.57996       0
 0.61218       0
 0.6444        0
 0.67662       0
 0.67662       0
 0.70884       0
 0.74106       0
 0.77328       0
 0.8055        0
 0.8055        0
 0.83772       0
 0.86994       0
 0.90216       0
 0.93438       0
 0.9666        0
 0.9666        0
 0.99882       0
 1.03104       0
 1.06326       0
 1.09548       0
 1.09548       0
 1.1277        0
 1.15992       0
 1.19214       0
 1.22436       0
 1.22436       0
 1.25658       0
 1.2888        0
 1.32102       0
 1.35324       0
 1.38546       0
 1.38546       0
 1.41768       0
 1.4499        0
 1.48212       0
 1.51434       0
 1.51434       0
 1.54656       0
 1.57878       0
 1.611         0
 1.64322       0
 1.67544       0
 1.67544       0
 1.70766       0
 1.73988       0
 1.7721        0
 1.80432       0
 1.83654       0
 1.83654       0
 1.86876       0
 1.90098       0
 1.9332        0
 1.96542       0
 1.96542       0
 1.99764       0
 2.02986       0
 2.06208       0
 2.0943        0
 2.12652       0
 2.12652       0
 2.15874       0
 2.19096       0
 2.22318       0
 2.2554        0
 2.2554        0
 2.28762       0
 2.31984       0
 2.35206       0
 2.38428       0
 2.4165        0
 2.4165        0
 2.44872       0
 2.48094       0
 2.51316       0
 2.54538       1
 2.54538       1
 2.5776        1
 2.60982       2
 2.64204       2
 2.67426       2
 2.70648       3
 2.70648       3
 2.7387        3
 2.77092       4
 2.80314       4
 2.83536       4
 2.83536       5
 2.86758       5
 2.8998        5
 2.93202       6
 2.96424       6
 2.99646       6
 2.99646       7
 3.02868       7
 3.0609        8
 3.09312       8
 3.12534       8
 3.12534       9
 3.15756       9
 3.18978       10
 3.25422       10
 3.28644       11
 3.28644       12
 3.31866       12
 3.35088       13
 3.3831        14
 3.41532       14
 3.41532       15
 3.44754       16
 3.47976       16
 3.51198       17
 3.5442        18
 3.57642       19
 3.57642       20
 3.60864       20
 3.64086       21
 3.67308       22
 3.7053        23
 3.7053        24
 3.73752       25
 3.76974       26
 3.80196       28
 3.83418       28
 3.83418       30
 3.8664        31
 3.89862       32
 3.93084       33
 3.96306       35
 3.99528       36
 3.99528       37
 4.0275        39
 4.05972       40
 4.09194       42
 4.12416       43
 4.12416       44
 4.15638       46
 4.1886        47
 4.22082       49
 4.25304       51
 4.25304       52
 4.28526       54
 4.31748       56
 4.3497        57
 4.38192       59
 4.41414       61
 4.41414       63
 4.44636       65
 4.47858       67
 4.5108        69
 4.54302       71
 4.54302       73
 4.57524       75
 4.60746       77
 4.63968       79
 4.6719        81
 4.6719        83
 4.70412       86
 4.73634       88
 4.76856       90
 4.80078       92
 4.80078       95
 4.833         97
 4.86522       100
 4.89744       103
 4.92966       105
 4.96188       108
 4.96188       110
 4.9941        113
 5.02632       115
 5.05854       118
 5.09076       120
 5.09076       123
 5.12298       126
 5.1552        129
 5.18742       132
 5.21964       134
 5.21964       137
 5.25186       140
 5.28408       142
 5.3163        146
 5.34852       148
 5.34852       151
 5.38074       154
 5.41296       157
 5.44518       160
 5.4774        163
 5.4774        166
 5.50962       169
 5.54184       173
 5.57406       176
 5.60628       179
 5.60628       182
 5.6385        185
 5.67072       188
 5.70294       192
 5.73516       195
 5.73516       198
 5.76738       202
 5.7996        205
 5.83182       209
 5.86404       212
 5.86404       215
 5.89626       219
 5.92848       222
 5.9607        226
 5.99292       229
 5.99292       232
 6.02514       236
 6.05736       239
 6.08958       243
 6.1218        247
 6.1218        250
 6.15402       253
 6.18624       257
 6.21846       260
 6.25068       264
 6.25068       268
 6.2829        271
 6.31512       275
 6.34734       278
 6.37956       282
 6.37956       285
 6.41178       289
 6.444         292
 6.47622       296
 6.50844       300
 6.54066       304
 6.57288       308
 6.6051        311
 6.63732       315
 6.66954       319
 6.66954       322
 6.70176       326
 6.73398       330
 6.7662        333
 6.79842       337
 6.79842       341
 6.83064       344
 6.86286       348
 6.89508       351
 6.9273        355
 6.9273        358
 6.95952       361
 6.99174       365
 7.02396       368
 7.02396       371
 7.05618       374
 7.0884        377
 7.12062       380
 7.15284       382
 7.15284       385
 7.18506       387
 7.21728       389
 7.2495        391
 7.28172       393
 7.28172       395
 7.31394       396
 7.34616       397
 7.37838       398
 7.4106        399
 7.4106        399
 7.44282       399
 7.47504       399
 7.50726       399
 7.53948       399
 7.53948       398
 7.5717        398
 7.60392       397
 7.63614       396
 7.66836       395
 7.66836       393
 7.70058       391
 7.7328        390
 7.76502       387
 7.76502       385
 7.79724       383
 7.82946       380
 7.86168       377
 7.8939        374
 7.8939        371
 7.92612       368
 7.95834       364
 7.99056       360
 8.02278       356
 8.02278       352
 8.055         347
 8.08722       343
 8.11944       338
 8.15166       334
 8.15166       329
 8.18388       324
 8.2161        319
 8.24832       314
 8.24832       309
 8.28054       304
 8.31276       298
 8.34498       293
 8.3772        288
 8.3772        283
 8.40942       278
 8.44164       273
 8.47386       268
 8.50608       264
 8.50608       259
 8.5383        254
 8.57052       249
 8.60274       244
 8.60274       240
 8.63496       235
 8.66718       230
 8.6994        226
 8.73162       222
 8.73162       217
 8.76384       213
 8.79606       209
 8.82828       205
 8.8605        200
 8.8605        196
 8.89272       192
 8.92494       188
 8.95716       184
 8.98938       181
 8.98938       177
 9.0216        173
 9.05382       170
 9.08604       166
 9.08604       163
 9.11826       159
 9.15048       156
 9.1827        152
 9.21492       149
 9.21492       145
 9.24714       142
 9.27936       139
 9.31158       136
 9.31158       133
 9.3438        131
 9.37602       128
 9.40824       126
 9.44046       123
 9.44046       121
 9.47268       119
 9.5049        116
 9.53712       114
 9.56934       112
 9.56934       110
 9.60156       108
 9.63378       106
 9.666         104
 9.666         103
 9.69822       101
 9.76266       98
 9.79488       97
 9.79488       95
 9.8271        93
 9.85932       92
 9.89154       90
 9.92376       89
 9.92376       88
 9.95598       86
 9.9882        85
 10.02042      84
 10.02042      82
 10.05264      81
 10.08486      80
 10.11708      79
 10.1493       78
 10.1493       77
 10.18152      76
 10.21374      75
 10.24596      73
 10.24596      72
 10.27818      72
 10.3104       70
 10.34262      70
 10.37484      69
 10.37484      67
 10.40706      67
 10.43928      66
 10.4715       65
 10.4715       64
 10.50372      63
 10.53594      62
 10.56816      62
 10.56816      61
 10.60038      60
 10.6326       59
 10.66482      58
 10.69704      58
 10.69704      57
 10.72926      56
 10.76148      55
 10.7937       55
 10.82592      54
 10.82592      53
 10.85814      52
 10.89036      51
 10.92258      51
 10.92258      50
 10.9548       49
 10.98702      49
 11.01924      48
 11.05146      47
 11.05146      47
 11.08368      46
 11.1159       45
 11.14812      45
 11.14812      44
 11.18034      43
 11.21256      43
 11.24478      42
 11.24478      41
 11.277        41
 11.30922      40
 11.34144      40
 11.37366      39
 11.37366      38
 11.40588      38
 11.4381       37
 11.47032      36
 11.47032      36
 11.50254      36
 11.53476      35
 11.56698      34
 11.56698      34
 11.5992       33
 11.63142      33
 11.66364      32
 11.69586      32
 11.69586      31
 11.72808      31
 11.7603       30
 11.79252      30
 11.79252      29
 11.82474      29
 11.85696      29
 11.88918      28
 11.88918      28
 11.9214       27
 11.95362      27
 11.98584      27
 12.01806      26
 12.01806      26
 12.05028      26
 12.0825       25
 12.11472      25
 12.11472      25
 12.14694      24
 12.17916      24
 12.21138      23
 12.21138      23
 12.2436       23
 12.27582      23
 12.30804      23
 12.34026      22
 12.34026      22
 12.37248      22
 12.4047       21
 12.43692      21
 12.43692      21
 12.46914      22
 12.50136      22
 12.53358      21
 12.53358      21
 12.5658       20
 12.59802      20
 12.63024      20
 12.63024      20
 12.66246      19
 12.69468      19
 12.7269       19
 12.75912      19
 12.75912      18
 12.79134      18
 12.82356      18
 12.85578      18
 12.85578      18
 12.888        18
 12.92022      18
 12.95244      18
 12.95244      18
 13.01688      18
 13.0491       18
 13.0491       18
 13.08132      18
 13.11354      18
 13.14576      18
 13.17798      18
 13.17798      18
 13.2102       18
 13.24242      18
 13.27464      18
 13.27464      18
 13.30686      18
 13.33908      18
 13.3713       19
 13.3713       18
 13.40352      19
 13.43574      19
 13.46796      19
 13.46796      19
 13.50018      19
 13.5324       19
 13.56462      19
 13.56462      19
 13.59684      19
 13.62906      19
 13.66128      19
 13.66128      19
 13.6935       20
 13.72572      20
 13.75794      20
 13.79016      20
 13.79016      20
 13.82238      20
 13.8546       20
 13.88682      20
 13.88682      21
 13.91904      21
 13.95126      21
 13.98348      21
 13.98348      21
 14.0157       21
 14.04792      22
 14.08014      21
 14.08014      22
 14.11236      22
 14.14458      22
 14.1768       22
 14.1768       22
 14.20902      22
 14.24124      23
 14.27346      23
 14.27346      23
 14.30568      23
 14.3379       23
 14.37012      23
 14.37012      23
 14.40234      23
 14.43456      23
 14.46678      24
 14.46678      24
 14.499        24
 14.53122      24
 14.56344      24
 14.56344      24
 14.59566      24
 14.62788      24
 14.6601       24
 14.6601       24
 14.69232      25
 14.72454      25
 14.75676      25
 14.75676      25
 14.78898      25
 14.8212       25
 14.85342      25
 14.85342      25
 14.88564      25
 14.91786      25
 14.95008      25
 14.95008      27
 14.9823       4
 15.01452      0
 15.04674      0
 15.04674      0
 15.07896      0
 15.11118      0
 15.1434       0
 15.1434       0
 15.17562      0
 15.20784      1
 15.24006      3
 15.24006      6
 15.27228      8
 15.3045       9
 15.33672      11
 15.33672      12
 15.36894      14
 15.40116      15
 15.43338      15
 15.43338      0
 15.4656       0
 15.49782      0
 15.49782      0
 15.53004      0
 15.56226      0
 15.59448      0
 15.59448      0
 15.6267       0
 15.65892      0
 15.69114      0
 15.69114      0
 15.72336      0
 15.75558      0
 15.7878       0
 15.7878       0
 15.82002      0
 15.85224      0
 15.88446      0
 15.88446      0
 15.91668      0
 15.9489       0
 15.98112      0
 15.98112      0
 16.01334      0
 16.04556      0
 16.07778      0
 16.07778      0
 16.11         0
 16.14222      0
 16.17444      0
 16.17444      0
 16.20666      0
 16.2711       0
 16.2711       0
 16.30332      0
 16.33554      0
 16.36776      0
 16.36776      0
 16.39998      0
 16.4322       0
 16.46442      0
 16.46442      0
 16.49664      0
 16.52886      0
 16.56108      0
 16.56108      0
 16.5933       0
 16.62552      0
 16.62552      0
 16.65774      0
 16.68996      0
 16.72218      0
 16.72218      0
 16.7544       0
 16.78662      0
 16.81884      0
 16.81884      0
 16.85106      0
 16.88328      0
 16.9155       0
 16.9155       0
 16.94772      0
 16.97994      0
 16.97994      0
 17.01216      0
 17.04438      0
 17.0766       0
 17.0766       0
 17.10882      0
 17.14104      0
 17.17326      0
 17.17326      0
 17.20548      0
 17.2377       0
 17.26992      0
 17.26992      0
 17.30214      0
 17.33436      0
 17.33436      0
 17.36658      0
 17.3988       0
 17.43102      0
 17.43102      0
 17.46324      0
 17.49546      0
 17.52768      0
 17.52768      0
 17.5599       0
 17.59212      0
 17.62434      0
 17.62434      0
 17.65656      0
 17.68878      0
 17.68878      0
 17.721        0
 17.75322      0
 17.78544      0
 17.78544      0
 17.81766      0
 17.84988      0
 17.8821       0
 17.8821       0
 17.91432      0
 17.94654      0
 17.97876      0
 17.97876      0
 18.01098      0
 18.0432       0
 18.0432       0
 18.07542      0
 18.10764      0
 18.13986      0
 18.13986      0
 18.17208      0
 18.2043       0
 18.23652      0
 18.23652      0
 18.26874      0
 18.30096      0
 18.30096      0
 18.33318      0
 18.3654       0
 18.39762      0
 18.39762      0
 18.42984      0
 18.46206      0
 18.49428      0
 18.49428      0
 18.5265       0
 18.55872      0
 18.55872      0
 18.59094      0
 18.62316      0
 18.65538      0
 18.65538      0
 18.6876       0
 18.71982      0
 18.71982      0
 18.75204      0
 18.78426      0
 18.81648      0
 18.81648      0
 18.8487       0
 18.88092      0
 18.91314      0
 18.91314      0
 18.94536      0
 18.97758      0
 18.97758      0
 19.0098       0
 19.04202      0
 19.07424      0
 19.07424      0
 19.10646      0
 19.13868      0
 19.13868      0
 19.1709       0
 19.20312      0
 19.23534      0
 19.23534      0
 19.26756      0
 19.29978      0
 19.332        0
 19.332        0
 19.36422      0
 19.39644      0
 19.39644      0
 19.42866      0
 19.46088      0
 19.4931       0
 19.52532      0
 19.55754      0
 19.58976      0
 19.58976      0
 19.62198      0
 19.6542       0
 19.6542       0
 19.68642      0
 19.71864      0
 19.75086      0
 19.75086      0
 19.78308      0
 19.8153       0
 19.8153       0
 19.84752      0
 19.87974      0
 19.91196      0
 19.91196      0
 19.94418      0
 19.9764       0
 20.00862      0
 20.00862      0
 20.04084      0
 20.07306      0
 20.07306      0
 20.10528      0
 20.1375       0
 20.16972      0
 20.16972      0
 20.20194      0
 20.23416      0
 20.23416      0
 20.26638      0
 20.2986       0
 20.33082      0
 20.33082      0
 20.36304      0
 20.39526      0
 20.39526      0
 20.42748      0
 20.4597       0
 20.49192      0
 20.49192      0
 20.52414      0
 20.55636      0
 20.55636      0
 20.58858      0
 20.6208       0
 20.65302      0
 20.65302      0
 20.68524      0
 20.71746      0
 20.71746      0
 20.74968      0
 20.7819       0
 20.7819       0
 20.81412      0
 20.84634      0
 20.87856      0
 20.87856      0
 20.91078      0
 20.943        0
 20.943        0
 20.97522      0
 21.00744      0
 21.03966      0
 21.03966      0
 21.07188      0
 21.1041       0
 21.1041       0
 21.13632      0
 21.16854      0
 21.20076      0
 21.20076      0
 21.23298      0
 21.2652       0
 21.2652       0
 21.29742      0
 21.32964      0
 21.32964      0
 21.36186      0
 21.39408      0
 21.4263       0
 21.4263       0
 21.45852      0
 21.49074      0
 21.49074      0
 21.52296      0
 21.55518      0
 21.5874       0
 21.5874       0
 21.61962      0
 21.65184      0
 21.65184      0
 21.68406      0
 21.71628      0
 21.71628      0
 21.7485       0
 21.78072      0
 21.81294      0
 21.81294      0
 21.84516      0
 21.87738      0
 21.87738      0
 21.9096       0
 21.94182      0
 21.97404      0
 21.97404      0
 22.00626      0
 22.03848      0
 22.03848      0
 22.0707       0
 22.10292      0
 22.10292      0
 22.13514      0
 22.16736      0
 22.19958      0
 22.19958      0
 22.2318       0
 22.26402      0
 22.26402      0
 22.29624      0
 22.32846      0
 22.32846      0
 22.36068      0
 22.3929       0
 22.3929       0
 22.42512      0
 22.45734      0
 22.48956      0
 22.48956      0
 22.52178      0
 22.554        0
 22.58622      0
 22.61844      0
 22.65066      0
 22.65066      0
 22.68288      0
 22.7151       0
 22.7151       0
 22.77954      0
 22.81176      0
 22.81176      0
 22.84398      0
 22.8762       0
 22.8762       0
 22.90842      0
 22.94064      0
 22.94064      0
 22.97286      0
 23.00508      0
 23.00508      0
 23.0373       0
 23.06952      0
 23.06952      0
 23.10174      0
 23.13396      0
 23.16618      0
 23.16618      0
 23.1984       0
 23.23062      0
 23.23062      0
 23.26284      0
 23.29506      0
 23.29506      0
 23.32728      0
 23.3595       0
 23.3595       0
 23.39172      0
 23.42394      0
 23.45616      0
 23.45616      0
 23.48838      0
 23.5206       0
 23.5206       0
 23.55282      0
 23.58504      0
 23.58504      0
 23.61726      0
 23.64948      0
 23.64948      0
 23.6817       0
 23.71392      0
 23.71392      0
 23.74614      0
 23.77836      0
 23.81058      0
 23.81058      0
 23.8428       0
 23.87502      0
 23.87502      0
 23.90724      0
 23.93946      0
 23.93946      0
 23.97168      0
 24.0039       0
 24.0039       0
 24.03612      0
 24.06834      0
 24.06834      0
 24.10056      0
 24.13278      0
 24.13278      0
 24.165        0
 24.19722      0
 24.22944      0
 24.22944      0
 24.26166      0
 24.29388      0
 24.29388      0
 24.3261       0
 24.35832      0
 24.35832      0
 24.39054      0
 24.42276      0
 24.42276      0
 24.45498      0
 24.4872       0
 24.4872       0
 24.51942      0
 24.55164      0
 24.58386      0
 24.58386      0
 24.61608      0
 24.61608      0
 24.6483       0
 24.68052      0
 24.71274      0
 24.71274      0
 24.74496      0
 24.74496      0
 24.77718      0
 24.8094       0
