 0             0
 0             0
 0             0
 0             0
 0             0
 0             0
 0             0
 0             0
 0             0
 3.222e-002    0
 3.222e-002    0
 6.444e-002    0
 9.666e-002    0
 9.666e-002    0
 0.12888       0
 0.1611        0
 0.1611        0
 0.22554       0
 0.22554       0
 0.25776       0
 0.28998       0
 0.3222        0
 0.35442       0
 0.38664       0
 0.38664       0
 0.41886       0
 0.45108       0
 0.4833        0
 0.51552       0
 0.54774       0
 0.54774       0
 0.61218       0
 0.61218       0
 0.6444        0
 0.67662       0
 0.70884       0
 0.74106       0
 0.77328       0
 0.77328       0
 0.83772       0
 0.83772       0
 0.86994       0
 0.90216       0
 0.93438       0
 0.9666        0
 0.99882       0
 1.03104       0
 1.06326       0
 1.06326       0
 1.09548       0
 1.1277        0
 1.15992       0
 1.19214       0
 1.22436       0
 1.25658       0
 1.2888        0
 1.32102       0
 1.32102       0
 1.35324       0
 1.38546       0
 1.41768       0
 1.4499        0
 1.48212       0
 1.51434       0
 1.54656       0
 1.57878       0
 1.611         0
 1.64322       0
 1.64322       0
 1.67544       0
 1.70766       0
 1.73988       0
 1.7721        0
 1.80432       0
 1.83654       0
 1.86876       0
 1.90098       0
 1.9332        0
 1.96542       0
 1.96542       0
 1.99764       0
 2.02986       0
 2.06208       0
 2.0943        0
 2.12652       0
 2.15874       0
 2.19096       0
 2.22318       0
 2.2554        0
 2.28762       0
 2.31984       0
 2.35206       0
 2.38428       0
 2.38428       0
 2.44872       0
 2.44872       0
 2.48094       0
 2.51316       0
 2.54538       0
 2.5776        0
 2.60982       0
 2.64204       0
 2.67426       0
 2.70648       0
 2.7387        0
 2.77092       0
 2.80314       0
 2.80314       0
 2.83536       0
 2.86758       0
 2.8998        0
 2.93202       0
 2.96424       0
 2.99646       0
 3.02868       0
 3.0609        0
 3.09312       0
 3.12534       0
 3.15756       0
 3.18978       0
 3.222         0
 3.25422       0
 3.28644       0
 3.31866       0
 3.35088       0
 3.3831        0
 3.41532       0
 3.44754       0
 3.47976       0
 3.51198       0
 3.5442        0
 3.57642       0
 3.60864       0
 3.64086       0
 3.64086       0
 3.67308       0
 3.7053        0
 3.73752       0
 3.76974       0
 3.80196       0
 3.83418       0
 3.8664        0
 3.89862       0
 3.93084       0
 3.96306       0
 3.99528       0
 4.0275        0
 4.05972       0
 4.09194       0
 4.12416       0
 4.12416       0
 4.15638       0
 4.1886        0
 4.22082       0
 4.25304       0
 4.28526       0
 4.31748       0
 4.3497        0
 4.38192       0
 4.41414       0
 4.44636       0
 4.47858       0
 4.5108        0
 4.54302       0
 4.57524       0
 4.60746       0
 4.60746       0
 4.63968       0
 4.6719        0
 4.70412       0
 4.73634       0
 4.76856       0
 4.80078       0
 4.833         1
 4.86522       1
 4.89744       1
 4.92966       1
 4.96188       1
 4.9941        1
 5.02632       2
 5.05854       2
 5.05854       2
 5.09076       2
 5.12298       2
 5.1552        3
 5.18742       3
 5.21964       3
 5.25186       3
 5.28408       3
 5.3163        4
 5.34852       4
 5.38074       4
 5.41296       4
 5.44518       5
 5.44518       5
 5.4774        5
 5.50962       5
 5.54184       6
 5.57406       6
 5.60628       6
 5.6385        6
 5.67072       7
 5.70294       7
 5.73516       7
 5.76738       8
 5.7996        8
 5.83182       8
 5.86404       9
 5.86404       9
 5.89626       9
 5.92848       10
 5.9607        10
 5.99292       10
 6.02514       11
 6.05736       11
 6.08958       12
 6.1218        12
 6.15402       12
 6.18624       13
 6.21846       13
 6.25068       14
 6.2829        14
 6.2829        14
 6.31512       15
 6.34734       15
 6.37956       16
 6.41178       16
 6.444         17
 6.50844       17
 6.54066       18
 6.57288       18
 6.6051        19
 6.63732       19
 6.63732       20
 6.66954       20
 6.70176       21
 6.73398       21
 6.7662        22
 6.79842       22
 6.83064       23
 6.86286       23
 6.89508       23
 6.9273        24
 6.95952       24
 6.99174       25
 7.02396       25
 7.05618       25
 7.05618       25
 7.0884        26
 7.12062       26
 7.15284       26
 7.18506       26
 7.21728       26
 7.2495        26
 7.28172       26
 7.31394       26
 7.34616       25
 7.37838       25
 7.4106        25
 7.4106        25
 7.44282       24
 7.47504       24
 7.50726       24
 7.53948       23
 7.5717        23
 7.60392       23
 7.63614       22
 7.66836       22
 7.70058       21
 7.7328        21
 7.76502       20
 7.76502       20
 7.79724       19
 7.82946       19
 7.86168       18
 7.8939        18
 7.92612       17
 7.95834       17
 7.99056       16
 8.02278       16
 8.055         15
 8.08722       15
 8.11944       15
 8.11944       14
 8.15166       14
 8.18388       13
 8.2161        13
 8.24832       13
 8.28054       12
 8.31276       12
 8.34498       12
 8.3772        11
 8.40942       11
 8.44164       11
 8.44164       11
 8.47386       10
 8.50608       10
 8.5383        10
 8.57052       10
 8.60274       10
 8.63496       9
 8.66718       9
 8.6994        9
 8.73162       9
 8.76384       9
 8.79606       9
 8.79606       9
 8.82828       9
 8.8605        9
 8.89272       9
 8.92494       9
 8.95716       9
 8.98938       9
 9.0216        9
 9.05382       9
 9.08604       9
 9.11826       9
 9.11826       10
 9.15048       10
 9.1827        10
 9.21492       10
 9.24714       10
 9.27936       11
 9.31158       11
 9.3438        11
 9.37602       11
 9.40824       12
 9.44046       12
 9.44046       12
 9.47268       13
 9.5049        13
 9.53712       13
 9.56934       14
 9.60156       14
 9.63378       14
 9.666         15
 9.69822       15
 9.73044       16
 9.76266       16
 9.79488       16
 9.8271        17
 9.85932       17
 9.89154       18
 9.92376       18
 9.95598       19
 9.9882        19
 10.02042      20
 10.05264      21
 10.08486      21
 10.08486      22
 10.11708      22
 10.1493       23
 10.18152      23
 10.21374      24
 10.24596      25
 10.27818      25
 10.3104       26
 10.34262      26
 10.37484      27
 10.37484      28
 10.40706      29
 10.43928      29
 10.4715       30
 10.50372      31
 10.53594      31
 10.56816      32
 10.60038      33
 10.6326       34
 10.66482      34
 10.66482      35
 10.69704      36
 10.72926      37
 10.76148      38
 10.7937       39
 10.82592      39
 10.85814      40
 10.89036      41
 10.92258      42
 10.9548       43
 10.9548       44
 10.98702      45
 11.01924      46
 11.05146      46
 11.08368      47
 11.1159       48
 11.14812      49
 11.18034      50
 11.21256      51
 11.24478      52
 11.24478      53
 11.277        54
 11.30922      55
 11.34144      56
 11.37366      57
 11.40588      58
 11.4381       59
 11.47032      60
 11.50254      61
 11.53476      62
 11.53476      63
 11.56698      64
 11.5992       65
 11.63142      66
 11.66364      67
 11.69586      68
 11.72808      69
 11.7603       70
 11.79252      70
 11.79252      71
 11.82474      72
 11.85696      72
 11.88918      73
 11.9214       73
 11.95362      73
 11.98584      74
 12.01806      74
 12.05028      74
 12.0825       74
 12.0825       74
 12.11472      73
 12.14694      73
 12.17916      73
 12.21138      72
 12.2436       72
 12.27582      71
 12.30804      70
 12.34026      69
 12.34026      69
 12.37248      68
 12.4047       67
 12.43692      66
 12.46914      65
 12.50136      64
 12.53358      63
 12.5658       62
 12.59802      60
 12.59802      59
 12.63024      58
 12.66246      57
 12.69468      56
 12.7269       54
 12.75912      53
 12.79134      52
 12.82356      51
 12.85578      49
 12.85578      48
 12.888        47
 12.92022      46
 12.95244      45
 13.01688      43
 13.0491       42
 13.08132      41
 13.11354      40
 13.11354      39
 13.14576      38
 13.17798      37
 13.2102       37
 13.24242      36
 13.27464      35
 13.30686      34
 13.33908      33
 13.33908      33
 13.3713       32
 13.40352      31
 13.43574      31
 13.46796      30
 13.50018      30
 13.5324       29
 13.56462      29
 13.59684      28
 13.59684      28
 13.62906      28
 13.66128      28
 13.6935       27
 13.72572      27
 13.75794      27
 13.79016      27
 13.82238      27
 13.8546       27
 13.8546       27
 13.88682      27
 13.91904      27
 13.95126      27
 13.98348      27
 14.0157       27
 14.04792      27
 14.08014      27
 14.08014      28
 14.11236      28
 14.14458      28
 14.1768       28
 14.20902      29
 14.24124      29
 14.27346      29
 14.30568      30
 14.3379       30
 14.3379       30
 14.37012      31
 14.40234      31
 14.43456      32
 14.46678      32
 14.499        33
 14.53122      33
 14.53122      34
 14.56344      34
 14.59566      35
 14.62788      36
 14.6601       36
 14.69232      37
 14.72454      38
 14.75676      38
 14.75676      39
 14.78898      40
 14.8212       40
 14.85342      41
 14.88564      42
 14.91786      43
 14.95008      44
 14.9823       45
 14.9823       45
 15.01452      46
 15.04674      47
 15.07896      48
 15.11118      49
 15.1434       50
 15.17562      51
 15.20784      52
 15.24006      53
 15.24006      54
 15.27228      55
 15.3045       56
 15.33672      57
 15.36894      58
 15.40116      59
 15.43338      60
 15.4656       61
 15.4656       62
 15.49782      64
 15.53004      65
 15.56226      66
 15.59448      67
 15.6267       68
 15.65892      69
 15.69114      71
 15.69114      72
 15.72336      73
 15.75558      74
 15.7878       76
 15.82002      77
 15.85224      78
 15.88446      80
 15.88446      80
 15.91668      80
 15.9489       80
 15.98112      80
 16.01334      80
 16.04556      81
 16.07778      82
 16.11         82
 16.11         83
 16.14222      84
 16.17444      85
 16.20666      87
 16.2711       88
 16.30332      90
 16.30332      91
 16.33554      93
 16.36776      94
 16.39998      96
 16.4322       97
 16.46442      99
 16.49664      101
 16.52886      103
 16.52886      104
 16.56108      106
 16.5933       107
 16.62552      109
 16.65774      110
 16.68996      111
 16.72218      112
 16.72218      113
 16.7544       114
 16.78662      115
 16.81884      116
 16.85106      116
 16.88328      117
 16.9155       118
 16.9155       118
 16.94772      119
 16.97994      119
 17.01216      119
 17.04438      119
 17.0766       120
 17.10882      120
 17.14104      119
 17.14104      119
 17.17326      119
 17.20548      119
 17.2377       118
 17.26992      118
 17.30214      117
 17.33436      117
 17.33436      116
 17.36658      115
 17.3988       114
 17.43102      113
 17.46324      113
 17.49546      111
 17.52768      110
 17.52768      109
 17.5599       108
 17.59212      106
 17.62434      105
 17.65656      104
 17.68878      102
 17.721        101
 17.721        98
 17.75322      97
 17.78544      96
 17.81766      94
 17.84988      92
 17.8821       91
 17.91432      89
 17.91432      88
 17.94654      86
 17.97876      85
 18.01098      84
 18.0432       82
 18.07542      81
 18.10764      79
 18.10764      78
 18.13986      77
 18.17208      75
 18.2043       74
 18.23652      73
 18.26874      72
 18.30096      71
 18.33318      70
 18.33318      69
 18.3654       68
 18.39762      67
 18.42984      66
 18.46206      65
 18.49428      64
 18.49428      64
 18.5265       63
 18.55872      62
 18.59094      62
 18.62316      61
 18.65538      61
 18.6876       60
 18.71982      60
 18.71982      60
 18.75204      59
 18.78426      59
 18.81648      59
 18.8487       59
 18.88092      58
 18.88092      58
 18.91314      58
 18.94536      58
 18.97758      58
 19.0098       58
 19.04202      58
 19.07424      58
 19.07424      58
 19.10646      58
 19.13868      58
 19.1709       59
 19.20312      59
 19.23534      59
 19.26756      59
 19.26756      60
 19.29978      60
 19.332        60
 19.36422      61
 19.39644      61
 19.42866      61
 19.42866      62
 19.46088      62
 19.52532      63
 19.55754      63
 19.58976      64
 19.62198      64
 19.62198      65
 19.6542       65
 19.68642      66
 19.71864      67
 19.75086      67
 19.78308      68
 19.78308      69
 19.8153       70
 19.84752      70
 19.87974      71
 19.91196      72
 19.94418      73
 19.9764       74
 19.9764       75
 20.00862      75
 20.04084      76
 20.07306      77
 20.10528      78
 20.1375       79
 20.1375       80
 20.16972      81
 20.20194      82
 20.23416      83
 20.26638      85
 20.2986       86
 20.33082      87
 20.33082      88
 20.36304      89
 20.39526      90
 20.42748      92
 20.4597       93
 20.49192      94
 20.49192      95
 20.52414      97
 20.55636      98
 20.58858      99
 20.6208       102
 20.65302      103
 20.65302      104
 20.68524      106
 20.71746      107
 20.74968      109
 20.7819       110
 20.81412      111
 20.81412      113
 20.84634      114
 20.87856      116
 20.91078      118
 20.943        119
 20.97522      121
 20.97522      122
 21.00744      124
 21.03966      125
 21.07188      127
 21.1041       129
 21.13632      130
 21.16854      132
 21.16854      133
 21.20076      135
 21.23298      137
 21.2652       138
 21.29742      140
 21.32964      142
 21.32964      143
 21.36186      145
 21.39408      146
 21.4263       148
 21.45852      149
 21.49074      151
 21.49074      152
 21.52296      154
 21.55518      155
 21.5874       157
 21.61962      158
 21.65184      159
 21.65184      161
 21.68406      162
 21.71628      163
 21.7485       164
 21.78072      165
 21.81294      167
 21.81294      168
 21.84516      169
 21.87738      169
 21.9096       170
 21.94182      171
 21.97404      172
 21.97404      173
 22.00626      173
 22.03848      174
 22.0707       174
 22.10292      175
 22.13514      175
 22.13514      176
 22.16736      176
 22.19958      176
 22.2318       176
 22.26402      176
 22.29624      176
 22.29624      176
 22.32846      176
 22.36068      176
 22.3929       175
 22.42512      175
 22.45734      174
 22.45734      174
 22.48956      173
 22.52178      173
 22.554        172
 22.58622      171
 22.58622      170
 22.61844      170
 22.65066      169
 22.68288      168
 22.7151       167
 22.74732      166
 22.77954      165
 22.81176      164
 22.84398      163
 22.8762       162
 22.90842      161
 22.90842      159
 22.94064      158
 22.97286      157
 23.00508      156
 23.0373       155
 23.0373       154
 23.06952      153
 23.10174      152
 23.13396      150
 23.16618      149
 23.1984       148
 23.1984       147
 23.23062      146
 23.26284      145
 23.29506      144
 23.32728      143
 23.32728      142
 23.3595       141
 23.39172      140
 23.42394      139
 23.45616      139
 23.48838      138
 23.48838      137
 23.5206       137
 23.55282      136
 23.58504      135
 23.61726      134
 23.64948      133
 23.64948      133
 23.6817       132
 23.71392      132
 23.74614      131
 23.77836      131
 23.77836      131
 23.81058      130
 23.8428       130
 23.87502      130
 23.90724      129
 23.93946      129
 23.93946      129
 23.97168      129
 24.0039       129
 24.03612      129
 24.06834      129
 24.06834      129
 24.10056      129
 24.13278      129
 24.165        129
 24.19722      129
 24.22944      129
 24.22944      129
 24.26166      129
 24.29388      129
 24.3261       130
 24.35832      130
 24.35832      130
 24.39054      131
 24.42276      131
 24.45498      131
 24.4872       132
 24.4872       132
 24.51942      133
 24.55164      133
 24.58386      134
 24.61608      135
 24.61608      136
 24.6483       136
 24.68052      138
 24.71274      141
 24.74496      145
 24.74496      148
 24.77718      151
 24.8094       153
 24.84162      155
 24.87384      157
 24.87384      158
 24.90606      159
 24.93828      160
 24.9705       161
 25.00272      161
 25.00272      162
 25.03494      162
 25.06716      162
 25.09938      163
 25.1316       163
 25.1316       163
 25.16382      163
 25.19604      163
 25.22826      163
 25.26048      163
 25.26048      163
 25.2927       163
 25.32492      163
 25.35714      163
 25.38936      163
 25.38936      163
 25.42158      163
 25.4538       163
 25.48602      163
 25.51824      163
 25.55046      163
 25.55046      162
 25.58268      162
 25.6149       162
 25.64712      162
 25.67934      162
 25.67934      163
 25.71156      163
 25.74378      163
 25.776        163
 25.80822      163
 25.80822      164
 25.84044      164
 25.87266      165
 25.90488      166
 25.9371       166
 25.9371       167
 25.96932      168
 26.03376      168
 26.06598      169
 26.06598      170
 26.0982       171
 26.13042      171
 26.16264      172
 26.19486      173
 26.19486      174
 26.22708      175
 26.2593       176
 26.29152      177
 26.32374      178
 26.32374      178
 26.35596      179
 26.38818      180
 26.4204       181
 26.45262      182
 26.45262      183
 26.48484      183
 26.51706      184
 26.54928      185
 26.5815       185
 26.5815       186
 26.61372      186
 26.64594      186
 26.67816      186
 26.71038      186
 26.71038      186
 26.7426       186
 26.77482      186
 26.80704      186
 26.83926      185
 26.83926      185
 26.87148      184
 26.9037       184
 26.93592      183
 26.93592      183
 26.96814      183
 27.00036      182
 27.03258      182
 27.0648       182
 27.0648       181
 27.09702      181
 27.12924      181
 27.16146      181
 27.19368      181
 27.19368      181
 27.2259       181
 27.25812      181
 27.29034      181
 27.29034      182
 27.32256      182
 27.35478      182
 27.387        182
 27.41922      183
 27.41922      183
 27.45144      183
 27.48366      184
 27.51588      184
 27.5481       184
 27.5481       185
 27.58032      185
 27.61254      186
 27.64476      186
 27.64476      186
 27.67698      187
 27.7092       187
 27.74142      187
 27.77364      188
 27.77364      188
 27.80586      188
 27.83808      189
 27.8703       189
 27.8703       189
 27.90252      189
 27.93474      190
 27.96696      190
 27.99918      190
 27.99918      190
 28.0314       191
 28.06362      191
 28.09584      191
 28.09584      192
 28.12806      192
 28.16028      192
 28.1925       193
 28.22472      193
 28.22472      193
 28.25694      194
 28.28916      194
 28.32138      194
 28.32138      195
 28.3536       195
 28.38582      195
 28.41804      196
 28.45026      196
 28.45026      196
 28.48248      197
 28.5147       197
 28.54692      197
 28.54692      198
