 0             0
 0             0
 0             0
 0             0
 0             0
 0             0
 0             0
 0             0
 0             0
 3.222e-002    0
 3.222e-002    0
 6.444e-002    0
 9.666e-002    0
 9.666e-002    0
 0.12888       0
 0.1611        0
 0.1611        0
 0.22554       0
 0.22554       0
 0.25776       0
 0.28998       0
 0.3222        0
 0.3222        0
 0.38664       0
 0.38664       0
 0.41886       0
 0.45108       0
 0.4833        0
 0.51552       0
 0.54774       0
 0.54774       0
 0.61218       0
 0.61218       0
 0.6444        0
 0.67662       0
 0.70884       0
 0.74106       0
 0.77328       0
 0.77328       0
 0.8055        0
 0.83772       0
 0.86994       0
 0.90216       0
 0.93438       0
 0.9666        0
 0.99882       0
 1.03104       0
 1.03104       0
 1.09548       0
 1.09548       0
 1.1277        0
 1.15992       0
 1.19214       0
 1.22436       0
 1.25658       0
 1.25658       0
 1.32102       0
 1.32102       0
 1.35324       0
 1.38546       0
 1.41768       0
 1.4499        0
 1.48212       0
 1.51434       0
 1.54656       0
 1.57878       0
 1.57878       0
 1.64322       0
 1.64322       0
 1.67544       0
 1.70766       0
 1.73988       0
 1.7721        0
 1.80432       0
 1.83654       0
 1.86876       0
 1.90098       0
 1.9332        0
 1.9332        0
 1.96542       0
 1.99764       0
 2.02986       0
 2.06208       0
 2.0943        0
 2.12652       0
 2.15874       0
 2.19096       0
 2.22318       0
 2.2554        0
 2.28762       0
 2.31984       0
 2.31984       0
 2.35206       0
 2.38428       0
 2.4165        0
 2.44872       0
 2.48094       0
 2.51316       0
 2.54538       0
 2.5776        0
 2.60982       0
 2.64204       0
 2.67426       0
 2.70648       0
 2.7387        0
 2.7387        0
 2.77092       0
 2.80314       0
 2.83536       0
 2.86758       0
 2.8998        0
 2.93202       0
 2.96424       0
 2.99646       0
 3.02868       0
 3.0609        0
 3.09312       0
 3.12534       0
 3.15756       0
 3.15756       0
 3.18978       0
 3.25422       0
 3.28644       0
 3.31866       0
 3.35088       0
 3.3831        0
 3.41532       0
 3.44754       0
 3.47976       0
 3.51198       0
 3.5442        0
 3.57642       0
 3.60864       0
 3.60864       0
 3.64086       0
 3.67308       0
 3.7053        0
 3.73752       0
 3.76974       0
 3.80196       0
 3.83418       0
 3.8664        0
 3.89862       0
 3.93084       0
 3.96306       0
 3.99528       0
 4.0275        0
 4.0275        0
 4.05972       1
 4.09194       1
 4.12416       1
 4.15638       1
 4.1886        2
 4.22082       2
 4.25304       2
 4.28526       2
 4.31748       3
 4.3497        3
 4.38192       3
 4.41414       4
 4.44636       4
 4.44636       4
 4.47858       5
 4.5108        5
 4.54302       5
 4.57524       6
 4.60746       6
 4.63968       7
 4.6719        7
 4.70412       7
 4.73634       8
 4.76856       8
 4.80078       9
 4.833         9
 4.86522       10
 4.89744       10
 4.89744       11
 4.92966       11
 4.96188       12
 4.9941        12
 5.02632       13
 5.05854       14
 5.09076       14
 5.12298       15
 5.1552        15
 5.18742       16
 5.21964       17
 5.25186       17
 5.28408       18
 5.3163        19
 5.34852       20
 5.34852       20
 5.38074       21
 5.41296       22
 5.44518       23
 5.4774        23
 5.50962       24
 5.54184       25
 5.57406       26
 5.60628       27
 5.6385        28
 5.67072       29
 5.70294       29
 5.73516       30
 5.73516       31
 5.76738       32
 5.7996        33
 5.83182       34
 5.86404       35
 5.89626       37
 5.92848       38
 5.9607        39
 5.99292       40
 6.02514       41
 6.05736       42
 6.08958       43
 6.1218        44
 6.15402       45
 6.15402       47
 6.18624       48
 6.21846       49
 6.25068       50
 6.2829        52
 6.31512       53
 6.34734       54
 6.37956       56
 6.41178       57
 6.444         58
 6.50844       60
 6.50844       61
 6.54066       63
 6.57288       64
 6.6051        65
 6.63732       67
 6.66954       68
 6.70176       70
 6.73398       71
 6.7662        73
 6.79842       74
 6.83064       76
 6.86286       77
 6.89508       79
 6.9273        80
 6.9273        81
 6.95952       83
 6.99174       84
 7.02396       85
 7.05618       86
 7.0884        87
 7.12062       88
 7.15284       89
 7.18506       90
 7.21728       90
 7.2495        91
 7.28172       91
 7.31394       91
 7.31394       91
 7.34616       91
 7.37838       91
 7.4106        91
 7.44282       90
 7.47504       89
 7.50726       89
 7.53948       88
 7.5717        87
 7.60392       86
 7.63614       85
 7.66836       84
 7.66836       83
 7.70058       81
 7.7328        80
 7.76502       78
 7.79724       77
 7.82946       75
 7.86168       74
 7.8939        72
 7.92612       70
 7.95834       69
 7.99056       67
 7.99056       65
 8.02278       64
 8.055         62
 8.08722       61
 8.11944       59
 8.15166       57
 8.18388       56
 8.2161        55
 8.24832       53
 8.28054       52
 8.31276       51
 8.34498       49
 8.34498       48
 8.3772        47
 8.40942       46
 8.44164       45
 8.47386       44
 8.50608       43
 8.5383        42
 8.57052       41
 8.60274       41
 8.63496       40
 8.66718       40
 8.66718       39
 8.6994        39
 8.73162       38
 8.76384       38
 8.79606       37
 8.82828       37
 8.8605        36
 8.89272       36
 8.92494       36
 8.95716       36
 8.98938       36
 8.98938       37
 9.0216        37
 9.05382       37
 9.08604       37
 9.11826       38
 9.15048       38
 9.1827        38
 9.21492       39
 9.24714       39
 9.27936       40
 9.31158       41
 9.31158       41
 9.3438        42
 9.37602       43
 9.40824       44
 9.44046       44
 9.47268       45
 9.5049        46
 9.53712       47
 9.56934       48
 9.60156       49
 9.63378       50
 9.63378       51
 9.666         52
 9.69822       53
 9.76266       54
 9.79488       56
 9.8271        57
 9.85932       58
 9.89154       59
 9.92376       61
 9.92376       62
 9.95598       63
 9.9882        65
 10.02042      66
 10.05264      68
 10.08486      69
 10.11708      71
 10.1493       72
 10.18152      74
 10.21374      75
 10.24596      77
 10.24596      79
 10.27818      80
 10.3104       82
 10.34262      84
 10.37484      85
 10.40706      87
 10.43928      89
 10.4715       91
 10.50372      93
 10.53594      95
 10.53594      96
 10.56816      98
 10.60038      101
 10.6326       103
 10.66482      105
 10.69704      107
 10.72926      109
 10.76148      111
 10.7937       113
 10.82592      115
 10.82592      118
 10.85814      120
 10.89036      122
 10.92258      124
 10.9548       126
 10.98702      128
 11.01924      131
 11.05146      133
 11.08368      135
 11.1159       138
 11.1159       140
 11.14812      142
 11.18034      145
 11.21256      147
 11.24478      150
 11.277        152
 11.30922      155
 11.34144      157
 11.37366      160
 11.40588      162
 11.40588      165
 11.4381       167
 11.47032      170
 11.50254      172
 11.53476      175
 11.56698      177
 11.5992       180
 11.63142      183
 11.66364      185
 11.66364      188
 11.69586      190
 11.72808      193
 11.7603       195
 11.79252      197
 11.82474      200
 11.85696      203
 11.88918      205
 11.9214       207
 11.95362      209
 11.95362      211
 11.98584      213
 12.01806      215
 12.05028      216
 12.0825       218
 12.11472      219
 12.14694      220
 12.17916      221
 12.21138      222
 12.21138      222
 12.2436       223
 12.27582      223
 12.30804      223
 12.34026      223
 12.37248      223
 12.4047       223
 12.43692      222
 12.46914      221
 12.46914      221
 12.50136      219
 12.53358      218
 12.5658       217
 12.59802      215
 12.63024      214
 12.66246      211
 12.69468      209
 12.7269       207
 12.7269       205
 12.75912      202
 12.79134      199
 12.82356      196
 12.85578      193
 12.888        190
 12.92022      187
 12.95244      184
 12.98466      181
 13.01688      177
 13.0491       174
 13.08132      171
 13.11354      168
 13.14576      165
 13.17798      162
 13.2102       159
 13.24242      156
 13.24242      153
 13.27464      150
 13.30686      147
 13.33908      144
 13.3713       142
 13.40352      139
 13.43574      137
 13.46796      135
 13.50018      132
 13.50018      130
 13.5324       128
 13.56462      126
 13.59684      125
 13.62906      123
 13.66128      121
 13.6935       120
 13.72572      119
 13.72572      118
 13.75794      117
 13.79016      116
 13.82238      115
 13.8546       115
 13.88682      114
 13.91904      114
 13.95126      113
 13.95126      113
 13.98348      113
 14.0157       113
 14.04792      113
 14.08014      113
 14.11236      113
 14.14458      113
 14.1768       114
 14.20902      114
 14.20902      115
 14.24124      115
 14.27346      116
 14.30568      116
 14.3379       117
 14.37012      118
 14.40234      118
 14.43456      119
 14.43456      120
 14.46678      121
 14.499        122
 14.53122      123
 14.56344      125
 14.59566      126
 14.62788      127
 14.62788      128
 14.6601       130
 14.69232      131
 14.72454      132
 14.75676      134
 14.78898      135
 14.8212       137
 14.85342      138
 14.85342      140
 14.88564      142
 14.91786      144
 14.95008      145
 14.9823       147
 15.01452      149
 15.04674      151
 15.07896      153
 15.11118      155
 15.11118      157
 15.1434       159
 15.17562      161
 15.20784      163
 15.24006      165
 15.27228      168
 15.3045       170
 15.33672      172
 15.33672      174
 15.36894      177
 15.40116      179
 15.43338      182
 15.4656       184
 15.49782      186
 15.53004      189
 15.56226      191
 15.56226      194
 15.59448      197
 15.6267       199
 15.65892      203
 15.69114      205
 15.72336      208
 15.75558      211
 15.75558      214
 15.7878       216
 15.82002      219
 15.85224      222
 15.88446      225
 15.91668      228
 15.9489       231
 15.98112      234
 15.98112      237
 16.01334      240
 16.04556      243
 16.07778      246
 16.11         249
 16.14222      252
 16.17444      255
 16.20666      259
 16.20666      262
 16.2711       265
 16.30332      268
 16.33554      271
 16.36776      275
 16.39998      278
 16.39998      281
 16.4322       284
 16.46442      288
 16.49664      291
 16.52886      294
 16.56108      297
 16.5933       301
 16.62552      305
 16.62552      308
 16.65774      311
 16.68996      314
 16.72218      317
 16.7544       320
 16.78662      323
 16.78662      326
 16.81884      329
 16.85106      332
 16.88328      335
 16.9155       337
 16.94772      340
 16.97994      343
 17.01216      345
 17.01216      347
 17.04438      349
 17.0766       352
 17.10882      354
 17.14104      355
 17.17326      357
 17.20548      359
 17.20548      361
 17.2377       362
 17.26992      363
 17.30214      365
 17.33436      366
 17.36658      367
 17.3988       367
 17.3988       368
 17.43102      369
 17.46324      369
 17.49546      369
 17.52768      369
 17.5599       369
 17.59212      369
 17.59212      368
 17.62434      368
 17.65656      367
 17.68878      366
 17.721        365
 17.75322      364
 17.78544      362
 17.78544      361
 17.81766      357
 17.84988      355
 17.8821       353
 17.91432      351
 17.94654      349
 17.97876      347
 17.97876      344
 18.01098      342
 18.0432       340
 18.07542      337
 18.10764      334
 18.13986      332
 18.17208      329
 18.17208      326
 18.2043       323
 18.23652      321
 18.26874      318
 18.30096      315
 18.33318      312
 18.3654       309
 18.3654       307
 18.39762      304
 18.42984      300
 18.46206      298
 18.49428      295
 18.5265       293
 18.55872      290
 18.55872      288
 18.59094      286
 18.62316      284
 18.65538      282
 18.6876       280
 18.71982      278
 18.71982      277
 18.75204      275
 18.78426      274
 18.81648      272
 18.8487       271
 18.88092      270
 18.91314      269
 18.91314      268
 18.94536      267
 18.97758      266
 19.0098       265
 19.04202      265
 19.07424      264
 19.10646      264
 19.10646      264
 19.13868      264
 19.1709       264
 19.20312      264
 19.23534      264
 19.26756      264
 19.26756      264
 19.29978      265
 19.332        265
 19.36422      266
 19.39644      268
 19.42866      272
 19.42866      276
 19.46088      280
 19.52532      283
 19.55754      286
 19.58976      290
 19.62198      293
 19.62198      296
 19.6542       298
 19.68642      301
 19.71864      304
 19.75086      307
 19.78308      309
 19.78308      311
 19.8153       313
 19.84752      315
 19.87974      316
 19.91196      317
 19.94418      318
 19.9764       318
 19.9764       318
 20.00862      318
 20.04084      317
 20.07306      316
 20.10528      314
 20.1375       312
 20.1375       309
 20.16972      307
 20.20194      304
 20.23416      300
 20.26638      297
 20.2986       294
 20.2986       290
 20.33082      287
 20.36304      284
 20.39526      281
 20.42748      279
 20.4597       276
 20.49192      274
 20.49192      272
 20.52414      270
 20.55636      269
 20.58858      268
 20.6208       267
 20.65302      266
 20.65302      266
 20.68524      266
 20.71746      266
 20.74968      266
 20.7819       266
 20.7819       267
 20.81412      267
 20.84634      268
 20.87856      269
 20.91078      270
 20.943        271
 20.97522      272
 20.97522      273
 21.00744      274
 21.03966      275
 21.07188      276
 21.1041       278
 21.1041       279
 21.13632      280
 21.16854      281
 21.20076      282
 21.23298      283
 21.2652       284
 21.29742      285
 21.29742      286
 21.32964      285
 21.36186      283
 21.39408      282
 21.4263       280
 21.45852      279
 21.45852      278
 21.49074      277
 21.52296      276
 21.55518      275
 21.5874       275
 21.61962      274
 21.61962      274
 21.65184      274
 21.68406      274
 21.71628      275
 21.7485       275
 21.78072      275
 21.78072      276
 21.81294      276
 21.84516      277
 21.87738      277
 21.9096       278
 21.9096       278
 21.94182      279
 21.97404      279
 22.00626      280
 22.03848      281
 22.0707       281
 22.0707       282
 22.10292      282
 22.13514      283
 22.16736      283
 22.19958      283
 22.2318       284
 22.2318       284
 22.26402      284
 22.29624      285
 22.32846      285
 22.36068      285
 22.3929       285
 22.3929       286
 22.42512      286
 22.45734      287
 22.48956      287
 22.52178      288
 22.52178      288
 22.554        289
 22.58622      290
 22.61844      290
 22.65066      291
 22.68288      292
 22.68288      293
 22.7151       294
 22.77954      294
 22.81176      295
 22.84398      296
 22.84398      297
 22.8762       297
 22.90842      298
 22.94064      298
 22.97286      299
 22.97286      300
 23.00508      300
 23.0373       300
 23.06952      301
 23.10174      301
 23.13396      301
 23.13396      301
 23.16618      301
 23.1984       301
 23.23062      301
 23.26284      300
 23.26284      300
 23.29506      300
 23.32728      300
 23.3595       300
 23.39172      299
 23.42394      299
 23.42394      299
 23.45616      299
 23.48838      299
 23.5206       299
 23.55282      298
 23.55282      298
 23.58504      298
 23.61726      298
 23.64948      298
 23.6817       298
 23.71392      298
 23.71392      299
 23.74614      299
 23.77836      299
 23.81058      299
 23.8428       300
 23.8428       300
 23.87502      301
 23.90724      301
 23.93946      303
 23.97168      303
 23.97168      304
 24.0039       305
 24.03612      305
 24.06834      306
 24.10056      307
 24.10056      308
 24.13278      308
 24.165        309
 24.19722      310
 24.22944      311
 24.22944      312
 24.26166      312
 24.29388      313
 24.3261       314
 24.35832      314
 24.39054      315
 24.39054      315
 24.42276      316
 24.45498      316
 24.4872       317
 24.51942      317
 24.51942      318
 24.55164      318
 24.58386      318
 24.61608      318
 24.6483       318
 24.68052      318
 24.68052      318
 24.71274      318
 24.74496      318
 24.77718      318
 24.8094       318
 24.8094       317
 24.84162      317
 24.87384      316
 24.90606      316
 24.93828      315
 24.93828      315
 24.9705       314
 25.00272      313
 25.03494      313
 25.03494      312
 25.06716      311
 25.09938      310
 25.1316       309
 25.16382      308
 25.19604      308
 25.19604      307
 25.22826      306
 25.26048      305
 25.2927       304
 25.32492      303
 25.32492      302
 25.35714      301
 25.38936      300
 25.42158      299
 25.4538       298
 25.4538       298
 25.48602      297
 25.51824      296
 25.55046      295
 25.58268      294
 25.58268      293
 25.6149       293
 25.64712      292
 25.67934      291
 25.71156      291
 25.71156      290
 25.74378      290
 25.776        289
 25.80822      289
 25.84044      289
 25.87266      289
 25.87266      289
 25.90488      289
 25.9371       290
 25.96932      290
 26.00154      290
 26.03376      291
 26.06598      292
 26.0982       292
 26.0982       293
 26.13042      294
 26.16264      294
 26.19486      295
 26.22708      296
 26.22708      297
 26.2593       298
 26.29152      299
 26.32374      300
 26.35596      301
 26.35596      303
 26.38818      304
 26.4204       305
 26.45262      306
 26.48484      307
 26.48484      308
 26.51706      309
 26.54928      309
 26.5815       310
 26.61372      311
 26.61372      311
 26.64594      311
 26.67816      311
 26.71038      311
 26.71038      311
 26.7426       311
 26.77482      310
 26.80704      309
 26.83926      308
 26.83926      307
 26.87148      306
 26.9037       304
 26.93592      303
 26.96814      300
 26.96814      299
 27.00036      297
 27.03258      296
 27.0648       294
 27.0648       293
 27.09702      291
 27.12924      290
 27.16146      289
 27.19368      288
 27.19368      287
 27.2259       286
 27.25812      285
 27.29034      284
 27.32256      284
 27.32256      283
 27.35478      283
 27.387        283
 27.41922      283
 27.45144      282
 27.45144      283
 27.48366      283
 27.51588      282
 27.5481       283
 27.5481       283
 27.58032      283
 27.61254      284
 27.64476      284
 27.67698      284
 27.67698      285
 27.7092       285
 27.74142      285
 27.77364      286
 27.77364      286
 27.80586      287
 27.83808      287
 27.8703       287
 27.8703       288
 27.90252      288
 27.93474      289
 27.96696      289
 27.99918      289
 27.99918      290
 28.0314       291
 28.06362      291
 28.09584      291
 28.09584      292
 28.12806      292
 28.16028      293
 28.1925       294
 28.22472      294
 28.22472      295
 28.25694      295
 28.28916      296
 28.32138      297
 28.32138      297
 28.3536       298
 28.38582      298
 28.41804      299
 28.45026      300
 28.45026      300
 28.48248      301
 28.5147       303
