 0             0
 0             0
 0             0
 0             0
 0             0
 0             0
 0             0
 0             0
 0             0
 3.222e-002    0
 3.222e-002    0
 6.444e-002    0
 9.666e-002    0
 9.666e-002    0
 0.12888       0
 0.1611        0
 0.19332       0
 0.22554       0
 0.25776       0
 0.25776       0
 0.28998       0
 0.3222        0
 0.35442       0
 0.38664       0
 0.41886       0
 0.41886       0
 0.4833        0
 0.4833        0
 0.51552       0
 0.54774       0
 0.57996       0
 0.61218       0
 0.6444        0
 0.6444        0
 0.70884       0
 0.70884       0
 0.74106       0
 0.77328       0
 0.8055        0
 0.83772       0
 0.86994       0
 0.90216       0
 0.93438       0
 0.9666        0
 0.9666        0
 1.03104       0
 1.03104       0
 1.06326       0
 1.09548       0
 1.1277        0
 1.15992       0
 1.19214       0
 1.22436       0
 1.25658       0
 1.2888        0
 1.2888        0
 1.32102       0
 1.35324       0
 1.38546       0
 1.41768       0
 1.4499        0
 1.48212       0
 1.51434       0
 1.54656       0
 1.57878       0
 1.611         0
 1.64322       0
 1.67544       0
 1.67544       0
 1.70766       0
 1.73988       0
 1.7721        0
 1.80432       0
 1.83654       0
 1.86876       0
 1.90098       0
 1.9332        0
 1.96542       0
 1.99764       0
 2.02986       0
 2.06208       0
 2.0943        0
 2.12652       0
 2.15874       0
 2.19096       0
 2.19096       0
 2.22318       0
 2.2554        0
 2.28762       0
 2.31984       0
 2.35206       0
 2.38428       0
 2.4165        0
 2.44872       0
 2.48094       0
 2.51316       0
 2.54538       0
 2.5776        0
 2.60982       0
 2.64204       0
 2.67426       0
 2.70648       0
 2.70648       0
 2.7387        0
 2.77092       0
 2.80314       0
 2.83536       0
 2.86758       0
 2.8998        0
 2.93202       0
 2.96424       0
 2.99646       0
 3.02868       0
 3.0609        0
 3.09312       0
 3.12534       0
 3.15756       0
 3.18978       0
 3.222         0
 3.25422       0
 3.28644       0
 3.31866       0
 3.35088       0
 3.3831        0
 3.41532       0
 3.44754       0
 3.47976       0
 3.51198       0
 3.5442        0
 3.57642       0
 3.60864       0
 3.64086       0
 3.67308       0
 3.7053        0
 3.73752       0
 3.76974       0
 3.80196       0
 3.83418       0
 3.83418       0
 3.8664        0
 3.89862       0
 3.93084       0
 3.96306       0
 3.99528       0
 4.0275        0
 4.05972       0
 4.09194       0
 4.12416       0
 4.15638       0
 4.1886        0
 4.22082       0
 4.25304       0
 4.28526       0
 4.31748       0
 4.3497        0
 4.38192       0
 4.41414       0
 4.41414       0
 4.44636       0
 4.47858       0
 4.5108        0
 4.54302       0
 4.57524       0
 4.60746       0
 4.63968       0
 4.6719        0
 4.70412       1
 4.73634       1
 4.76856       1
 4.80078       1
 4.833         1
 4.86522       1
 4.89744       1
 4.92966       2
 4.96188       2
 4.9941        2
 5.02632       2
 5.02632       2
 5.05854       3
 5.09076       3
 5.12298       3
 5.1552        3
 5.18742       3
 5.21964       4
 5.25186       4
 5.28408       4
 5.3163        4
 5.34852       5
 5.38074       5
 5.41296       5
 5.44518       5
 5.4774        6
 5.50962       6
 5.54184       6
 5.57406       6
 5.57406       7
 5.60628       7
 5.6385        7
 5.67072       8
 5.70294       8
 5.73516       8
 5.76738       8
 5.7996        9
 5.83182       9
 5.86404       9
 5.89626       10
 5.92848       10
 5.9607        10
 5.99292       11
 6.02514       11
 6.05736       12
 6.08958       12
 6.1218        12
 6.1218        13
 6.15402       13
 6.18624       13
 6.21846       14
 6.25068       14
 6.2829        15
 6.31512       15
 6.34734       15
 6.37956       16
 6.41178       16
 6.444         17
 6.50844       17
 6.54066       17
 6.57288       18
 6.57288       18
 6.6051        19
 6.63732       19
 6.66954       20
 6.70176       20
 6.73398       21
 6.7662        21
 6.79842       22
 6.83064       22
 6.86286       23
 6.89508       23
 6.9273        23
 6.95952       24
 6.99174       24
 7.02396       25
 7.05618       25
 7.0884        26
 7.0884        26
 7.12062       26
 7.15284       27
 7.18506       27
 7.21728       28
 7.2495        28
 7.28172       28
 7.31394       28
 7.34616       29
 7.37838       29
 7.4106        29
 7.44282       29
 7.47504       29
 7.50726       29
 7.53948       29
 7.53948       29
 7.5717        29
 7.60392       29
 7.63614       29
 7.66836       29
 7.70058       29
 7.7328        28
 7.76502       28
 7.79724       28
 7.82946       28
 7.86168       27
 7.8939        27
 7.92612       27
 7.95834       26
 7.99056       26
 8.02278       26
 8.02278       25
 8.055         25
 8.08722       24
 8.11944       24
 8.15166       24
 8.18388       23
 8.2161        23
 8.24832       23
 8.28054       22
 8.31276       22
 8.34498       21
 8.3772        21
 8.40942       21
 8.40942       20
 8.44164       20
 8.47386       20
 8.50608       20
 8.5383        19
 8.57052       19
 8.60274       19
 8.63496       19
 8.66718       19
 8.6994        18
 8.73162       18
 8.76384       18
 8.79606       18
 8.82828       18
 8.82828       18
 8.8605        18
 8.89272       18
 8.92494       18
 8.95716       18
 8.98938       18
 9.0216        18
 9.05382       18
 9.08604       18
 9.11826       18
 9.15048       18
 9.1827        18
 9.21492       18
 9.24714       19
 9.24714       19
 9.27936       19
 9.31158       19
 9.3438        19
 9.37602       19
 9.40824       20
 9.44046       20
 9.47268       20
 9.5049        20
 9.53712       21
 9.56934       21
 9.60156       21
 9.60156       22
 9.63378       22
 9.666         22
 9.69822       23
 9.76266       23
 9.79488       23
 9.8271        24
 9.85932       24
 9.89154       24
 9.92376       25
 9.95598       25
 9.9882        26
 9.9882        26
 10.02042      27
 10.05264      27
 10.08486      27
 10.11708      28
 10.1493       28
 10.18152      29
 10.21374      29
 10.24596      30
 10.27818      30
 10.3104       31
 10.34262      31
 10.37484      32
 10.37484      32
 10.40706      33
 10.43928      34
 10.4715       34
 10.50372      35
 10.53594      35
 10.56816      36
 10.60038      36
 10.6326       37
 10.66482      38
 10.69704      38
 10.69704      39
 10.72926      39
 10.76148      40
 10.7937       41
 10.82592      41
 10.85814      42
 10.89036      43
 10.92258      43
 10.9548       44
 10.98702      45
 11.01924      45
 11.05146      46
 11.05146      47
 11.08368      47
 11.1159       48
 11.14812      49
 11.18034      49
 11.21256      50
 11.24478      51
 11.277        52
 11.30922      52
 11.34144      53
 11.37366      54
 11.40588      55
 11.40588      55
 11.4381       56
 11.47032      57
 11.50254      58
 11.53476      58
 11.56698      59
 11.5992       60
 11.63142      61
 11.66364      62
 11.69586      63
 11.69586      63
 11.72808      64
 11.7603       65
 11.79252      66
 11.82474      67
 11.85696      67
 11.88918      68
 11.9214       69
 11.95362      70
 11.98584      71
 12.01806      71
 12.05028      72
 12.05028      73
 12.0825       74
 12.11472      74
 12.14694      75
 12.17916      76
 12.21138      76
 12.2436       77
 12.27582      77
 12.30804      78
 12.34026      78
 12.37248      79
 12.37248      79
 12.4047       80
 12.43692      80
 12.46914      80
 12.50136      80
 12.53358      80
 12.5658       81
 12.59802      81
 12.63024      81
 12.66246      81
 12.66246      81
 12.69468      81
 12.7269       80
 12.75912      80
 12.79134      80
 12.82356      80
 12.85578      79
 12.888        79
 12.92022      79
 12.95244      78
 12.98466      78
 13.01688      78
 13.0491       77
 13.08132      77
 13.11354      76
 13.14576      76
 13.17798      75
 13.2102       75
 13.24242      74
 13.27464      74
 13.27464      73
 13.30686      73
 13.33908      72
 13.3713       72
 13.40352      71
 13.43574      71
 13.46796      70
 13.50018      70
 13.5324       70
 13.56462      69
 13.56462      69
 13.59684      68
 13.62906      68
 13.66128      68
 13.6935       68
 13.72572      67
 13.75794      67
 13.79016      67
 13.82238      67
 13.82238      67
 13.8546       67
 13.88682      67
 13.91904      67
 13.95126      67
 13.98348      67
 14.0157       67
 14.04792      67
 14.08014      68
 14.11236      68
 14.14458      68
 14.14458      68
 14.1768       68
 14.20902      69
 14.24124      69
 14.27346      69
 14.30568      69
 14.3379       70
 14.37012      70
 14.40234      70
 14.40234      71
 14.43456      71
 14.46678      71
 14.499        72
 14.53122      72
 14.56344      73
 14.59566      73
 14.62788      73
 14.62788      74
 14.6601       74
 14.69232      75
 14.72454      75
 14.75676      76
 14.78898      76
 14.8212       76
 14.85342      77
 14.88564      78
 14.91786      78
 14.91786      79
 14.95008      79
 14.9823       80
 15.01452      80
 15.04674      81
 15.07896      81
 15.11118      82
 15.1434       83
 15.17562      83
 15.17562      84
 15.20784      85
 15.24006      86
 15.27228      86
 15.3045       87
 15.33672      88
 15.36894      89
 15.40116      89
 15.43338      90
 15.43338      91
 15.4656       92
 15.49782      93
 15.53004      94
 15.56226      94
 15.59448      95
 15.6267       96
 15.65892      97
 15.69114      98
 15.69114      99
 15.72336      101
 15.75558      102
 15.7878       103
 15.82002      104
 15.85224      105
 15.88446      106
 15.91668      108
 15.91668      109
 15.9489       110
 15.98112      110
 16.01334      109
 16.04556      108
 16.07778      108
 16.11         108
 16.14222      108
 16.14222      108
 16.17444      108
 16.20666      109
 16.2711       109
 16.30332      110
 16.33554      110
 16.36776      111
 16.36776      111
 16.39998      112
 16.4322       112
 16.46442      112
 16.49664      112
 16.52886      112
 16.56108      111
 16.5933       111
 16.62552      111
 16.62552      111
 16.65774      111
 16.68996      111
 16.72218      111
 16.7544       112
 16.78662      112
 16.81884      112
 16.81884      112
 16.85106      112
 16.88328      113
 16.9155       113
 16.94772      113
 16.97994      114
 17.01216      114
 17.04438      115
 17.04438      115
 17.0766       116
 17.10882      116
 17.14104      117
 17.17326      117
 17.20548      118
 17.2377       118
 17.26992      119
 17.30214      120
 17.30214      120
 17.33436      121
 17.36658      122
 17.3988       122
 17.43102      123
 17.46324      124
 17.49546      124
 17.52768      125
 17.52768      126
 17.5599       126
 17.59212      127
 17.62434      128
 17.65656      128
 17.68878      129
 17.721        130
 17.721        130
 17.75322      131
 17.78544      132
 17.81766      132
 17.84988      133
 17.8821       133
 17.91432      134
 17.94654      134
 17.94654      135
 17.97876      135
 18.01098      136
 18.0432       136
 18.07542      136
 18.10764      136
 18.13986      136
 18.17208      136
 18.17208      136
 18.2043       136
 18.23652      136
 18.26874      136
 18.30096      136
 18.33318      136
 18.3654       135
 18.3654       135
 18.39762      135
 18.42984      135
 18.46206      134
 18.49428      134
 18.5265       133
 18.55872      133
 18.59094      133
 18.59094      132
 18.62316      132
 18.65538      131
 18.6876       131
 18.71982      131
 18.75204      130
 18.78426      130
 18.78426      129
 18.81648      129
 18.8487       128
 18.88092      128
 18.91314      127
 18.94536      127
 18.97758      126
 18.97758      125
 19.0098       125
 19.04202      124
 19.07424      124
 19.10646      123
 19.13868      123
 19.1709       123
 19.1709       122
 19.20312      122
 19.23534      122
 19.26756      122
 19.29978      122
 19.332        122
 19.36422      122
 19.39644      123
 19.39644      123
 19.42866      123
 19.46088      124
 19.52532      124
 19.55754      125
 19.58976      125
 19.58976      126
 19.62198      126
 19.6542       127
 19.68642      127
 19.71864      128
 19.75086      128
 19.78308      129
 19.78308      130
 19.8153       130
 19.84752      131
 19.87974      132
 19.91196      132
 19.94418      132
 19.9764       133
 19.9764       133
 20.00862      133
 20.04084      133
 20.07306      133
 20.10528      132
 20.1375       132
 20.16972      131
 20.16972      131
 20.20194      130
 20.23416      128
 20.26638      127
 20.2986       126
 20.33082      125
 20.36304      123
 20.36304      122
 20.39526      120
 20.42748      119
 20.4597       118
 20.49192      116
 20.52414      115
 20.55636      114
 20.55636      113
 20.58858      112
 20.6208       111
 20.65302      110
 20.68524      110
 20.71746      109
 20.71746      109
 20.74968      109
 20.7819       108
 20.81412      108
 20.84634      108
 20.87856      108
 20.91078      108
 20.91078      108
 20.943        108
 20.97522      109
 21.00744      109
 21.03966      109
 21.07188      109
 21.07188      109
 21.1041       110
 21.13632      110
 21.16854      110
 21.20076      111
 21.23298      111
 21.2652       111
 21.2652       112
 21.29742      112
 21.32964      113
 21.36186      113
 21.39408      114
 21.4263       114
 21.45852      115
 21.45852      115
 21.49074      116
 21.52296      116
 21.55518      117
 21.5874       117
 21.61962      118
 21.61962      119
 21.65184      119
 21.68406      120
 21.71628      120
 21.7485       121
 21.78072      122
 21.81294      122
 21.81294      123
 21.84516      124
 21.87738      125
 21.9096       125
 21.94182      126
 21.97404      127
 21.97404      127
 22.00626      128
 22.03848      129
 22.0707       129
 22.10292      130
 22.13514      130
 22.13514      131
 22.16736      132
 22.19958      132
 22.2318       133
 22.26402      133
 22.29624      133
 22.32846      134
 22.32846      134
 22.36068      135
 22.3929       135
 22.42512      136
 22.45734      136
 22.48956      136
 22.48956      137
 22.52178      137
 22.554        138
 22.58622      138
 22.61844      139
 22.65066      140
 22.65066      140
 22.68288      141
 22.7151       141
 22.77954      142
 22.81176      143
 22.81176      143
 22.84398      144
 22.8762       145
 22.90842      145
 22.94064      146
 22.97286      146
 22.97286      147
 23.00508      148
 23.0373       148
 23.06952      149
 23.10174      149
 23.13396      149
 23.13396      150
 23.16618      150
 23.1984       150
 23.23062      150
 23.26284      150
 23.29506      151
 23.29506      151
 23.32728      151
 23.3595       151
 23.39172      151
 23.42394      151
 23.45616      151
 23.45616      151
 23.48838      152
 23.5206       152
 23.55282      152
 23.58504      152
 23.61726      152
 23.61726      152
 23.64948      152
 23.6817       153
 23.71392      153
 23.74614      153
 23.77836      153
 23.77836      154
 23.81058      154
 23.8428       154
 23.87502      155
 23.90724      155
 23.93946      155
 23.93946      156
 23.97168      156
 24.0039       157
 24.03612      157
 24.06834      158
 24.10056      158
 24.10056      159
 24.13278      159
 24.165        160
 24.19722      160
 24.22944      161
 24.22944      161
 24.26166      162
 24.29388      162
 24.3261       162
 24.35832      163
 24.39054      163
 24.39054      164
 24.42276      164
 24.45498      164
 24.4872       165
 24.51942      165
 24.55164      165
 24.55164      165
 24.58386      165
 24.61608      166
 24.6483       166
 24.68052      166
 24.68052      166
 24.71274      166
 24.74496      166
 24.77718      166
 24.8094       166
 24.84162      166
 24.84162      166
 24.87384      166
 24.90606      166
 24.93828      166
 24.9705       165
 24.9705       165
 25.00272      165
 25.03494      165
 25.06716      165
 25.09938      165
 25.09938      164
 25.1316       164
 25.16382      164
 25.19604      164
 25.22826      164
 25.26048      163
 25.26048      163
 25.2927       163
 25.32492      163
 25.35714      162
 25.38936      162
 25.38936      162
 25.42158      162
 25.4538       162
 25.48602      161
 25.51824      161
 25.51824      161
 25.55046      161
 25.58268      161
 25.6149       161
 25.64712      160
 25.67934      160
 25.67934      160
 25.71156      160
 25.74378      160
 25.776        160
 25.80822      160
 25.80822      160
 25.84044      160
 25.87266      160
 25.90488      160
 25.9371       160
 25.96932      160
 25.96932      160
 26.03376      161
 26.06598      161
 26.0982       161
 26.0982       162
 26.13042      162
 26.16264      162
 26.19486      163
 26.22708      163
 26.22708      164
 26.2593       164
 26.29152      165
 26.32374      165
 26.35596      166
 26.38818      166
 26.38818      166
 26.4204       167
 26.45262      167
 26.48484      168
 26.51706      168
 26.51706      169
 26.54928      169
 26.5815       170
 26.61372      170
 26.64594      170
 26.64594      171
 26.67816      171
 26.71038      171
 26.7426       171
 26.77482      171
 26.77482      171
 26.80704      171
 26.83926      171
 26.87148      171
 26.9037       171
 26.93592      170
 26.93592      170
 26.96814      169
 27.00036      169
 27.03258      169
 27.03258      168
 27.0648       168
 27.09702      168
 27.12924      168
 27.16146      167
 27.16146      167
 27.19368      167
 27.2259       166
 27.25812      166
 27.29034      165
 27.29034      165
 27.32256      165
 27.35478      165
 27.387        164
 27.41922      164
 27.41922      165
 27.45144      165
 27.48366      165
 27.51588      165
 27.5481       165
 27.5481       165
 27.58032      165
 27.61254      165
 27.64476      166
 27.67698      166
 27.67698      166
 27.7092       166
 27.74142      166
 27.77364      167
 27.80586      167
 27.80586      168
 27.83808      168
 27.8703       169
 27.90252      169
 27.93474      169
 27.93474      169
 27.96696      169
 27.99918      170
 28.0314       170
 28.0314       170
 28.06362      171
 28.09584      171
 28.12806      171
 28.16028      172
 28.16028      172
 28.1925       173
 28.22472      173
 28.25694      173
 28.25694      174
 28.28916      174
 28.32138      174
 28.3536       175
 28.38582      175
 28.38582      175
 28.41804      176
 28.45026      176
 28.48248      176
 28.5147       177
 28.5147       178
 28.54692      178
 28.57914      179
 28.61136      179
 28.64358      180
 28.64358      180
 28.6758       180
 28.70802      181
 28.74024      181
 28.74024      181
 28.77246      182
 28.80468      182
 28.8369       182
 28.86912      183
 28.86912      183
 28.90134      184
 28.93356      184
 28.96578      185
