 0             0
 0             0
 0             0
 0             0
 0             0
 0             0
 0             0
 0             0
 0             0
 0             0
 3.222e-002    0
 6.444e-002    0
 6.444e-002    0
 9.666e-002    0
 0.12888       0
 0.1611        0
 0.19332       0
 0.19332       0
 0.22554       0
 0.25776       0
 0.25776       0
 0.3222        0
 0.3222        0
 0.35442       0
 0.38664       0
 0.41886       0
 0.45108       0
 0.4833        0
 0.4833        0
 0.51552       0
 0.54774       0
 0.57996       0
 0.61218       0
 0.6444        0
 0.6444        0
 0.70884       0
 0.70884       0
 0.74106       0
 0.77328       0
 0.8055        0
 0.83772       0
 0.86994       0
 0.86994       0
 0.90216       0
 0.93438       0
 0.9666        0
 0.99882       0
 1.03104       0
 1.06326       0
 1.09548       0
 1.1277        0
 1.1277        0
 1.15992       0
 1.19214       0
 1.22436       0
 1.25658       0
 1.2888        0
 1.32102       0
 1.35324       0
 1.35324       0
 1.38546       0
 1.41768       0
 1.4499        0
 1.48212       0
 1.51434       0
 1.54656       0
 1.57878       0
 1.57878       0
 1.611         0
 1.64322       0
 1.67544       0
 1.70766       0
 1.73988       0
 1.7721        0
 1.80432       0
 1.83654       0
 1.83654       0
 1.90098       0
 1.90098       0
 1.9332        0
 1.96542       0
 1.99764       0
 2.02986       0
 2.06208       0
 2.0943        0
 2.12652       0
 2.15874       0
 2.15874       0
 2.22318       0
 2.22318       0
 2.2554        0
 2.28762       0
 2.31984       0
 2.35206       0
 2.38428       0
 2.4165        0
 2.44872       0
 2.48094       0
 2.51316       0
 2.51316       0
 2.54538       0
 2.5776        0
 2.60982       0
 2.64204       0
 2.67426       0
 2.70648       0
 2.7387        0
 2.77092       0
 2.80314       0
 2.83536       0
 2.83536       0
 2.8998        0
 2.8998        0
 2.93202       0
 2.96424       0
 2.99646       0
 3.02868       0
 3.0609        0
 3.09312       0
 3.12534       0
 3.15756       0
 3.18978       0
 3.222         0
 3.25422       0
 3.28644       0
 3.31866       0
 3.35088       0
 3.3831        0
 3.41532       0
 3.44754       0
 3.47976       0
 3.51198       0
 3.51198       0
 3.57642       0
 3.57642       0
 3.60864       0
 3.64086       0
 3.67308       0
 3.7053        0
 3.73752       0
 3.76974       0
 3.80196       0
 3.83418       0
 3.8664        0
 3.89862       0
 3.93084       0
 3.93084       0
 3.96306       1
 3.99528       1
 4.0275        1
 4.05972       1
 4.09194       2
 4.12416       2
 4.15638       2
 4.1886        2
 4.22082       3
 4.25304       3
 4.25304       3
 4.28526       4
 4.31748       4
 4.3497        4
 4.38192       5
 4.41414       5
 4.44636       6
 4.47858       6
 4.5108        6
 4.54302       7
 4.57524       7
 4.60746       8
 4.63968       8
 4.6719        9
 4.6719        9
 4.70412       10
 4.73634       10
 4.76856       11
 4.80078       11
 4.833         12
 4.86522       13
 4.89744       13
 4.92966       14
 4.96188       15
 4.9941        15
 4.9941        16
 5.02632       17
 5.05854       17
 5.09076       18
 5.12298       19
 5.1552        20
 5.18742       21
 5.21964       21
 5.25186       22
 5.28408       23
 5.3163        24
 5.34852       25
 5.34852       26
 5.38074       27
 5.41296       28
 5.44518       29
 5.4774        30
 5.50962       31
 5.54184       32
 5.57406       33
 5.60628       34
 5.6385        35
 5.67072       37
 5.67072       38
 5.70294       39
 5.73516       40
 5.76738       42
 5.7996        43
 5.83182       44
 5.86404       46
 5.89626       47
 5.92848       49
 5.9607        50
 5.99292       51
 6.02514       53
 6.05736       55
 6.05736       56
 6.08958       58
 6.1218        59
 6.15402       61
 6.18624       63
 6.21846       64
 6.25068       66
 6.2829        68
 6.31512       70
 6.34734       72
 6.37956       73
 6.37956       75
 6.41178       77
 6.444         79
 6.47622       81
 6.54066       83
 6.57288       85
 6.6051        87
 6.63732       89
 6.66954       91
 6.66954       93
 6.70176       95
 6.73398       97
 6.7662        99
 6.79842       101
 6.83064       103
 6.86286       105
 6.89508       106
 6.9273        108
 6.95952       109
 6.99174       110
 6.99174       111
 7.02396       112
 7.05618       113
 7.0884        114
 7.12062       114
 7.15284       114
 7.18506       114
 7.21728       115
 7.2495        114
 7.28172       114
 7.31394       113
 7.31394       112
 7.34616       112
 7.37838       110
 7.4106        109
 7.44282       108
 7.47504       107
 7.50726       105
 7.53948       104
 7.5717        102
 7.60392       101
 7.60392       98
 7.63614       96
 7.66836       95
 7.70058       93
 7.7328        91
 7.76502       89
 7.79724       87
 7.82946       85
 7.86168       83
 7.8939        81
 7.8939        79
 7.92612       78
 7.95834       76
 7.99056       74
 8.02278       72
 8.055         70
 8.08722       69
 8.11944       67
 8.15166       65
 8.18388       64
 8.2161        62
 8.2161        61
 8.24832       59
 8.28054       58
 8.31276       56
 8.34498       55
 8.3772        54
 8.40942       53
 8.44164       52
 8.47386       51
 8.47386       50
 8.50608       49
 8.5383        48
 8.57052       48
 8.60274       47
 8.63496       47
 8.66718       46
 8.6994        46
 8.73162       45
 8.73162       45
 8.76384       45
 8.79606       45
 8.82828       45
 8.8605        45
 8.89272       45
 8.92494       45
 8.95716       45
 8.98938       45
 9.0216        46
 9.0216        46
 9.05382       47
 9.08604       47
 9.11826       47
 9.15048       48
 9.1827        49
 9.21492       50
 9.24714       51
 9.27936       51
 9.31158       52
 9.31158       53
 9.3438        54
 9.37602       56
 9.40824       57
 9.44046       58
 9.47268       59
 9.5049        61
 9.53712       62
 9.56934       63
 9.60156       65
 9.60156       66
 9.63378       68
 9.666         69
 9.69822       71
 9.76266       73
 9.79488       74
 9.8271        76
 9.85932       78
 9.85932       80
 9.89154       82
 9.92376       84
 9.95598       86
 9.9882        88
 10.02042      90
 10.05264      92
 10.08486      95
 10.11708      97
 10.11708      99
 10.1493       102
 10.18152      104
 10.21374      107
 10.24596      109
 10.27818      112
 10.3104       114
 10.34262      117
 10.37484      119
 10.37484      122
 10.40706      125
 10.43928      128
 10.4715       130
 10.50372      133
 10.53594      136
 10.56816      139
 10.60038      142
 10.60038      145
 10.6326       148
 10.66482      151
 10.69704      154
 10.72926      157
 10.76148      160
 10.7937       163
 10.82592      167
 10.85814      170
 10.85814      173
 10.89036      176
 10.92258      180
 10.9548       183
 10.98702      187
 11.01924      190
 11.05146      194
 11.08368      197
 11.08368      200
 11.1159       203
 11.14812      206
 11.18034      210
 11.21256      213
 11.24478      216
 11.277        220
 11.30922      223
 11.34144      227
 11.34144      231
 11.37366      234
 11.40588      238
 11.4381       242
 11.47032      245
 11.50254      249
 11.53476      253
 11.56698      256
 11.56698      260
 11.5992       263
 11.63142      267
 11.66364      270
 11.69586      273
 11.72808      276
 11.7603       279
 11.79252      281
 11.82474      283
 11.82474      286
 11.85696      287
 11.88918      289
 11.9214       290
 11.95362      290
 11.98584      291
 12.01806      291
 12.05028      290
 12.05028      290
 12.0825       289
 12.11472      288
 12.14694      286
 12.17916      284
 12.21138      282
 12.2436       280
 12.27582      277
 12.27582      274
 12.30804      271
 12.34026      267
 12.37248      264
 12.4047       260
 12.43692      256
 12.46914      252
 12.50136      247
 12.50136      242
 12.53358      238
 12.5658       233
 12.59802      228
 12.63024      223
 12.66246      217
 12.69468      212
 12.7269       207
 12.7269       201
 12.75912      195
 12.79134      190
 12.82356      184
 12.85578      179
 12.888        174
 12.92022      168
 12.95244      164
 12.95244      159
 13.01688      154
 13.0491       150
 13.08132      145
 13.11354      141
 13.14576      137
 13.17798      133
 13.17798      129
 13.2102       126
 13.24242      122
 13.27464      119
 13.30686      116
 13.33908      113
 13.3713       111
 13.40352      108
 13.40352      106
 13.43574      104
 13.46796      102
 13.50018      99
 13.5324       98
 13.56462      96
 13.59684      95
 13.62906      94
 13.62906      93
 13.66128      92
 13.6935       92
 13.72572      91
 13.75794      91
 13.79016      91
 13.82238      91
 13.82238      91
 13.8546       91
 13.88682      91
 13.91904      92
 13.95126      92
 13.98348      93
 14.0157       94
 14.04792      94
 14.04792      95
 14.08014      96
 14.11236      97
 14.14458      99
 14.1768       101
 14.20902      102
 14.24124      104
 14.27346      105
 14.27346      107
 14.30568      109
 14.3379       111
 14.37012      113
 14.40234      115
 14.43456      117
 14.46678      119
 14.46678      121
 14.499        123
 14.53122      126
 14.56344      128
 14.59566      131
 14.62788      133
 14.6601       136
 14.6601       138
 14.69232      141
 14.72454      144
 14.75676      147
 14.78898      150
 14.8212       153
 14.85342      156
 14.85342      159
 14.88564      162
 14.91786      165
 14.95008      168
 14.9823       171
 15.01452      175
 15.04674      178
 15.04674      182
 15.07896      185
 15.11118      189
 15.1434       192
 15.17562      196
 15.20784      199
 15.24006      204
 15.24006      208
 15.27228      211
 15.3045       215
 15.33672      219
 15.36894      223
 15.40116      227
 15.43338      231
 15.43338      235
 15.4656       239
 15.49782      243
 15.53004      247
 15.56226      252
 15.59448      256
 15.6267       260
 15.6267       265
 15.65892      269
 15.69114      273
 15.72336      278
 15.75558      282
 15.7878       287
 15.82002      291
 15.82002      296
 15.85224      301
 15.88446      306
 15.91668      310
 15.9489       315
 15.98112      320
 16.01334      325
 16.01334      330
 16.04556      334
 16.07778      339
 16.11         344
 16.14222      349
 16.17444      354
 16.20666      359
 16.20666      363
 16.2711       368
 16.30332      373
 16.33554      378
 16.36776      383
 16.39998      387
 16.39998      392
 16.4322       397
 16.46442      401
 16.49664      406
 16.52886      411
 16.56108      415
 16.56108      419
 16.5933       423
 16.62552      426
 16.65774      430
 16.68996      433
 16.72218      437
 16.7544       440
 16.7544       442
 16.78662      445
 16.81884      447
 16.85106      449
 16.88328      451
 16.9155       452
 16.94772      453
 16.94772      454
 16.97994      454
 17.01216      455
 17.04438      455
 17.0766       455
 17.10882      454
 17.10882      453
 17.14104      452
 17.17326      451
 17.20548      449
 17.2377       447
 17.26992      445
 17.30214      443
 17.30214      440
 17.33436      437
 17.36658      434
 17.3988       430
 17.43102      427
 17.46324      422
 17.46324      418
 17.49546      413
 17.52768      408
 17.5599       402
 17.59212      396
 17.62434      390
 17.65656      384
 17.65656      378
 17.68878      371
 17.721        365
 17.75322      358
 17.78544      351
 17.81766      344
 17.81766      337
 17.84988      330
 17.8821       323
 17.91432      316
 17.94654      309
 17.97876      301
 17.97876      294
 18.01098      287
 18.0432       281
 18.07542      274
 18.10764      268
 18.13986      261
 18.17208      255
 18.17208      249
 18.2043       244
 18.23652      238
 18.26874      233
 18.30096      227
 18.33318      222
 18.3654       218
 18.3654       213
 18.39762      209
 18.42984      205
 18.46206      202
 18.49428      198
 18.5265       194
 18.5265       191
 18.55872      189
 18.59094      186
 18.62316      184
 18.65538      182
 18.6876       180
 18.6876       178
 18.71982      177
 18.75204      175
 18.78426      174
 18.81648      173
 18.8487       173
 18.8487       172
 18.88092      171
 18.91314      171
 18.94536      171
 18.97758      171
 19.0098       171
 19.0098       171
 19.04202      172
 19.07424      172
 19.10646      173
 19.13868      174
 19.1709       175
 19.1709       176
 19.20312      177
 19.23534      178
 19.26756      180
 19.29978      181
 19.332        183
 19.36422      184
 19.36422      186
 19.39644      188
 19.42866      190
 19.46088      192
 19.52532      194
 19.52532      196
 19.55754      199
 19.58976      202
 19.62198      204
 19.6542       207
 19.6542       209
 19.68642      212
 19.71864      215
 19.75086      218
 19.78308      221
 19.8153       224
 19.8153       227
 19.84752      230
 19.87974      233
 19.91196      236
 19.94418      240
 19.9764       243
 19.9764       247
 20.00862      250
 20.04084      254
 20.07306      257
 20.10528      261
 20.1375       265
 20.16972      269
 20.16972      272
 20.20194      276
 20.23416      280
 20.26638      284
 20.2986       288
 20.33082      292
 20.33082      296
 20.36304      300
 20.39526      306
 20.42748      307
 20.4597       312
 20.4597       316
 20.49192      321
 20.52414      326
 20.55636      330
 20.58858      335
 20.6208       340
 20.6208       345
 20.65302      350
 20.68524      354
 20.71746      359
 20.74968      364
 20.7819       369
 20.7819       374
 20.81412      379
 20.84634      384
 20.87856      389
 20.91078      395
 20.943        400
 20.943        405
 20.97522      411
 21.00744      416
 21.03966      421
 21.07188      426
 21.07188      431
 21.1041       436
 21.13632      441
 21.16854      446
 21.20076      451
 21.23298      456
 21.23298      461
 21.2652       466
 21.29742      471
 21.32964      476
 21.36186      480
 21.36186      485
 21.39408      490
 21.4263       494
 21.45852      499
 21.49074      504
 21.52296      508
 21.52296      513
 21.55518      517
 21.5874       521
 21.61962      524
 21.65184      528
 21.65184      531
 21.68406      535
 21.71628      538
 21.7485       541
 21.78072      544
 21.81294      547
 21.81294      549
 21.84516      552
 21.87738      554
 21.9096       556
 21.94182      558
 21.97404      560
 21.97404      561
 22.00626      562
 22.03848      563
 22.0707       564
 22.10292      565
 22.10292      566
 22.13514      566
 22.16736      566
 22.19958      566
 22.2318       566
 22.2318       565
 22.26402      564
 22.29624      563
 22.32846      562
 22.36068      560
 22.36068      558
 22.3929       556
 22.42512      554
 22.45734      551
 22.48956      548
 22.52178      545
 22.52178      542
 22.554        538
 22.58622      535
 22.61844      533
 22.65066      523
 22.65066      512
 22.68288      504
 22.7151       497
 22.77954      491
 22.81176      486
 22.81176      481
 22.84398      476
 22.8762       471
 22.90842      466
 22.90842      461
 22.94064      456
 22.97286      451
 23.00508      446
 23.0373       440
 23.0373       435
 23.06952      430
 23.10174      424
 23.13396      419
 23.16618      413
 23.1984       408
 23.1984       402
 23.23062      396
 23.26284      391
 23.29506      386
 23.32728      380
 23.32728      375
 23.3595       370
 23.39172      365
 23.42394      361
 23.45616      356
 23.45616      352
 23.48838      347
 23.5206       343
 23.55282      339
 23.58504      335
 23.61726      331
 23.61726      328
 23.64948      325
 23.6817       321
 23.71392      318
 23.71392      315
 23.74614      312
 23.77836      310
 23.81058      307
 23.8428       305
 23.8428       303
 23.87502      300
 23.90724      298
 23.93946      296
 23.97168      294
 23.97168      292
 24.0039       290
 24.03612      289
 24.06834      288
 24.10056      287
 24.13278      286
 24.13278      286
 24.165        286
 24.19722      285
 24.22944      285
 24.26166      285
 24.26166      285
 24.29388      286
 24.3261       286
 24.35832      286
 24.35832      287
 24.39054      288
 24.42276      288
 24.45498      289
 24.4872       290
 24.4872       291
 24.51942      293
 24.55164      294
 24.58386      295
 24.61608      297
 24.61608      298
 24.6483       300
 24.68052      302
 24.71274      304
 24.74496      306
 24.74496      308
 24.77718      310
 24.8094       313
 24.84162      315
 24.87384      317
 24.87384      320
 24.90606      322
 24.93828      325
 24.9705       327
 25.00272      330
 25.00272      333
 25.03494      336
 25.06716      339
 25.09938      342
 25.1316       345
 25.1316       348
 25.16382      352
 25.19604      355
 25.22826      359
 25.26048      362
 25.26048      366
 25.2927       369
 25.32492      373
 25.35714      377
 25.38936      380
 25.38936      384
 25.42158      388
 25.4538       392
 25.48602      396
 25.48602      400
 25.51824      405
 25.55046      409
 25.58268      414
 25.6149       418
 25.6149       422
 25.64712      427
 25.67934      431
 25.71156      435
 25.74378      440
 25.74378      444
 25.776        449
 25.80822      454
 25.84044      458
 25.87266      463
 25.87266      468
 25.90488      472
 25.9371       477
 25.96932      482
 26.00154      487
 26.03376      492
 26.06598      496
 26.0982       501
 26.0982       507
 26.13042      511
 26.16264      516
 26.19486      521
 26.22708      526
 26.22708      530
 26.2593       535
 26.29152      540
 26.32374      544
 26.32374      549
 26.35596      553
 26.38818      558
 26.4204       562
 26.45262      567
 26.45262      571
 26.48484      575
 26.51706      580
 26.54928      584
 26.5815       588
 26.5815       592
 26.61372      596
 26.64594      600
 26.67816      604
 26.67816      608
 26.71038      612
 26.7426       615
 26.77482      619
 26.80704      622
 26.80704      626
 26.83926      629
 26.87148      632
 26.9037       635
 26.93592      638
 26.93592      640
 26.96814      643
 27.00036      646
 27.03258      648
 27.03258      651
 27.0648       653
 27.09702      655
 27.12924      657
 27.12924      658
 27.16146      660
 27.19368      661
 27.2259       663
 27.25812      664
 27.25812      665
 27.29034      666
 27.32256      667
 27.35478      667
 27.35478      668
 27.387        669
 27.41922      669
 27.45144      669
 27.48366      669
 27.48366      669
 27.51588      669
 27.5481       668
 27.58032      668
 27.58032      668
 27.61254      667
 27.64476      666
 27.67698      665
 27.7092       664
 27.7092       663
 27.74142      662
 27.77364      661
 27.80586      659
 27.80586      658
 27.83808      656
 27.8703       655
 27.90252      653
 27.90252      651
 27.93474      649
 27.96696      647
 27.99918      645
 27.99918      643
 28.0314       640
 28.06362      638
 28.09584      636
 28.09584      633
 28.12806      631
