 0             0
 0             0
 0             0
 0             0
 0             0
 0             0
 0             0
 0             0
 0             0
 0             0
 3.222e-002    0
 6.444e-002    0
 6.444e-002    0
 9.666e-002    0
 0.12888       0
 0.1611        0
 0.19332       0
 0.19332       0
 0.22554       0
 0.25776       0
 0.28998       0
 0.3222        0
 0.35442       0
 0.35442       0
 0.38664       0
 0.41886       0
 0.45108       0
 0.4833        0
 0.51552       0
 0.51552       0
 0.54774       0
 0.57996       0
 0.61218       0
 0.6444        0
 0.67662       0
 0.70884       0
 0.74106       0
 0.74106       0
 0.77328       0
 0.8055        0
 0.83772       0
 0.86994       0
 0.90216       0
 0.90216       0
 0.9666        0
 0.9666        0
 0.99882       0
 1.03104       0
 1.06326       0
 1.09548       0
 1.1277        0
 1.1277        0
 1.15992       0
 1.19214       0
 1.22436       0
 1.25658       0
 1.2888        0
 1.32102       0
 1.35324       0
 1.38546       0
 1.38546       0
 1.41768       0
 1.4499        0
 1.48212       0
 1.51434       0
 1.54656       0
 1.57878       0
 1.611         0
 1.611         0
 1.67544       0
 1.67544       0
 1.70766       0
 1.73988       0
 1.7721        0
 1.80432       0
 1.83654       0
 1.86876       0
 1.90098       0
 1.9332        0
 1.9332        0
 1.96542       0
 1.99764       0
 2.02986       0
 2.06208       0
 2.0943        0
 2.12652       0
 2.15874       0
 2.19096       0
 2.22318       0
 2.2554        0
 2.2554        0
 2.28762       0
 2.31984       0
 2.35206       0
 2.38428       0
 2.4165        0
 2.44872       0
 2.48094       0
 2.51316       0
 2.54538       0
 2.5776        0
 2.5776        0
 2.60982       0
 2.64204       0
 2.67426       0
 2.70648       0
 2.7387        0
 2.77092       0
 2.80314       0
 2.83536       0
 2.86758       0
 2.8998        0
 2.93202       0
 2.93202       0
 2.96424       0
 2.99646       0
 3.02868       0
 3.0609        0
 3.09312       0
 3.12534       0
 3.15756       0
 3.18978       0
 3.222         0
 3.25422       0
 3.28644       0
 3.31866       0
 3.35088       0
 3.3831        0
 3.41532       0
 3.44754       0
 3.47976       0
 3.51198       0
 3.5442        0
 3.57642       0
 3.60864       0
 3.60864       0
 3.64086       0
 3.67308       0
 3.7053        0
 3.73752       0
 3.76974       0
 3.80196       0
 3.83418       0
 3.8664        0
 3.89862       0
 3.93084       0
 3.96306       0
 3.99528       0
 4.0275        0
 4.0275        0
 4.05972       0
 4.09194       0
 4.12416       0
 4.15638       0
 4.1886        0
 4.22082       0
 4.25304       0
 4.28526       0
 4.31748       0
 4.3497        0
 4.3497        0
 4.38192       0
 4.41414       0
 4.44636       0
 4.47858       0
 4.5108        0
 4.54302       0
 4.57524       0
 4.60746       0
 4.63968       0
 4.6719        0
 4.70412       0
 4.70412       0
 4.73634       0
 4.76856       0
 4.80078       0
 4.833         0
 4.86522       0
 4.89744       0
 4.92966       0
 4.96188       0
 4.9941        0
 5.02632       0
 5.05854       0
 5.09076       0
 5.09076       0
 5.12298       0
 5.1552        0
 5.18742       0
 5.21964       0
 5.25186       0
 5.28408       0
 5.3163        0
 5.34852       0
 5.38074       0
 5.41296       0
 5.44518       0
 5.44518       0
 5.4774        0
 5.50962       0
 5.54184       0
 5.57406       0
 5.60628       0
 5.6385        0
 5.67072       1
 5.70294       1
 5.73516       1
 5.76738       2
 5.76738       2
 5.7996        3
 5.83182       3
 5.86404       3
 5.89626       4
 5.92848       4
 5.9607        5
 5.99292       7
 6.02514       7
 6.05736       7
 6.08958       8
 6.1218        8
 6.1218        8
 6.15402       9
 6.18624       9
 6.21846       10
 6.25068       10
 6.2829        11
 6.31512       12
 6.34734       12
 6.37956       13
 6.41178       14
 6.444         14
 6.444         15
 6.50844       16
 6.54066       17
 6.57288       18
 6.6051        19
 6.63732       19
 6.66954       21
 6.70176       21
 6.73398       22
 6.73398       23
 6.7662        24
 6.79842       25
 6.83064       26
 6.86286       27
 6.89508       28
 6.9273        29
 6.95952       30
 6.99174       31
 7.02396       31
 7.05618       32
 7.05618       33
 7.0884        34
 7.12062       34
 7.15284       35
 7.18506       35
 7.21728       35
 7.2495        36
 7.28172       36
 7.31394       36
 7.34616       36
 7.37838       36
 7.37838       37
 7.4106        36
 7.44282       36
 7.47504       36
 7.50726       36
 7.53948       36
 7.5717        35
 7.60392       35
 7.63614       35
 7.66836       34
 7.70058       34
 7.70058       33
 7.7328        33
 7.76502       32
 7.79724       32
 7.82946       31
 7.86168       30
 7.8939        30
 7.92612       29
 7.95834       29
 7.99056       28
 8.02278       27
 8.02278       27
 8.055         26
 8.08722       25
 8.11944       24
 8.15166       24
 8.18388       23
 8.2161        22
 8.24832       22
 8.28054       21
 8.28054       20
 8.31276       19
 8.34498       19
 8.3772        18
 8.40942       17
 8.44164       17
 8.47386       16
 8.50608       15
 8.5383        15
 8.57052       14
 8.57052       14
 8.60274       13
 8.63496       13
 8.66718       12
 8.6994        11
 8.73162       11
 8.76384       10
 8.79606       10
 8.82828       9
 8.8605        9
 8.8605        9
 8.89272       8
 8.92494       8
 8.95716       7
 8.98938       7
 9.0216        6
 9.05382       6
 9.08604       6
 9.11826       5
 9.15048       5
 9.15048       5
 9.1827        5
 9.21492       4
 9.24714       4
 9.27936       4
 9.31158       3
 9.3438        3
 9.37602       3
 9.40824       3
 9.40824       3
 9.44046       2
 9.47268       2
 9.5049        2
 9.53712       2
 9.56934       2
 9.60156       2
 9.63378       2
 9.666         2
 9.69822       2
 9.73044       2
 9.76266       2
 9.79488       2
 9.8271        2
 9.85932       3
 9.89154       3
 9.92376       3
 9.92376       3
 9.95598       3
 9.9882        4
 10.02042      4
 10.05264      4
 10.08486      5
 10.11708      5
 10.1493       6
 10.18152      6
 10.21374      7
 10.21374      7
 10.24596      8
 10.27818      8
 10.3104       9
 10.34262      10
 10.37484      11
 10.40706      11
 10.43928      12
 10.4715       13
 10.4715       14
 10.50372      15
 10.53594      16
 10.56816      17
 10.60038      18
 10.6326       19
 10.66482      21
 10.69704      22
 10.72926      23
 10.72926      24
 10.76148      26
 10.7937       27
 10.82592      29
 10.85814      30
 10.89036      32
 10.92258      33
 10.9548       35
 10.9548       36
 10.98702      38
 11.01924      40
 11.05146      42
 11.08368      43
 11.1159       45
 11.14812      47
 11.18034      49
 11.21256      51
 11.21256      53
 11.24478      55
 11.277        57
 11.30922      59
 11.34144      61
 11.37366      63
 11.40588      66
 11.4381       68
 11.47032      70
 11.47032      72
 11.50254      74
 11.53476      77
 11.56698      79
 11.5992       81
 11.63142      84
 11.66364      86
 11.69586      88
 11.69586      90
 11.72808      92
 11.7603       95
 11.79252      97
 11.82474      98
 11.85696      101
 11.88918      102
 11.9214       103
 11.95362      105
 11.95362      106
 11.98584      107
 12.01806      108
 12.05028      108
 12.0825       109
 12.11472      110
 12.14694      110
 12.17916      110
 12.17916      110
 12.21138      110
 12.2436       110
 12.27582      110
 12.30804      110
 12.34026      109
 12.37248      109
 12.4047       108
 12.4047       107
 12.43692      106
 12.46914      105
 12.50136      104
 12.53358      103
 12.5658       102
 12.59802      100
 12.63024      98
 12.63024      97
 12.66246      95
 12.69468      93
 12.7269       91
 12.75912      90
 12.79134      88
 12.82356      86
 12.85578      84
 12.85578      82
 12.888        80
 12.92022      78
 12.95244      76
 13.01688      74
 13.0491       71
 13.08132      69
 13.08132      67
 13.11354      65
 13.14576      63
 13.17798      61
 13.2102       59
 13.24242      57
 13.27464      55
 13.30686      53
 13.30686      51
 13.33908      49
 13.3713       47
 13.40352      45
 13.43574      43
 13.46796      41
 13.50018      39
 13.5324       37
 13.5324       36
 13.56462      34
 13.59684      33
 13.62906      32
 13.66128      30
 13.6935       29
 13.72572      27
 13.75794      26
 13.75794      25
 13.79016      24
 13.82238      22
 13.8546       21
 13.88682      20
 13.91904      19
 13.95126      18
 13.98348      17
 13.98348      16
 14.0157       16
 14.04792      15
 14.08014      14
 14.11236      14
 14.14458      13
 14.1768       12
 14.1768       12
 14.20902      11
 14.24124      10
 14.27346      10
 14.30568      9
 14.3379       9
 14.37012      9
 14.37012      8
 14.40234      8
 14.43456      8
 14.46678      8
 14.499        8
 14.53122      8
 14.56344      8
 14.56344      8
 14.59566      8
 14.62788      8
 14.6601       8
 14.69232      8
 14.72454      8
 14.75676      9
 14.78898      9
 14.78898      9
 14.8212       10
 14.85342      10
 14.88564      11
 14.91786      11
 14.95008      12
 14.9823       13
 14.9823       13
 15.01452      14
 15.04674      15
 15.07896      16
 15.11118      17
 15.1434       18
 15.17562      19
 15.17562      20
 15.20784      22
 15.24006      23
 15.27228      24
 15.3045       25
 15.33672      27
 15.36894      28
 15.36894      30
 15.40116      31
 15.43338      33
 15.4656       34
 15.49782      36
 15.53004      38
 15.56226      40
 15.59448      42
 15.59448      43
 15.6267       45
 15.65892      48
 15.69114      50
 15.72336      52
 15.75558      54
 15.75558      56
 15.7878       58
 15.82002      61
 15.85224      63
 15.88446      66
 15.91668      68
 15.9489       70
 15.98112      73
 15.98112      76
 16.01334      78
 16.04556      81
 16.07778      84
 16.11         86
 16.14222      89
 16.17444      92
 16.17444      95
 16.20666      98
 16.2711       102
 16.30332      105
 16.33554      108
 16.33554      110
 16.36776      114
 16.39998      116
 16.4322       119
 16.46442      123
 16.49664      125
 16.52886      128
 16.52886      131
 16.56108      134
 16.5933       137
 16.62552      140
 16.65774      142
 16.68996      145
 16.72218      148
 16.72218      150
 16.7544       152
 16.78662      154
 16.81884      156
 16.85106      159
 16.88328      161
 16.88328      163
 16.9155       165
 16.94772      166
 16.97994      168
 17.01216      170
 17.04438      171
 17.0766       172
 17.0766       173
 17.10882      174
 17.14104      175
 17.17326      176
 17.20548      176
 17.2377       177
 17.26992      177
 17.26992      177
 17.30214      178
 17.33436      177
 17.36658      177
 17.3988       177
 17.43102      176
 17.43102      176
 17.46324      175
 17.49546      174
 17.52768      173
 17.5599       172
 17.59212      171
 17.62434      169
 17.62434      168
 17.65656      166
 17.68878      164
 17.721        162
 17.75322      161
 17.78544      159
 17.81766      156
 17.81766      154
 17.84988      152
 17.8821       149
 17.91432      147
 17.94654      145
 17.97876      142
 17.97876      140
 18.01098      137
 18.0432       134
 18.07542      131
 18.10764      128
 18.13986      126
 18.13986      123
 18.17208      120
 18.2043       117
 18.23652      115
 18.26874      112
 18.30096      109
 18.33318      106
 18.33318      103
 18.3654       100
 18.39762      97
 18.42984      94
 18.46206      91
 18.49428      88
 18.49428      86
 18.5265       83
 18.55872      81
 18.59094      78
 18.62316      76
 18.65538      73
 18.65538      71
 18.6876       69
 18.71982      66
 18.75204      64
 18.78426      62
 18.81648      60
 18.81648      58
 18.8487       56
 18.88092      54
 18.91314      52
 18.94536      50
 18.97758      48
 19.0098       46
 19.0098       45
 19.04202      43
 19.07424      42
 19.10646      40
 19.13868      39
 19.13868      38
 19.1709       37
 19.20312      35
 19.23534      34
 19.26756      33
 19.29978      32
 19.332        31
 19.332        31
 19.36422      30
 19.39644      29
 19.42866      28
 19.46088      28
 19.4931       27
 19.52532      27
 19.55754      26
 19.58976      26
 19.62198      26
 19.6542       25
 19.6542       26
 19.68642      25
 19.71864      25
 19.75086      26
 19.78308      26
 19.8153       26
 19.8153       26
 19.84752      26
 19.87974      27
 19.91196      30
 19.94418      29
 19.9764       29
 19.9764       28
 20.00862      28
 20.04084      28
 20.07306      28
 20.10528      28
 20.1375       29
 20.16972      30
 20.16972      31
 20.20194      32
 20.23416      32
 20.26638      34
 20.2986       35
 20.2986       36
 20.33082      38
 20.36304      40
 20.39526      41
 20.42748      43
 20.4597       45
 20.4597       47
 20.49192      49
 20.52414      50
 20.55636      52
 20.58858      55
 20.6208       57
 20.6208       59
 20.65302      61
 20.68524      63
 20.71746      66
 20.74968      68
 20.7819       71
 20.7819       73
 20.81412      76
 20.84634      78
 20.87856      81
 20.91078      84
 20.91078      87
 20.943        89
 20.97522      92
 21.00744      95
 21.03966      98
 21.07188      101
 21.07188      105
 21.1041       108
 21.13632      110
 21.16854      114
 21.20076      117
 21.20076      120
 21.23298      123
 21.2652       126
 21.29742      129
 21.32964      132
 21.36186      135
 21.36186      138
 21.39408      141
 21.4263       144
 21.45852      147
 21.49074      150
 21.49074      153
 21.52296      156
 21.55518      159
 21.5874       161
 21.61962      164
 21.65184      167
 21.65184      170
 21.68406      172
 21.71628      175
 21.7485       177
 21.78072      180
 21.81294      182
 21.81294      184
 21.84516      186
 21.87738      188
 21.9096       190
 21.94182      192
 21.94182      194
 21.97404      196
 22.00626      198
 22.03848      199
 22.0707       202
 22.10292      203
 22.10292      204
 22.13514      206
 22.16736      206
 22.19958      208
 22.2318       208
 22.2318       209
 22.26402      210
 22.29624      210
 22.32846      211
 22.36068      211
 22.3929       211
 22.3929       211
 22.42512      211
 22.45734      211
 22.48956      211
 22.52178      210
 22.52178      210
 22.554        209
 22.58622      208
 22.61844      207
 22.65066      207
 22.68288      206
 22.68288      205
 22.7151       204
 22.77954      202
 22.81176      200
 22.81176      199
 22.84398      197
 22.8762       196
 22.90842      194
 22.94064      192
 22.94064      190
 22.97286      189
 23.00508      187
 23.0373       182
 23.06952      176
 23.06952      170
 23.10174      165
 23.13396      160
 23.16618      155
 23.1984       150
 23.1984       147
 23.23062      143
 23.26284      141
 23.29506      137
 23.32728      135
 23.3595       132
 23.3595       129
 23.39172      127
 23.42394      124
 23.45616      122
 23.48838      120
 23.48838      117
 23.5206       115
 23.55282      113
 23.58504      111
 23.61726      109
 23.61726      107
 23.64948      104
 23.6817       102
 23.71392      100
 23.74614      97
 23.74614      95
 23.77836      93
 23.81058      91
 23.8428       90
 23.87502      88
 23.87502      86
 23.90724      84
 23.93946      82
 23.97168      80
 24.0039       79
 24.0039       77
 24.03612      76
 24.06834      74
 24.10056      72
 24.13278      71
 24.165        70
 24.165        68
 24.19722      67
 24.22944      66
 24.26166      64
 24.26166      63
 24.29388      62
 24.3261       61
 24.35832      60
 24.39054      59
 24.39054      59
 24.42276      58
 24.45498      57
 24.4872       56
 24.51942      56
 24.55164      55
 24.55164      54
 24.58386      54
 24.61608      53
 24.6483       53
 24.68052      52
 24.68052      52
 24.71274      52
 24.74496      52
 24.77718      52
 24.8094       52
 24.8094       52
 24.84162      53
 24.87384      44
 24.90606      45
 24.90606      46
 24.93828      47
 24.9705       47
 25.00272      49
 25.03494      49
 25.03494      50
 25.06716      51
 25.09938      52
 25.1316       54
 25.16382      55
 25.16382      56
 25.19604      57
 25.22826      58
 25.26048      59
 25.26048      61
 25.2927       62
 25.32492      63
 25.35714      65
 25.38936      66
 25.38936      67
 25.42158      69
 25.4538       70
 25.48602      72
 25.51824      74
 25.51824      75
 25.55046      77
 25.58268      79
 25.6149       81
 25.64712      83
 25.64712      85
 25.67934      87
 25.71156      89
 25.74378      91
 25.776        94
 25.776        96
 25.80822      98
 25.84044      101
 25.87266      104
 25.90488      106
 25.90488      109
 25.9371       111
 25.96932      114
 26.03376      116
 26.03376      119
 26.06598      121
 26.0982       124
 26.13042      127
 26.13042      129
 26.16264      132
 26.19486      135
 26.22708      138
 26.2593       141
 26.2593       143
 26.29152      146
 26.32374      149
 26.35596      152
 26.35596      154
 26.38818      157
 26.4204       160
 26.45262      162
 26.48484      165
 26.48484      168
 26.51706      170
 26.54928      173
 26.5815       176
 26.5815       178
 26.61372      181
 26.64594      183
 26.67816      186
 26.71038      188
 26.7426       191
 26.7426       193
 26.77482      195
 26.80704      198
 26.83926      200
 26.83926      203
 26.87148      205
 26.9037       207
 26.93592      209
 26.96814      211
 26.96814      213
 27.00036      215
 27.03258      217
 27.0648       219
 27.0648       220
 27.09702      222
 27.12924      223
 27.16146      225
 27.19368      226
 27.19368      228
 27.2259       229
 27.25812      230
 27.29034      231
 27.29034      232
 27.32256      233
 27.35478      234
 27.387        234
 27.41922      235
 27.41922      236
 27.45144      236
 27.48366      237
 27.51588      237
 27.51588      238
 27.5481       238
 27.58032      238
 27.61254      238
 27.61254      238
 27.64476      238
 27.67698      238
 27.7092       238
 27.74142      238
 27.74142      237
 27.77364      237
 27.80586      237
 27.83808      236
 27.83808      236
 27.8703       235
 27.90252      234
 27.93474      234
 27.96696      233
 27.96696      232
 27.99918      231
 28.0314       230
 28.06362      229
 28.06362      228
 28.09584      227
 28.12806      226
 28.16028      225
 28.16028      224
