 0             0
 0             0
 0             0
 0             0
 0             0
 0             0
 0             0
 0             0
 0             0
 3.222e-002    0
 3.222e-002    0
 6.444e-002    0
 9.666e-002    0
 9.666e-002    0
 0.1611        0
 0.1611        0
 0.19332       0
 0.22554       0
 0.25776       0
 0.28998       0
 0.3222        0
 0.3222        0
 0.35442       0
 0.38664       0
 0.41886       0
 0.45108       0
 0.4833        0
 0.51552       0
 0.54774       0
 0.54774       0
 0.57996       0
 0.61218       0
 0.6444        0
 0.67662       0
 0.70884       0
 0.74106       0
 0.77328       0
 0.8055        0
 0.8055        0
 0.86994       0
 0.86994       0
 0.90216       0
 0.93438       0
 0.9666        0
 0.99882       0
 1.03104       0
 1.06326       0
 1.09548       0
 1.1277        0
 1.1277        0
 1.19214       0
 1.19214       0
 1.22436       0
 1.25658       0
 1.2888        0
 1.32102       0
 1.35324       0
 1.38546       0
 1.41768       0
 1.4499        0
 1.4499        0
 1.51434       0
 1.54656       0
 1.54656       0
 1.57878       0
 1.611         0
 1.64322       0
 1.67544       0
 1.70766       0
 1.73988       0
 1.7721        0
 1.80432       0
 1.83654       0
 1.86876       0
 1.90098       0
 1.9332        0
 1.9332        0
 1.96542       0
 1.99764       0
 2.02986       0
 2.06208       0
 2.0943        0
 2.12652       0
 2.15874       0
 2.19096       0
 2.22318       0
 2.2554        0
 2.28762       0
 2.31984       0
 2.35206       0
 2.38428       0
 2.38428       0
 2.44872       0
 2.44872       0
 2.48094       0
 2.51316       0
 2.54538       0
 2.5776        0
 2.60982       0
 2.64204       0
 2.67426       0
 2.70648       0
 2.7387        0
 2.77092       0
 2.80314       0
 2.83536       0
 2.86758       0
 2.8998        0
 2.93202       0
 2.96424       0
 2.96424       0
 2.99646       0
 3.02868       0
 3.0609        0
 3.09312       0
 3.12534       0
 3.15756       0
 3.18978       0
 3.25422       0
 3.28644       0
 3.31866       0
 3.35088       0
 3.3831        0
 3.41532       0
 3.44754       0
 3.47976       0
 3.51198       0
 3.51198       0
 3.5442        0
 3.57642       0
 3.60864       0
 3.64086       0
 3.67308       0
 3.7053        0
 3.73752       0
 3.76974       0
 3.80196       0
 3.83418       0
 3.8664        0
 3.89862       0
 3.93084       0
 3.96306       0
 3.99528       0
 4.0275        0
 4.05972       0
 4.05972       0
 4.12416       0
 4.12416       0
 4.15638       0
 4.1886        0
 4.22082       0
 4.25304       0
 4.28526       0
 4.31748       0
 4.3497        0
 4.38192       0
 4.41414       0
 4.44636       0
 4.47858       0
 4.5108        0
 4.54302       0
 4.57524       0
 4.60746       0
 4.63968       0
 4.63968       0
 4.6719        0
 4.70412       0
 4.73634       0
 4.76856       0
 4.80078       0
 4.833         0
 4.86522       0
 4.89744       0
 4.92966       0
 4.96188       0
 4.9941        0
 5.02632       0
 5.05854       0
 5.09076       0
 5.12298       0
 5.1552        0
 5.1552        0
 5.18742       0
 5.21964       0
 5.25186       0
 5.28408       0
 5.3163        0
 5.34852       0
 5.38074       0
 5.41296       0
 5.44518       0
 5.4774        0
 5.50962       0
 5.54184       0
 5.57406       0
 5.60628       0
 5.6385        1
 5.67072       1
 5.67072       1
 5.70294       2
 5.73516       2
 5.76738       2
 5.7996        3
 5.83182       3
 5.86404       3
 5.89626       4
 5.92848       4
 5.9607        5
 5.99292       5
 6.02514       5
 6.05736       6
 6.08958       6
 6.1218        7
 6.15402       8
 6.15402       8
 6.18624       9
 6.21846       9
 6.25068       10
 6.2829        11
 6.31512       11
 6.34734       12
 6.37956       13
 6.41178       13
 6.444         14
 6.50844       15
 6.54066       15
 6.57288       16
 6.6051        17
 6.6051        18
 6.63732       19
 6.66954       19
 6.70176       20
 6.73398       21
 6.7662        22
 6.79842       23
 6.83064       24
 6.86286       25
 6.89508       26
 6.9273        27
 6.95952       28
 6.99174       29
 7.02396       29
 7.05618       30
 7.05618       31
 7.0884        32
 7.12062       33
 7.15284       34
 7.18506       35
 7.21728       35
 7.2495        36
 7.28172       37
 7.31394       37
 7.34616       38
 7.37838       38
 7.4106        39
 7.44282       39
 7.47504       40
 7.47504       40
 7.50726       40
 7.53948       40
 7.5717        40
 7.60392       41
 7.63614       41
 7.66836       41
 7.70058       40
 7.7328        40
 7.76502       40
 7.79724       40
 7.82946       40
 7.86168       39
 7.8939        39
 7.8939        38
 7.92612       38
 7.95834       37
 7.99056       37
 8.02278       36
 8.055         36
 8.08722       35
 8.11944       34
 8.15166       34
 8.18388       33
 8.2161        32
 8.24832       31
 8.28054       31
 8.28054       30
 8.31276       29
 8.34498       29
 8.3772        28
 8.40942       27
 8.44164       26
 8.47386       25
 8.50608       25
 8.5383        24
 8.57052       23
 8.60274       23
 8.63496       22
 8.63496       21
 8.66718       20
 8.6994        20
 8.73162       19
 8.76384       18
 8.79606       18
 8.82828       17
 8.8605        16
 8.89272       16
 8.92494       15
 8.95716       15
 8.98938       14
 8.98938       13
 9.0216        13
 9.05382       12
 9.08604       12
 9.11826       11
 9.15048       11
 9.1827        10
 9.21492       10
 9.24714       9
 9.27936       9
 9.31158       9
 9.3438        8
 9.37602       8
 9.37602       7
 9.40824       7
 9.44046       7
 9.47268       6
 9.5049        6
 9.53712       6
 9.56934       6
 9.60156       5
 9.63378       5
 9.666         5
 9.69822       5
 9.73044       5
 9.76266       5
 9.79488       4
 9.8271        4
 9.85932       4
 9.89154       4
 9.92376       4
 9.95598       4
 9.9882        4
 10.02042      5
 10.05264      5
 10.05264      5
 10.08486      5
 10.11708      5
 10.1493       6
 10.18152      6
 10.21374      6
 10.24596      7
 10.27818      7
 10.3104       7
 10.34262      8
 10.37484      8
 10.40706      9
 10.40706      9
 10.43928      10
 10.4715       11
 10.50372      11
 10.53594      12
 10.56816      13
 10.60038      14
 10.6326       14
 10.66482      15
 10.69704      16
 10.69704      17
 10.72926      18
 10.76148      19
 10.7937       20
 10.82592      21
 10.85814      22
 10.89036      23
 10.92258      24
 10.9548       25
 10.98702      27
 11.01924      28
 11.05146      29
 11.05146      30
 11.08368      32
 11.1159       33
 11.14812      34
 11.18034      36
 11.21256      37
 11.24478      39
 11.277        40
 11.30922      42
 11.30922      43
 11.34144      45
 11.37366      47
 11.40588      48
 11.4381       50
 11.47032      52
 11.50254      53
 11.53476      55
 11.56698      57
 11.5992       59
 11.63142      60
 11.63142      62
 11.66364      64
 11.69586      66
 11.72808      68
 11.7603       70
 11.79252      71
 11.82474      73
 11.85696      75
 11.88918      77
 11.9214       79
 11.9214       80
 11.95362      82
 11.98584      84
 12.01806      86
 12.05028      87
 12.0825       89
 12.11472      91
 12.14694      92
 12.17916      94
 12.21138      95
 12.21138      96
 12.2436       98
 12.27582      99
 12.30804      101
 12.34026      102
 12.37248      103
 12.4047       104
 12.43692      105
 12.46914      106
 12.50136      107
 12.50136      107
 12.53358      108
 12.5658       108
 12.59802      109
 12.63024      109
 12.66246      109
 12.69468      109
 12.7269       109
 12.75912      109
 12.79134      109
 12.82356      109
 12.82356      108
 12.85578      108
 12.888        107
 12.92022      107
 12.95244      106
 13.01688      105
 13.0491       105
 13.0491       104
 13.08132      103
 13.11354      102
 13.14576      101
 13.17798      99
 13.2102       98
 13.24242      97
 13.27464      95
 13.30686      94
 13.33908      93
 13.33908      92
 13.3713       90
 13.40352      89
 13.43574      87
 13.46796      86
 13.50018      85
 13.5324       83
 13.56462      82
 13.59684      80
 13.59684      79
 13.62906      77
 13.66128      76
 13.6935       74
 13.72572      73
 13.75794      71
 13.79016      70
 13.82238      68
 13.8546       67
 13.8546       66
 13.88682      64
 13.91904      63
 13.95126      61
 13.98348      60
 14.0157       59
 14.04792      57
 14.08014      56
 14.11236      55
 14.14458      54
 14.14458      52
 14.1768       51
 14.20902      50
 14.24124      49
 14.27346      48
 14.30568      47
 14.3379       45
 14.37012      44
 14.40234      43
 14.40234      42
 14.43456      41
 14.46678      40
 14.499        39
 14.53122      39
 14.56344      38
 14.59566      37
 14.59566      36
 14.62788      35
 14.6601       35
 14.69232      34
 14.72454      33
 14.75676      33
 14.78898      32
 14.8212       32
 14.85342      31
 14.85342      31
 14.88564      31
 14.91786      30
 14.95008      30
 14.9823       30
 15.01452      30
 15.04674      30
 15.07896      30
 15.11118      30
 15.11118      30
 15.1434       30
 15.17562      30
 15.20784      31
 15.24006      31
 15.27228      31
 15.3045       32
 15.33672      33
 15.33672      33
 15.36894      34
 15.40116      34
 15.43338      35
 15.4656       36
 15.49782      37
 15.53004      38
 15.56226      39
 15.59448      40
 15.59448      41
 15.6267       42
 15.65892      43
 15.69114      45
 15.72336      46
 15.75558      47
 15.7878       49
 15.82002      50
 15.82002      52
 15.85224      53
 15.88446      55
 15.91668      56
 15.9489       58
 15.98112      60
 16.01334      62
 16.04556      63
 16.04556      65
 16.07778      67
 16.11         69
 16.14222      71
 16.17444      73
 16.20666      75
 16.23888      77
 16.2711       79
 16.30332      81
 16.33554      83
 16.36776      85
 16.39998      88
 16.4322       90
 16.46442      92
 16.49664      94
 16.49664      97
 16.52886      99
 16.56108      102
 16.5933       105
 16.62552      107
 16.65774      109
 16.68996      112
 16.68996      114
 16.72218      117
 16.7544       119
 16.78662      121
 16.81884      124
 16.85106      126
 16.88328      128
 16.9155       131
 16.9155       133
 16.94772      135
 16.97994      138
 17.01216      140
 17.04438      142
 17.0766       144
 17.10882      146
 17.10882      149
 17.14104      151
 17.17326      153
 17.20548      155
 17.2377       157
 17.26992      158
 17.30214      160
 17.33436      162
 17.33436      164
 17.36658      165
 17.3988       167
 17.43102      169
 17.46324      170
 17.49546      171
 17.52768      173
 17.5599       174
 17.5599       175
 17.59212      176
 17.62434      177
 17.65656      178
 17.68878      179
 17.721        179
 17.75322      180
 17.75322      181
 17.78544      181
 17.81766      182
 17.84988      182
 17.8821       182
 17.91432      183
 17.94654      183
 17.94654      183
 17.97876      183
 18.01098      183
 18.0432       183
 18.07542      182
 18.10764      182
 18.13986      182
 18.13986      181
 18.17208      181
 18.2043       180
 18.23652      180
 18.26874      179
 18.30096      178
 18.33318      178
 18.3654       177
 18.3654       176
 18.39762      175
 18.42984      174
 18.46206      173
 18.49428      172
 18.5265       171
 18.55872      170
 18.55872      169
 18.59094      168
 18.62316      167
 18.65538      165
 18.6876       164
 18.71982      163
 18.75204      162
 18.75204      161
 18.78426      160
 18.81648      158
 18.8487       157
 18.88092      156
 18.91314      155
 18.91314      154
 18.94536      152
 18.97758      151
 19.0098       150
 19.04202      149
 19.07424      148
 19.10646      147
 19.13868      145
 19.13868      144
 19.1709       143
 19.20312      142
 19.23534      141
 19.26756      140
 19.29978      139
 19.29978      138
 19.332        137
 19.36422      136
 19.39644      135
 19.42866      134
 19.46088      133
 19.4931       124
 19.52532      114
 19.55754      105
 19.58976      96
 19.62198      89
 19.6542       83
 19.68642      78
 19.68642      73
 19.71864      69
 19.75086      66
 19.78308      63
 19.8153       60
 19.84752      58
 19.84752      56
 19.87974      54
 19.91196      52
 19.94418      50
 19.9764       48
 20.00862      46
 20.04084      44
 20.04084      42
 20.07306      40
 20.10528      38
 20.1375       35
 20.16972      33
 20.20194      30
 20.20194      28
 20.23416      25
 20.26638      23
 20.2986       20
 20.33082      17
 20.36304      15
 20.39526      12
 20.39526      10
 20.42748      8
 20.4597       5
 20.49192      3
 20.52414      1
 20.55636      0
 20.55636      0
 20.58858      0
 20.6208       0
 20.65302      0
 20.68524      0
 20.71746      0
 20.71746      0
 20.74968      0
 20.7819       0
 20.81412      0
 20.84634      0
 20.87856      0
 20.91078      0
 20.91078      0
 20.943        0
 20.97522      0
 21.00744      0
 21.03966      0
 21.07188      0
 21.07188      0
 21.1041       0
 21.13632      0
 21.16854      0
 21.20076      0
 21.23298      0
 21.2652       0
 21.2652       0
 21.29742      0
 21.32964      0
 21.36186      0
 21.39408      0
 21.4263       0
 21.4263       0
 21.45852      0
 21.49074      0
 21.52296      0
 21.55518      0
 21.5874       0
 21.5874       0
 21.61962      0
 21.65184      0
 21.68406      0
 21.71628      0
 21.7485       0
 21.7485       0
 21.78072      0
 21.81294      0
 21.84516      0
 21.87738      0
 21.9096       0
 21.9096       0
 21.94182      0
 21.97404      0
 22.00626      0
 22.03848      0
 22.0707       0
 22.10292      0
 22.10292      0
 22.13514      0
 22.16736      0
 22.19958      0
 22.2318       0
 22.26402      0
 22.26402      0
 22.29624      0
 22.32846      0
 22.36068      0
 22.3929       0
 22.3929       0
 22.42512      0
 22.45734      0
 22.48956      0
 22.52178      0
 22.554        0
 22.58622      0
 22.58622      0
 22.61844      0
 22.65066      0
 22.68288      0
 22.7151       0
 22.7151       0
 22.77954      0
 22.81176      0
 22.84398      0
 22.8762       0
 22.8762       0
 22.90842      0
 22.94064      0
 22.97286      0
 23.00508      0
 23.0373       0
 23.0373       0
 23.06952      0
 23.10174      0
 23.13396      0
 23.16618      0
 23.16618      0
 23.1984       0
 23.23062      0
 23.26284      0
 23.29506      0
 23.32728      0
 23.32728      0
 23.3595       0
 23.39172      0
 23.42394      0
 23.45616      0
 23.48838      0
 23.48838      0
 23.5206       0
 23.55282      0
 23.58504      0
 23.61726      0
 23.61726      0
 23.64948      0
 23.6817       0
 23.71392      0
 23.74614      0
 23.77836      0
 23.77836      0
 23.81058      0
 23.8428       0
 23.87502      0
 23.90724      0
 23.93946      0
 23.93946      0
 23.97168      0
 24.0039       0
 24.03612      0
 24.06834      0
 24.06834      0
 24.10056      0
 24.13278      0
 24.165        0
 24.19722      0
 24.19722      0
 24.22944      0
 24.26166      0
 24.29388      0
 24.3261       0
 24.35832      0
 24.35832      0
 24.39054      0
 24.42276      0
 24.45498      0
 24.4872       0
 24.4872       0
 24.51942      0
 24.55164      0
 24.58386      0
 24.61608      0
 24.61608      0
 24.6483       0
 24.68052      0
 24.71274      0
 24.74496      0
 24.74496      0
 24.77718      0
 24.8094       0
 24.84162      0
 24.87384      0
 24.90606      0
 24.90606      0
 24.93828      0
 24.9705       0
 25.00272      0
 25.03494      0
 25.03494      0
 25.06716      0
 25.09938      0
 25.1316       0
 25.16382      0
 25.16382      0
 25.19604      0
 25.22826      0
 25.26048      0
 25.2927       0
 25.32492      0
 25.32492      0
 25.35714      0
 25.38936      0
 25.42158      0
 25.42158      0
 25.4538       0
 25.48602      0
 25.51824      0
 25.55046      0
 25.58268      0
 25.58268      0
 25.6149       0
 25.64712      0
 25.67934      0
 25.71156      0
 25.71156      0
 25.74378      0
 25.776        0
 25.80822      0
 25.84044      0
 25.84044      0
 25.87266      0
 25.90488      0
 25.9371       0
 25.96932      0
 26.00154      0
 26.03376      0
 26.06598      0
 26.0982       0
 26.0982       0
 26.13042      0
 26.16264      0
 26.19486      0
 26.22708      0
 26.22708      0
 26.2593       0
 26.29152      0
 26.32374      0
 26.35596      0
 26.38818      0
 26.38818      0
 26.4204       0
 26.45262      0
 26.48484      0
 26.48484      0
 26.51706      0
 26.54928      0
 26.5815       0
 26.61372      0
 26.61372      0
 26.64594      0
 26.67816      0
 26.71038      0
 26.7426       0
 26.7426       0
 26.77482      0
 26.80704      0
 26.83926      0
 26.87148      0
 26.87148      0
 26.9037       0
 26.93592      0
 26.96814      0
 26.96814      0
 27.00036      0
 27.03258      0
 27.0648       0
 27.09702      0
 27.09702      0
 27.12924      0
 27.16146      0
 27.19368      0
 27.2259       0
 27.2259       0
 27.25812      0
 27.29034      0
 27.32256      0
 27.35478      0
 27.35478      0
 27.387        0
 27.41922      0
 27.45144      0
 27.48366      0
 27.48366      0
 27.51588      0
 27.5481       0
 27.58032      0
 27.58032      0
 27.61254      0
 27.64476      0
 27.67698      0
 27.7092       0
 27.7092       0
 27.74142      0
 27.77364      0
 27.80586      0
 27.83808      0
 27.83808      0
 27.8703       0
 27.90252      0
 27.93474      0
 27.96696      0
 27.96696      0
 27.99918      0
 28.0314       0
 28.06362      0
 28.06362      0
 28.09584      0
 28.12806      0
 28.16028      0
 28.16028      0
 28.1925       0
 28.22472      0
 28.25694      0
 28.28916      0
 28.28916      0
 28.32138      0
 28.3536       0
 28.38582      0
 28.38582      0
 28.41804      0
 28.45026      0
 28.48248      0
 28.5147       0
 28.5147       0
 28.54692      0
 28.57914      0
 28.61136      0
 28.61136      0
 28.64358      0
 28.6758       0
 28.70802      0
 28.74024      0
 28.74024      0
 28.77246      0
