 0             0
 0             0
 0             0
 0             0
 0             0
 0             0
 0             0
 0             0
 0             0
 3.222e-002    0
 6.444e-002    0
 9.666e-002    0
 0.12888       0
 0.12888       0
 0.1611        0
 0.19332       0
 0.22554       0
 0.25776       0
 0.28998       0
 0.3222        0
 0.35442       0
 0.38664       0
 0.38664       0
 0.45108       0
 0.45108       0
 0.4833        0
 0.51552       0
 0.54774       0
 0.57996       0
 0.61218       0
 0.6444        0
 0.67662       0
 0.70884       0
 0.74106       0
 0.77328       0
 0.8055        0
 0.83772       0
 0.86994       0
 0.86994       0
 0.90216       0
 0.9666        0
 0.9666        0
 0.99882       0
 1.03104       0
 1.06326       0
 1.09548       0
 1.1277        0
 1.15992       0
 1.19214       0
 1.22436       0
 1.25658       0
 1.2888        0
 1.32102       0
 1.35324       0
 1.38546       0
 1.41768       0
 1.4499        0
 1.48212       0
 1.48212       0
 1.54656       0
 1.54656       0
 1.57878       0
 1.611         0
 1.64322       0
 1.67544       0
 1.70766       0
 1.73988       0
 1.7721        0
 1.80432       0
 1.83654       0
 1.86876       0
 1.90098       0
 1.9332        0
 1.96542       0
 1.99764       0
 2.02986       0
 2.06208       0
 2.0943        0
 2.12652       0
 2.15874       0
 2.19096       0
 2.22318       0
 2.2554        0
 2.28762       0
 2.31984       0
 2.35206       0
 2.38428       0
 2.4165        0
 2.4165        0
 2.48094       0
 2.48094       0
 2.51316       0
 2.54538       0
 2.5776        0
 2.60982       0
 2.64204       0
 2.67426       0
 2.70648       0
 2.7387        0
 2.77092       0
 2.80314       0
 2.83536       0
 2.86758       0
 2.8998        0
 2.93202       0
 2.96424       0
 2.99646       0
 3.02868       0
 3.0609        0
 3.09312       0
 3.12534       0
 3.15756       0
 3.18978       0
 3.222         0
 3.28644       0
 3.31866       0
 3.35088       0
 3.3831        0
 3.41532       0
 3.41532       0
 3.47976       0
 3.47976       0
 3.51198       0
 3.5442        0
 3.57642       0
 3.60864       0
 3.64086       0
 3.67308       0
 3.7053        0
 3.73752       0
 3.76974       0
 3.80196       0
 3.83418       0
 3.8664        0
 3.89862       0
 3.93084       0
 3.96306       0
 3.99528       0
 4.0275        0
 4.05972       0
 4.09194       0
 4.12416       0
 4.15638       0
 4.1886        0
 4.22082       0
 4.25304       0
 4.28526       0
 4.31748       0
 4.3497        0
 4.38192       0
 4.41414       0
 4.44636       0
 4.44636       0
 4.5108        0
 4.5108        0
 4.54302       0
 4.57524       0
 4.60746       0
 4.63968       0
 4.6719        0
 4.70412       0
 4.73634       0
 4.76856       0
 4.80078       0
 4.833         0
 4.86522       0
 4.89744       0
 4.92966       0
 4.96188       0
 4.9941        0
 5.02632       0
 5.05854       0
 5.09076       0
 5.12298       0
 5.1552        0
 5.18742       0
 5.21964       0
 5.25186       1
 5.28408       1
 5.3163        2
 5.3163        2
 5.34852       3
 5.38074       3
 5.41296       4
 5.44518       4
 5.4774        5
 5.50962       6
 5.54184       7
 5.57406       7
 5.60628       8
 5.6385        9
 5.67072       10
 5.70294       11
 5.73516       12
 5.76738       13
 5.7996        14
 5.83182       15
 5.86404       16
 5.89626       18
 5.92848       19
 5.9607        20
 5.99292       21
 6.02514       23
 6.05736       24
 6.08958       26
 6.08958       27
 6.1218        29
 6.15402       30
 6.18624       32
 6.21846       34
 6.25068       36
 6.2829        37
 6.31512       39
 6.34734       41
 6.37956       43
 6.41178       45
 6.444         47
 6.50844       49
 6.54066       51
 6.57288       53
 6.6051        56
 6.63732       58
 6.66954       60
 6.70176       62
 6.70176       65
 6.73398       67
 6.7662        70
 6.79842       72
 6.83064       75
 6.86286       77
 6.89508       80
 6.9273        82
 6.95952       85
 6.99174       87
 7.02396       90
 7.05618       93
 7.0884        95
 7.12062       98
 7.15284       101
 7.18506       104
 7.21728       106
 7.2495        109
 7.28172       111
 7.31394       114
 7.31394       116
 7.34616       118
 7.37838       120
 7.4106        123
 7.44282       125
 7.47504       127
 7.50726       128
 7.53948       130
 7.5717        132
 7.60392       133
 7.63614       135
 7.66836       136
 7.70058       138
 7.7328        139
 7.76502       140
 7.79724       141
 7.82946       141
 7.82946       142
 7.86168       142
 7.8939        142
 7.92612       143
 7.95834       143
 7.99056       143
 8.02278       142
 8.055         142
 8.08722       142
 8.11944       141
 8.15166       140
 8.18388       139
 8.2161        139
 8.24832       138
 8.28054       137
 8.31276       136
 8.34498       134
 8.34498       133
 8.3772        132
 8.40942       130
 8.44164       129
 8.47386       128
 8.50608       126
 8.5383        125
 8.57052       123
 8.60274       122
 8.63496       120
 8.66718       118
 8.6994        117
 8.73162       115
 8.76384       113
 8.79606       112
 8.82828       110
 8.8605        108
 8.8605        107
 8.89272       105
 8.92494       103
 8.95716       102
 8.98938       99
 9.0216        97
 9.05382       96
 9.08604       94
 9.11826       93
 9.15048       91
 9.1827        89
 9.21492       88
 9.24714       86
 9.27936       85
 9.31158       83
 9.3438        82
 9.3438        80
 9.37602       79
 9.40824       77
 9.44046       76
 9.47268       75
 9.5049        73
 9.53712       72
 9.56934       71
 9.60156       69
 9.63378       68
 9.666         67
 9.69822       66
 9.73044       65
 9.76266       64
 9.79488       62
 9.8271        62
 9.85932       61
 9.89154       60
 9.92376       59
 9.95598       58
 9.9882        58
 10.02042      57
 10.05264      57
 10.08486      56
 10.11708      56
 10.1493       56
 10.18152      56
 10.21374      56
 10.24596      56
 10.27818      56
 10.27818      56
 10.3104       57
 10.34262      57
 10.37484      58
 10.40706      59
 10.43928      59
 10.4715       60
 10.50372      61
 10.53594      63
 10.56816      64
 10.60038      65
 10.6326       66
 10.6326       68
 10.66482      69
 10.69704      71
 10.72926      73
 10.76148      75
 10.7937       77
 10.82592      79
 10.85814      81
 10.89036      83
 10.92258      85
 10.9548       88
 10.98702      90
 11.01924      93
 11.05146      96
 11.05146      98
 11.08368      102
 11.1159       105
 11.14812      108
 11.18034      111
 11.21256      114
 11.24478      117
 11.277        120
 11.30922      124
 11.34144      127
 11.37366      130
 11.40588      134
 11.4381       137
 11.4381       141
 11.47032      145
 11.50254      148
 11.53476      152
 11.56698      156
 11.5992       159
 11.63142      163
 11.66364      167
 11.69586      171
 11.72808      175
 11.7603       179
 11.79252      183
 11.82474      187
 11.82474      191
 11.85696      195
 11.88918      200
 11.9214       204
 11.95362      209
 11.98584      213
 12.01806      217
 12.05028      221
 12.0825       225
 12.11472      229
 12.14694      234
 12.14694      238
 12.17916      242
 12.21138      246
 12.2436       250
 12.27582      254
 12.30804      258
 12.34026      262
 12.37248      266
 12.4047       269
 12.43692      273
 12.46914      277
 12.50136      280
 12.50136      284
 12.53358      287
 12.5658       291
 12.59802      294
 12.63024      297
 12.66246      300
 12.69468      304
 12.7269       307
 12.75912      310
 12.79134      312
 12.82356      315
 12.85578      317
 12.85578      319
 12.888        322
 12.92022      324
 12.95244      326
 13.01688      327
 13.0491       329
 13.08132      331
 13.11354      332
 13.14576      333
 13.14576      334
 13.17798      336
 13.2102       337
 13.24242      337
 13.27464      338
 13.30686      339
 13.33908      339
 13.3713       340
 13.40352      340
 13.43574      340
 13.46796      340
 13.50018      340
 13.50018      340
 13.5324       340
 13.56462      340
 13.59684      339
 13.62906      339
 13.66128      338
 13.6935       337
 13.72572      337
 13.75794      336
 13.79016      335
 13.79016      334
 13.82238      333
 13.8546       332
 13.88682      331
 13.91904      330
 13.95126      329
 13.98348      328
 14.0157       326
 14.04792      325
 14.08014      324
 14.08014      322
 14.11236      321
 14.14458      320
 14.1768       318
 14.20902      316
 14.24124      315
 14.27346      313
 14.30568      312
 14.3379       310
 14.37012      308
 14.40234      307
 14.40234      305
 14.43456      303
 14.46678      301
 14.499        299
 14.53122      297
 14.56344      295
 14.59566      293
 14.62788      291
 14.6601       289
 14.6601       287
 14.69232      285
 14.72454      283
 14.75676      281
 14.78898      279
 14.8212       277
 14.85342      275
 14.88564      273
 14.91786      271
 14.95008      268
 14.95008      266
 14.9823       264
 15.01452      262
 15.04674      260
 15.07896      258
 15.11118      256
 15.1434       255
 15.17562      253
 15.20784      251
 15.24006      250
 15.24006      248
 15.27228      247
 15.3045       245
 15.33672      244
 15.36894      243
 15.40116      242
 15.43338      241
 15.4656       241
 15.49782      240
 15.49782      240
 15.53004      239
 15.56226      239
 15.59448      239
 15.6267       239
 15.65892      239
 15.69114      240
 15.72336      240
 15.75558      241
 15.75558      242
 15.7878       243
 15.82002      243
 15.85224      245
 15.88446      246
 15.91668      247
 15.9489       249
 15.98112      250
 16.01334      252
 16.04556      254
 16.04556      256
 16.07778      258
 16.11         260
 16.14222      262
 16.17444      257
 16.20666      235
 16.2711       215
 16.2711       198
 16.30332      183
 16.33554      170
 16.36776      158
 16.39998      148
 16.4322       139
 16.46442      131
 16.49664      123
 16.52886      117
 16.52886      111
 16.56108      106
 16.5933       102
 16.62552      97
 16.65774      94
 16.68996      88
 16.72218      81
 16.7544       75
 16.7544       70
 16.78662      66
 16.81884      62
 16.85106      58
 16.88328      55
 16.9155       52
 16.94772      50
 16.97994      47
 17.01216      46
 17.01216      44
 17.04438      43
 17.0766       42
 17.10882      40
 17.14104      40
 17.17326      39
 17.20548      39
 17.2377       39
 17.2377       38
 17.26992      38
 17.30214      39
 17.33436      39
 17.36658      39
 17.3988       40
 17.43102      40
 17.46324      41
 17.46324      42
 17.49546      42
 17.52768      44
 17.5599       44
 17.59212      46
 17.62434      47
 17.65656      48
 17.68878      49
 17.721        51
 17.721        52
 17.75322      54
 17.78544      55
 17.81766      56
 17.84988      58
 17.8821       59
 17.91432      61
 17.94654      62
 17.94654      63
 17.97876      64
 18.01098      65
 18.0432       66
 18.07542      67
 18.10764      67
 18.13986      67
 18.17208      68
 18.17208      68
 18.2043       67
 18.23652      67
 18.26874      66
 18.30096      66
 18.33318      65
 18.3654       64
 18.39762      63
 18.39762      62
 18.42984      60
 18.46206      59
 18.49428      57
 18.5265       56
 18.55872      54
 18.59094      52
 18.62316      50
 18.62316      49
 18.65538      47
 18.6876       44
 18.71982      42
 18.75204      40
 18.78426      38
 18.81648      36
 18.81648      34
 18.8487       32
 18.88092      30
 18.91314      27
 18.94536      25
 18.97758      23
 19.0098       21
 19.04202      19
 19.04202      16
 19.07424      14
 19.10646      12
 19.13868      10
 19.1709       8
 19.20312      7
 19.23534      5
 19.26756      4
 19.26756      3
 19.29978      1
 19.332        0
 19.36422      0
 19.39644      0
 19.42866      0
 19.46088      0
 19.46088      0
 19.52532      0
 19.55754      0
 19.58976      0
 19.62198      0
 19.6542       1
 19.68642      2
 19.68642      3
 19.71864      4
 19.75086      6
 19.78308      7
 19.8153       9
 19.84752      10
 19.87974      11
 19.87974      13
 19.91196      14
 19.94418      15
 19.9764       15
 20.00862      15
 20.04084      15
 20.07306      15
 20.07306      14
 20.10528      13
 20.1375       11
 20.16972      9
 20.20194      6
 20.23416      3
 20.26638      0
 20.26638      0
 20.2986       0
 20.33082      0
 20.36304      0
 20.39526      0
 20.42748      0
 20.4597       0
 20.49192      0
 20.49192      0
 20.52414      0
 20.55636      0
 20.58858      0
 20.6208       0
 20.65302      0
 20.68524      0
 20.68524      0
 20.71746      0
 20.74968      0
 20.7819       0
 20.81412      0
 20.84634      0
 20.84634      0
 20.87856      0
 20.91078      0
 20.943        0
 20.97522      0
 21.00744      0
 21.03966      0
 21.03966      0
 21.07188      0
 21.1041       0
 21.13632      0
 21.16854      0
 21.20076      0
 21.23298      0
 21.23298      0
 21.2652       0
 21.29742      0
 21.32964      0
 21.36186      0
 21.39408      0
 21.4263       0
 21.4263       0
 21.45852      0
 21.49074      0
 21.52296      0
 21.55518      0
 21.5874       0
 21.61962      0
 21.61962      0
 21.65184      0
 21.68406      0
 21.71628      0
 21.7485       0
 21.78072      0
 21.78072      0
 21.81294      0
 21.84516      0
 21.87738      0
 21.9096       0
 21.94182      0
 21.97404      0
 21.97404      0
 22.00626      0
 22.03848      0
 22.0707       0
 22.10292      0
 22.13514      0
 22.13514      0
 22.16736      0
 22.19958      0
 22.2318       0
 22.26402      0
 22.29624      0
 22.32846      0
 22.32846      0
 22.36068      0
 22.3929       0
 22.42512      0
 22.45734      0
 22.48956      0
 22.48956      0
 22.52178      0
 22.554        0
 22.58622      0
 22.61844      0
 22.65066      0
 22.65066      0
 22.68288      0
 22.74732      0
 22.77954      0
 22.81176      0
 22.84398      0
 22.84398      0
 22.8762       0
 22.90842      0
 22.94064      0
 22.97286      0
 23.00508      0
 23.00508      0
 23.0373       0
 23.06952      0
 23.10174      0
 23.13396      0
 23.16618      0
 23.16618      0
 23.1984       0
 23.23062      0
 23.26284      0
 23.29506      0
 23.32728      0
 23.32728      0
 23.3595       0
 23.39172      0
 23.42394      0
 23.45616      0
 23.48838      0
 23.48838      0
 23.5206       0
 23.55282      0
 23.58504      0
 23.61726      0
 23.64948      0
 23.64948      0
 23.6817       0
 23.71392      0
 23.74614      0
 23.77836      0
 23.81058      0
 23.81058      0
 23.8428       0
 23.87502      0
 23.90724      0
 23.93946      0
 23.97168      0
 23.97168      0
 24.0039       0
 24.03612      0
 24.06834      0
 24.10056      0
 24.13278      0
 24.13278      0
 24.165        0
 24.19722      0
 24.22944      0
 24.26166      0
 24.29388      0
 24.3261       0
 24.3261       0
 24.35832      0
 24.39054      0
 24.42276      0
 24.45498      0
 24.45498      0
 24.4872       0
 24.51942      0
 24.55164      0
 24.58386      0
 24.61608      0
 24.61608      0
 24.6483       0
 24.68052      0
 24.71274      0
 24.74496      0
 24.74496      0
 24.77718      0
 24.8094       0
 24.84162      0
 24.87384      0
 24.90606      0
 24.90606      0
 24.93828      0
 24.9705       0
 25.00272      0
 25.03494      0
 25.06716      0
 25.06716      0
 25.09938      0
 25.1316       0
 25.16382      0
 25.19604      0
 25.19604      0
 25.22826      0
 25.26048      0
 25.2927       0
 25.32492      0
 25.35714      0
 25.35714      0
 25.38936      0
 25.42158      0
 25.4538       0
 25.48602      0
 25.48602      0
 25.51824      0
 25.55046      0
 25.58268      0
 25.6149       0
 25.64712      0
 25.64712      0
 25.67934      0
 25.71156      0
 25.74378      0
 25.776        0
 25.776        0
 25.80822      0
 25.84044      0
 25.87266      0
 25.90488      0
 25.9371       0
 25.9371       0
 25.96932      0
 26.03376      0
 26.06598      0
 26.06598      0
 26.0982       0
 26.13042      0
 26.16264      0
 26.19486      0
 26.19486      0
 26.22708      0
 26.2593       0
 26.29152      0
 26.32374      0
 26.35596      0
 26.35596      0
 26.38818      0
 26.4204       0
 26.45262      0
 26.48484      0
 26.48484      0
 26.51706      0
 26.54928      0
 26.5815       0
 26.61372      0
 26.64594      0
 26.64594      0
 26.67816      0
 26.71038      0
 26.7426       0
 26.77482      0
 26.77482      0
 26.80704      0
 26.83926      0
 26.87148      0
 26.9037       0
 26.9037       0
 26.93592      0
 26.96814      0
 27.00036      0
 27.03258      0
 27.03258      0
 27.0648       0
 27.09702      0
 27.12924      0
 27.16146      0
 27.16146      0
 27.19368      0
 27.2259       0
 27.25812      0
 27.29034      0
 27.29034      0
 27.32256      0
 27.35478      0
 27.387        0
 27.41922      0
 27.45144      0
 27.45144      0
 27.48366      0
 27.51588      0
 27.5481       0
 27.5481       0
 27.58032      0
 27.61254      0
 27.64476      0
 27.67698      0
 27.67698      0
 27.7092       0
 27.74142      0
 27.77364      0
 27.80586      0
 27.80586      0
 27.83808      0
 27.8703       0
 27.90252      0
 27.93474      0
 27.93474      0
 27.96696      0
 27.99918      0
 28.0314       0
 28.06362      0
 28.06362      0
 28.09584      0
 28.12806      0
 28.16028      0
 28.16028      0
 28.1925       0
 28.22472      0
 28.25694      0
 28.28916      0
 28.28916      0
 28.32138      0
 28.3536       0
 28.38582      0
 28.41804      0
 28.41804      0
 28.45026      0
 28.48248      0
 28.5147       0
 28.54692      0
 28.54692      0
 28.57914      0
 28.61136      0
 28.64358      0
 28.64358      0
 28.6758       0
 28.70802      0
 28.74024      0
 28.77246      0
 28.77246      0
 28.80468      0
 28.8369       0
 28.86912      0
 28.90134      0
 28.90134      0
 28.93356      0
 28.96578      0
 28.998        0
 28.998        0
 29.03022      0
 29.06244      0
 29.09466      0
 29.09466      0
 29.12688      0
 29.1591       0
 29.19132      0
 29.22354      0
 29.22354      0
 29.28798      0
 29.3202       0
