 0             0
 0             0
 0             0
 0             0
 0             0
 0             0
 0             0
 0             0
 0             0
 0             0
 6.444e-002    0
 6.444e-002    0
 9.666e-002    0
 0.12888       0
 0.12888       0
 0.1611        0
 0.19332       0
 0.22554       0
 0.25776       0
 0.28998       0
 0.28998       0
 0.3222        0
 0.35442       0
 0.38664       0
 0.41886       0
 0.45108       0
 0.4833        0
 0.51552       0
 0.51552       0
 0.54774       0
 0.57996       0
 0.61218       0
 0.6444        0
 0.67662       0
 0.70884       0
 0.74106       0
 0.77328       0
 0.77328       0
 0.83772       0
 0.83772       0
 0.86994       0
 0.90216       0
 0.93438       0
 0.9666        0
 0.99882       0
 1.03104       0
 1.06326       0
 1.06326       0
 1.09548       0
 1.1277        0
 1.15992       0
 1.19214       0
 1.22436       0
 1.25658       0
 1.2888        0
 1.32102       0
 1.35324       0
 1.38546       0
 1.41768       0
 1.41768       0
 1.48212       0
 1.48212       0
 1.51434       0
 1.54656       0
 1.57878       0
 1.611         0
 1.64322       0
 1.67544       0
 1.70766       0
 1.73988       0
 1.73988       0
 1.80432       0
 1.80432       0
 1.83654       0
 1.86876       0
 1.90098       0
 1.9332        0
 1.96542       0
 1.99764       0
 2.02986       0
 2.06208       0
 2.0943        0
 2.12652       0
 2.15874       0
 2.19096       0
 2.22318       0
 2.22318       0
 2.2554        0
 2.28762       0
 2.31984       0
 2.35206       0
 2.38428       0
 2.4165        0
 2.44872       0
 2.48094       0
 2.51316       0
 2.54538       0
 2.5776        0
 2.60982       0
 2.64204       0
 2.67426       0
 2.70648       0
 2.7387        0
 2.7387        0
 2.80314       0
 2.80314       0
 2.83536       0
 2.86758       0
 2.8998        0
 2.93202       0
 2.96424       0
 2.99646       0
 3.02868       0
 3.0609        0
 3.09312       0
 3.12534       0
 3.15756       0
 3.18978       0
 3.25422       0
 3.25422       0
 3.28644       0
 3.31866       0
 3.35088       0
 3.3831        0
 3.41532       0
 3.44754       0
 3.47976       0
 3.51198       0
 3.5442        0
 3.57642       0
 3.60864       0
 3.64086       0
 3.67308       0
 3.7053        0
 3.73752       0
 3.76974       0
 3.80196       0
 3.83418       0
 3.83418       0
 3.8664        0
 3.89862       0
 3.93084       0
 3.96306       0
 3.99528       0
 4.0275        0
 4.05972       0
 4.09194       0
 4.12416       0
 4.15638       0
 4.1886        0
 4.22082       0
 4.25304       0
 4.28526       0
 4.31748       0
 4.3497        0
 4.38192       0
 4.41414       0
 4.41414       0
 4.44636       0
 4.47858       0
 4.5108        0
 4.54302       0
 4.57524       0
 4.60746       0
 4.63968       0
 4.6719        0
 4.70412       0
 4.73634       0
 4.76856       0
 4.80078       0
 4.833         0
 4.86522       0
 4.89744       0
 4.92966       0
 4.92966       0
 4.96188       0
 4.9941        0
 5.02632       0
 5.05854       0
 5.09076       0
 5.12298       0
 5.1552        0
 5.18742       0
 5.21964       0
 5.25186       0
 5.28408       0
 5.3163        0
 5.34852       1
 5.38074       1
 5.41296       2
 5.44518       2
 5.44518       2
 5.4774        3
 5.50962       3
 5.54184       4
 5.57406       5
 5.60628       5
 5.6385        6
 5.67072       7
 5.70294       7
 5.73516       8
 5.76738       9
 5.7996        10
 5.83182       11
 5.86404       12
 5.89626       12
 5.92848       14
 5.92848       15
 5.9607        16
 5.99292       17
 6.02514       18
 6.05736       19
 6.08958       21
 6.1218        22
 6.15402       23
 6.18624       25
 6.21846       26
 6.25068       28
 6.2829        30
 6.31512       30
 6.34734       30
 6.37956       30
 6.37956       32
 6.41178       35
 6.444         37
 6.50844       39
 6.54066       41
 6.57288       44
 6.6051        46
 6.63732       48
 6.66954       51
 6.70176       53
 6.73398       55
 6.7662        58
 6.7662        60
 6.79842       62
 6.83064       65
 6.86286       67
 6.89508       69
 6.9273        72
 6.95952       74
 6.99174       76
 7.02396       78
 7.05618       81
 7.0884        82
 7.12062       85
 7.15284       86
 7.18506       88
 7.21728       90
 7.2495        90
 7.2495        90
 7.28172       91
 7.31394       92
 7.34616       93
 7.37838       94
 7.4106        95
 7.44282       96
 7.47504       96
 7.50726       96
 7.53948       97
 7.5717        97
 7.60392       96
 7.63614       96
 7.66836       96
 7.66836       96
 7.70058       95
 7.7328        94
 7.76502       93
 7.79724       93
 7.82946       90
 7.86168       88
 7.8939        85
 7.92612       83
 7.95834       80
 7.99056       78
 8.02278       76
 8.02278       74
 8.055         72
 8.08722       70
 8.11944       68
 8.15166       66
 8.18388       65
 8.2161        63
 8.24832       61
 8.28054       60
 8.31276       58
 8.34498       57
 8.3772        55
 8.40942       54
 8.40942       52
 8.44164       51
 8.47386       49
 8.50608       48
 8.5383        47
 8.57052       45
 8.60274       44
 8.63496       43
 8.66718       41
 8.6994        40
 8.73162       38
 8.76384       37
 8.79606       36
 8.79606       34
 8.82828       33
 8.8605        32
 8.89272       31
 8.92494       29
 8.95716       28
 8.98938       27
 9.0216        26
 9.05382       25
 9.08604       24
 9.11826       23
 9.15048       22
 9.15048       21
 9.1827        20
 9.21492       19
 9.24714       18
 9.27936       17
 9.31158       16
 9.3438        16
 9.37602       15
 9.40824       14
 9.44046       14
 9.47268       13
 9.5049        13
 9.5049        12
 9.53712       12
 9.56934       11
 9.60156       11
 9.63378       11
 9.666         11
 9.69822       11
 9.76266       10
 9.79488       11
 9.8271        11
 9.85932       11
 9.85932       11
 9.89154       11
 9.92376       11
 9.95598       12
 9.9882        12
 10.02042      13
 10.05264      13
 10.08486      14
 10.11708      15
 10.1493       16
 10.18152      16
 10.18152      18
 10.21374      18
 10.24596      20
 10.27818      21
 10.3104       22
 10.34262      24
 10.37484      25
 10.40706      26
 10.43928      28
 10.4715       30
 10.50372      31
 10.50372      34
 10.53594      35
 10.56816      37
 10.60038      40
 10.6326       41
 10.66482      44
 10.69704      46
 10.72926      48
 10.76148      51
 10.7937       53
 10.82592      56
 10.82592      59
 10.85814      61
 10.89036      64
 10.92258      67
 10.9548       70
 10.98702      73
 11.01924      76
 11.05146      79
 11.08368      83
 11.1159       86
 11.14812      89
 11.14812      93
 11.18034      97
 11.21256      101
 11.24478      105
 11.277        108
 11.30922      112
 11.34144      116
 11.37366      120
 11.40588      124
 11.4381       128
 11.4381       132
 11.47032      136
 11.50254      140
 11.53476      144
 11.56698      148
 11.5992       152
 11.63142      156
 11.66364      161
 11.69586      165
 11.72808      169
 11.72808      173
 11.7603       177
 11.79252      181
 11.82474      185
 11.85696      189
 11.88918      193
 11.9214       196
 11.95362      200
 11.98584      204
 12.01806      207
 12.05028      211
 12.05028      214
 12.0825       216
 12.11472      219
 12.14694      222
 12.17916      224
 12.21138      227
 12.2436       226
 12.27582      230
 12.30804      232
 12.34026      233
 12.34026      234
 12.37248      235
 12.4047       236
 12.43692      236
 12.46914      236
 12.50136      237
 12.53358      237
 12.5658       236
 12.59802      236
 12.59802      235
 12.63024      235
 12.66246      233
 12.69468      232
 12.7269       231
 12.75912      229
 12.79134      227
 12.82356      225
 12.85578      223
 12.888        221
 12.888        218
 12.92022      216
 12.95244      213
 13.01688      210
 13.0491       207
 13.08132      204
 13.11354      200
 13.14576      197
 13.14576      194
 13.17798      190
 13.2102       187
 13.24242      183
 13.27464      179
 13.30686      176
 13.33908      172
 13.3713       168
 13.40352      164
 13.40352      160
 13.43574      156
 13.46796      152
 13.50018      148
 13.5324       144
 13.56462      140
 13.59684      136
 13.62906      133
 13.66128      129
 13.66128      125
 13.6935       121
 13.72572      118
 13.75794      114
 13.79016      111
 13.82238      107
 13.8546       103
 13.88682      99
 13.91904      96
 13.91904      92
 13.95126      89
 13.98348      86
 14.0157       83
 14.04792      80
 14.08014      77
 14.11236      74
 14.14458      71
 14.1768       69
 14.1768       66
 14.20902      64
 14.24124      61
 14.27346      59
 14.30568      57
 14.3379       55
 14.37012      53
 14.40234      51
 14.43456      49
 14.43456      47
 14.46678      46
 14.499        45
 14.53122      43
 14.56344      42
 14.59566      41
 14.62788      40
 14.6601       39
 14.6601       39
 14.69232      38
 14.72454      38
 14.75676      37
 14.78898      37
 14.8212       37
 14.85342      37
 14.88564      37
 14.88564      38
 14.91786      38
 14.95008      39
 14.9823       40
 15.01452      40
 15.04674      41
 15.07896      43
 15.11118      44
 15.1434       45
 15.1434       47
 15.17562      48
 15.20784      50
 15.24006      52
 15.27228      54
 15.3045       56
 15.33672      58
 15.36894      60
 15.36894      63
 15.40116      65
 15.43338      67
 15.4656       70
 15.49782      73
 15.53004      76
 15.56226      79
 15.59448      82
 15.59448      85
 15.6267       88
 15.65892      91
 15.69114      95
 15.72336      98
 15.75558      103
 15.7878       107
 15.82002      110
 15.85224      114
 15.85224      118
 15.88446      122
 15.91668      126
 15.9489       130
 15.98112      135
 16.01334      139
 16.04556      143
 16.07778      148
 16.07778      152
 16.11         157
 16.14222      161
 16.17444      166
 16.20666      171
 16.2711       176
 16.2711       181
 16.30332      185
 16.33554      190
 16.36776      195
 16.39998      200
 16.4322       206
 16.46442      211
 16.49664      216
 16.49664      221
 16.52886      226
 16.56108      231
 16.5933       236
 16.62552      241
 16.65774      246
 16.68996      251
 16.68996      256
 16.72218      261
 16.7544       266
 16.78662      270
 16.81884      275
 16.85106      280
 16.88328      284
 16.9155       289
 16.94772      293
 16.94772      297
 16.97994      301
 17.01216      306
 17.04438      310
 17.0766       313
 17.10882      317
 17.14104      320
 17.14104      324
 17.17326      327
 17.20548      330
 17.2377       333
 17.26992      336
 17.30214      339
 17.33436      341
 17.33436      343
 17.36658      346
 17.3988       347
 17.43102      349
 17.46324      351
 17.49546      352
 17.52768      354
 17.5599       355
 17.5599       356
 17.59212      357
 17.62434      357
 17.65656      357
 17.68878      358
 17.721        358
 17.75322      357
 17.75322      357
 17.78544      356
 17.81766      356
 17.84988      355
 17.8821       354
 17.91432      353
 17.94654      351
 17.97876      350
 17.97876      348
 18.01098      346
 18.0432       344
 18.07542      342
 18.10764      340
 18.13986      337
 18.17208      335
 18.17208      332
 18.2043       329
 18.23652      326
 18.26874      323
 18.30096      320
 18.33318      316
 18.3654       313
 18.3654       309
 18.39762      306
 18.42984      301
 18.46206      297
 18.49428      294
 18.5265       290
 18.55872      286
 18.59094      282
 18.59094      278
 18.62316      274
 18.65538      269
 18.6876       265
 18.71982      261
 18.75204      257
 18.75204      253
 18.78426      249
 18.81648      244
 18.8487       240
 18.88092      236
 18.91314      231
 18.94536      227
 18.94536      223
 18.97758      219
 19.0098       215
 19.04202      210
 19.07424      206
 19.10646      202
 19.13868      197
 19.13868      193
 19.1709       189
 19.20312      185
 19.23534      182
 19.26756      178
 19.29978      174
 19.332        170
 19.36422      167
 19.36422      163
 19.39644      160
 19.42866      156
 19.46088      153
 19.4931       150
 19.52532      146
 19.55754      144
 19.58976      141
 19.62198      138
 19.6542       135
 19.68642      133
 19.68642      130
 19.71864      129
 19.75086      126
 19.78308      124
 19.8153       123
 19.84752      121
 19.87974      120
 19.91196      119
 19.91196      117
 19.94418      117
 19.9764       116
 20.00862      115
 20.04084      115
 20.07306      114
 20.07306      114
 20.10528      114
 20.1375       114
 20.16972      115
 20.20194      115
 20.23416      116
 20.26638      117
 20.26638      118
 20.2986       119
 20.33082      120
 20.36304      122
 20.39526      123
 20.42748      125
 20.42748      127
 20.4597       129
 20.49192      131
 20.52414      133
 20.55636      136
 20.58858      138
 20.6208       141
 20.6208       144
 20.65302      147
 20.68524      150
 20.71746      153
 20.74968      156
 20.7819       159
 20.7819       163
 20.81412      166
 20.84634      170
 20.87856      174
 20.91078      178
 20.943        181
 20.943        186
 20.97522      190
 21.00744      194
 21.03966      198
 21.07188      203
 21.1041       207
 21.13632      211
 21.13632      216
 21.16854      220
 21.20076      225
 21.23298      229
 21.2652       234
 21.29742      239
 21.29742      244
 21.32964      249
 21.36186      253
 21.39408      258
 21.4263       263
 21.45852      268
 21.45852      273
 21.49074      278
 21.52296      283
 21.55518      288
 21.5874       293
 21.61962      298
 21.61962      303
 21.65184      308
 21.68406      313
 21.71628      318
 21.7485       322
 21.78072      327
 21.81294      332
 21.81294      336
 21.84516      341
 21.87738      346
 21.9096       350
 21.94182      354
 21.97404      359
 21.97404      363
 22.00626      367
 22.03848      371
 22.0707       375
 22.10292      379
 22.13514      383
 22.13514      387
 22.16736      391
 22.19958      394
 22.2318       398
 22.26402      401
 22.29624      405
 22.29624      408
 22.32846      412
 22.36068      414
 22.3929       417
 22.42512      420
 22.45734      422
 22.45734      425
 22.48956      427
 22.52178      429
 22.554        432
 22.58622      433
 22.61844      435
 22.61844      437
 22.65066      439
 22.68288      440
 22.7151       442
 22.77954      443
 22.77954      444
 22.81176      445
 22.84398      446
 22.8762       447
 22.90842      448
 22.90842      448
 22.94064      449
 22.97286      449
 23.00508      449
 23.0373       450
 23.06952      450
 23.06952      449
 23.10174      449
 23.13396      449
 23.16618      449
 23.1984       448
 23.1984       447
 23.23062      447
 23.26284      446
 23.29506      445
 23.32728      444
 23.3595       443
 23.3595       442
 23.39172      441
 23.42394      440
 23.45616      439
 23.48838      437
 23.5206       436
 23.5206       435
 23.55282      433
 23.58504      432
 23.61726      430
 23.64948      428
 23.6817       427
 23.6817       425
 23.71392      423
 23.74614      421
 23.77836      420
 23.81058      417
 23.81058      416
 23.8428       414
 23.87502      411
 23.90724      410
 23.93946      407
 23.97168      405
 23.97168      402
 24.0039       400
 24.03612      398
 24.06834      396
 24.10056      394
 24.10056      391
 24.13278      389
 24.165        387
 24.19722      385
 24.22944      383
 24.26166      380
 24.26166      378
 24.29388      375
 24.3261       373
 24.35832      371
 24.39054      368
 24.42276      365
 24.42276      363
 24.45498      361
 24.4872       358
 24.51942      356
 24.55164      353
 24.55164      351
 24.58386      349
 24.61608      346
 24.6483       344
 24.68052      342
 24.71274      339
 24.71274      337
 24.74496      335
 24.77718      333
 24.8094       331
 24.84162      329
 24.84162      327
 24.87384      326
 24.90606      324
 24.93828      323
 24.9705       321
 24.9705       320
 25.00272      320
 25.03494      317
 25.06716      286
 25.09938      257
 25.09938      230
 25.1316       207
 25.16382      187
 25.19604      168
 25.22826      152
 25.22826      137
 25.26048      124
 25.2927       112
 25.32492      101
 25.35714      91
 25.38936      82
 25.38936      74
 25.42158      67
 25.4538       61
 25.48602      55
 25.51824      50
 25.51824      45
 25.55046      41
 25.58268      37
 25.6149       33
 25.64712      30
 25.64712      27
 25.67934      25
 25.71156      22
 25.74378      20
 25.776        19
 25.776        17
 25.80822      16
 25.84044      15
 25.87266      14
 25.90488      13
 25.90488      13
 25.9371       13
 25.96932      12
 26.03376      12
 26.03376      13
 26.06598      13
 26.0982       13
 26.13042      14
 26.16264      15
 26.16264      16
 26.19486      17
 26.22708      18
 26.2593       19
 26.29152      21
 26.32374      22
 26.32374      24
 26.35596      25
 26.38818      27
 26.4204       29
 26.45262      30
 26.45262      32
 26.48484      33
 26.51706      34
 26.54928      36
 26.5815       37
 26.5815       38
 26.61372      39
 26.64594      39
 26.67816      40
 26.67816      40
 26.71038      40
 26.7426       40
 26.77482      40
 26.80704      39
 26.80704      39
 26.83926      38
 26.87148      38
 26.9037       37
 26.93592      36
 26.93592      36
 26.96814      35
 27.00036      34
 27.03258      34
 27.0648       33
 27.0648       33
 27.09702      32
 27.12924      32
 27.16146      32
 27.19368      31
 27.19368      31
 27.2259       31
 27.25812      31
 27.29034      32
 27.32256      32
 27.32256      32
 27.35478      32
 27.387        33
 27.41922      33
 27.45144      34
 27.45144      34
 27.48366      34
 27.51588      35
 27.5481       35
 27.5481       36
 27.58032      36
 27.61254      37
 27.64476      37
 27.67698      38
 27.67698      38
 27.7092       38
 27.74142      39
 27.77364      39
 27.80586      39
 27.80586      40
 27.83808      40
 27.8703       40
 27.90252      40
 27.90252      41
 27.93474      41
 27.96696      41
 27.99918      41
 28.0314       41
 28.0314       41
 28.06362      42
 28.09584      42
 28.12806      42
 28.12806      42
 28.16028      42
 28.1925       42
 28.22472      43
 28.25694      43
 28.25694      43
 28.28916      43
 28.32138      43
 28.3536       43
 28.38582      44
 28.38582      44
 28.41804      44
 28.45026      44
 28.48248      44
 28.48248      44
 28.5147       45
 28.54692      45
 28.57914      45
 28.57914      45
 28.61136      45
 28.64358      45
 28.6758       45
 28.70802      45
 28.70802      45
 28.74024      44
 28.77246      44
