 0             0
 0             0
 0             0
 0             0
 0             0
 0             0
 0             0
 0             0
 0             1
 3.222e-002    1
 3.222e-002    1
 6.444e-002    1
 9.666e-002    1
 9.666e-002    1
 0.12888       0
 0.1611        0
 0.19332       0
 0.22554       0
 0.22554       0
 0.28998       0
 0.28998       0
 0.3222        0
 0.35442       0
 0.38664       0
 0.41886       0
 0.45108       0
 0.45108       0
 0.4833        0
 0.51552       0
 0.54774       0
 0.57996       0
 0.61218       0
 0.61218       0
 0.67662       0
 0.67662       0
 0.70884       0
 0.74106       0
 0.77328       0
 0.8055        0
 0.83772       0
 0.83772       0
 0.90216       0
 0.90216       0
 0.93438       0
 0.9666        0
 0.99882       0
 1.03104       0
 1.06326       0
 1.09548       0
 1.1277        0
 1.15992       0
 1.15992       0
 1.19214       0
 1.22436       0
 1.25658       0
 1.2888        0
 1.32102       0
 1.35324       0
 1.38546       0
 1.38546       0
 1.41768       0
 1.4499        0
 1.48212       0
 1.51434       0
 1.54656       0
 1.57878       0
 1.611         0
 1.64322       0
 1.67544       0
 1.70766       0
 1.70766       0
 1.73988       0
 1.7721        0
 1.80432       0
 1.83654       0
 1.86876       0
 1.90098       0
 1.9332        0
 1.96542       0
 1.99764       0
 2.02986       0
 2.06208       0
 2.06208       0
 2.0943        0
 2.12652       0
 2.15874       0
 2.19096       0
 2.22318       0
 2.2554        0
 2.28762       0
 2.31984       1
 2.35206       1
 2.38428       2
 2.4165        2
 2.44872       2
 2.44872       1
 2.48094       1
 2.51316       1
 2.54538       1
 2.5776        1
 2.60982       0
 2.64204       0
 2.67426       0
 2.70648       0
 2.7387        0
 2.77092       0
 2.80314       0
 2.83536       0
 2.86758       0
 2.86758       0
 2.8998        0
 2.93202       0
 2.96424       0
 2.99646       0
 3.02868       0
 3.0609        0
 3.09312       0
 3.12534       0
 3.15756       0
 3.18978       0
 3.222         0
 3.25422       0
 3.28644       0
 3.31866       0
 3.35088       0
 3.3831        0
 3.41532       0
 3.44754       0
 3.47976       0
 3.51198       0
 3.5442        0
 3.57642       0
 3.60864       0
 3.64086       0
 3.67308       0
 3.67308       0
 3.73752       0
 3.73752       0
 3.76974       0
 3.80196       0
 3.83418       0
 3.8664        0
 3.89862       0
 3.93084       0
 3.96306       0
 3.99528       0
 4.0275        0
 4.05972       0
 4.09194       0
 4.12416       0
 4.15638       0
 4.15638       0
 4.1886        0
 4.22082       0
 4.25304       0
 4.28526       0
 4.31748       0
 4.3497        0
 4.38192       0
 4.41414       0
 4.44636       0
 4.47858       0
 4.5108        0
 4.54302       0
 4.57524       0
 4.60746       0
 4.60746       0
 4.63968       0
 4.6719        0
 4.70412       0
 4.73634       0
 4.76856       0
 4.80078       0
 4.833         0
 4.86522       0
 4.89744       0
 4.92966       0
 4.96188       0
 4.9941        0
 5.02632       0
 5.05854       0
 5.05854       0
 5.09076       0
 5.12298       0
 5.1552        0
 5.18742       0
 5.21964       0
 5.25186       0
 5.28408       0
 5.3163        0
 5.34852       0
 5.38074       0
 5.41296       2
 5.44518       2
 5.44518       0
 5.4774        0
 5.50962       0
 5.54184       0
 5.57406       1
 5.60628       2
 5.6385        3
 5.67072       4
 5.70294       4
 5.73516       4
 5.76738       3
 5.7996        3
 5.83182       3
 5.86404       3
 5.86404       3
 5.89626       2
 5.92848       2
 5.9607        2
 5.99292       2
 6.02514       1
 6.05736       2
 6.08958       1
 6.1218        1
 6.15402       1
 6.18624       1
 6.21846       1
 6.25068       1
 6.2829        1
 6.2829        1
 6.31512       1
 6.34734       0
 6.37956       1
 6.41178       1
 6.444         1
 6.50844       2
 6.54066       2
 6.57288       1
 6.6051        2
 6.63732       1
 6.63732       1
 6.66954       1
 6.70176       1
 6.73398       1
 6.7662        1
 6.79842       0
 6.83064       0
 6.86286       1
 6.89508       0
 6.9273        0
 6.95952       0
 6.99174       0
 7.02396       1
 7.05618       0
 7.05618       0
 7.0884        1
 7.12062       0
 7.15284       0
 7.18506       1
 7.21728       0
 7.2495        0
 7.28172       1
 7.31394       0
 7.34616       1
 7.37838       0
 7.4106        0
 7.4106        1
 7.44282       1
 7.47504       1
 7.50726       1
 7.53948       1
 7.5717        1
 7.60392       1
 7.63614       1
 7.66836       1
 7.70058       1
 7.7328        1
 7.76502       1
 7.79724       1
 7.79724       1
 7.82946       1
 7.86168       1
 7.8939        1
 7.92612       1
 7.95834       1
 7.99056       1
 8.02278       1
 8.055         1
 8.08722       1
 8.11944       1
 8.15166       1
 8.15166       1
 8.18388       2
 8.2161        1
 8.24832       2
 8.28054       1
 8.31276       0
 8.34498       0
 8.3772        0
 8.40942       0
 8.44164       0
 8.47386       0
 8.50608       0
 8.50608       0
 8.5383        0
 8.57052       0
 8.60274       0
 8.63496       1
 8.66718       1
 8.6994        1
 8.73162       2
 8.76384       2
 8.79606       2
 8.82828       3
 8.8605        3
 8.8605        3
 8.89272       4
 8.92494       4
 8.95716       4
 8.98938       4
 9.0216        4
 9.05382       4
 9.08604       5
 9.11826       5
 9.15048       5
 9.1827        5
 9.1827        5
 9.21492       5
 9.24714       6
 9.27936       6
 9.31158       6
 9.3438        6
 9.37602       6
 9.40824       6
 9.44046       6
 9.47268       6
 9.47268       6
 9.5049        6
 9.53712       6
 9.56934       7
 9.60156       7
 9.63378       7
 9.666         7
 9.69822       7
 9.76266       7
 9.79488       7
 9.79488       7
 9.8271        7
 9.85932       7
 9.89154       7
 9.92376       7
 9.95598       7
 9.9882        6
 10.02042      6
 10.05264      6
 10.08486      6
 10.11708      6
 10.11708      6
 10.1493       6
 10.18152      6
 10.21374      5
 10.24596      6
 10.27818      6
 10.3104       5
 10.34262      6
 10.37484      6
 10.40706      5
 10.40706      5
 10.43928      5
 10.4715       5
 10.50372      5
 10.53594      5
 10.56816      5
 10.60038      5
 10.6326       5
 10.66482      5
 10.69704      5
 10.69704      5
 10.72926      5
 10.76148      5
 10.7937       4
 10.82592      5
 10.85814      5
 10.89036      6
 10.92258      6
 10.9548       6
 10.98702      6
 10.98702      6
 11.01924      5
 11.05146      5
 11.08368      5
 11.1159       5
 11.14812      5
 11.18034      5
 11.21256      4
 11.24478      4
 11.277        4
 11.277        4
 11.30922      4
 11.34144      4
 11.37366      4
 11.40588      4
 11.4381       4
 11.47032      4
 11.50254      4
 11.53476      4
 11.53476      4
 11.56698      4
 11.5992       4
 11.63142      4
 11.66364      4
 11.69586      4
 11.72808      4
 11.7603       4
 11.79252      4
 11.82474      4
 11.82474      4
 11.85696      4
 11.88918      4
 11.9214       3
 11.95362      4
 11.98584      4
 12.01806      3
 12.05028      4
 12.0825       4
 12.11472      3
 12.11472      4
 12.14694      4
 12.17916      3
 12.21138      3
 12.2436       1
 12.27582      0
 12.30804      0
 12.34026      0
 12.37248      0
 12.37248      0
 12.4047       0
 12.43692      0
 12.46914      0
 12.50136      0
 12.53358      0
 12.5658       0
 12.59802      0
 12.63024      0
 12.63024      0
 12.66246      0
 12.69468      0
 12.7269       0
 12.75912      0
 12.79134      0
 12.82356      0
 12.85578      0
 12.888        1
 12.888        1
 12.92022      2
 12.95244      3
 13.01688      4
 13.0491       5
 13.08132      6
 13.11354      6
 13.11354      7
 13.14576      8
 13.17798      8
 13.2102       9
 13.24242      10
 13.27464      11
 13.30686      12
 13.33908      13
 13.3713       14
 13.40352      15
 13.40352      15
 13.43574      16
 13.46796      17
 13.50018      17
 13.5324       17
 13.56462      18
 13.59684      19
 13.62906      20
 13.62906      21
 13.66128      21
 13.6935       23
 13.72572      24
 13.75794      25
 13.79016      26
 13.82238      26
 13.8546       27
 13.88682      29
 13.88682      29
 13.91904      30
 13.95126      31
 13.98348      32
 14.0157       33
 14.04792      33
 14.08014      34
 14.11236      35
 14.14458      35
 14.14458      36
 14.1768       37
 14.20902      37
 14.24124      37
 14.27346      38
 14.30568      38
 14.3379       39
 14.37012      39
 14.37012      39
 14.40234      40
 14.43456      40
 14.46678      40
 14.499        41
 14.53122      41
 14.56344      41
 14.56344      41
 14.59566      41
 14.62788      41
 14.6601       41
 14.69232      41
 14.72454      42
 14.75676      42
 14.78898      41
 14.78898      41
 14.8212       41
 14.85342      41
 14.88564      41
 14.91786      41
 14.95008      41
 14.9823       41
 15.01452      40
 15.04674      40
 15.04674      40
 15.07896      40
 15.11118      39
 15.1434       39
 15.17562      39
 15.20784      39
 15.24006      38
 15.24006      38
 15.27228      38
 15.3045       38
 15.33672      37
 15.36894      37
 15.40116      37
 15.43338      36
 15.4656       36
 15.49782      36
 15.49782      35
 15.53004      35
 15.56226      35
 15.59448      34
 15.6267       34
 15.65892      34
 15.69114      33
 15.72336      33
 15.72336      32
 15.75558      32
 15.7878       32
 15.82002      31
 15.85224      31
 15.88446      31
 15.91668      30
 15.91668      30
 15.9489       30
 15.98112      30
 16.01334      29
 16.04556      29
 16.07778      29
 16.11         28
 16.14222      28
 16.14222      28
 16.17444      27
 16.20666      27
 16.2711       27
 16.30332      26
 16.33554      26
 16.33554      26
 16.36776      25
 16.39998      25
 16.4322       25
 16.46442      24
 16.49664      24
 16.52886      23
 16.56108      23
 16.56108      22
 16.5933       22
 16.62552      22
 16.65774      22
 16.68996      21
 16.72218      21
 16.7544       21
 16.7544       21
 16.78662      20
 16.81884      20
 16.85106      20
 16.88328      20
 16.9155       20
 16.94772      19
 16.94772      19
 16.97994      19
 17.01216      18
 17.04438      18
 17.0766       18
 17.10882      18
 17.14104      18
 17.17326      18
 17.17326      17
 17.20548      17
 17.2377       17
 17.26992      17
 17.30214      17
 17.33436      16
 17.36658      16
 17.36658      16
 17.3988       16
 17.43102      16
 17.46324      16
 17.49546      16
 17.52768      16
 17.5599       16
 17.5599       16
 17.59212      16
 17.62434      16
 17.65656      17
 17.68878      17
 17.721        17
 17.75322      18
 17.75322      18
 17.78544      18
 17.81766      19
 17.84988      20
 17.8821       20
 17.91432      21
 17.94654      22
 17.94654      23
 17.97876      24
 18.01098      24
 18.0432       25
 18.07542      26
 18.10764      27
 18.13986      28
 18.13986      29
 18.17208      30
 18.2043       31
 18.23652      32
 18.26874      33
 18.30096      35
 18.33318      36
 18.33318      38
 18.3654       39
 18.39762      41
 18.42984      42
 18.46206      44
 18.49428      45
 18.5265       47
 18.5265       48
 18.55872      50
 18.59094      51
 18.62316      53
 18.65538      54
 18.6876       56
 18.71982      58
 18.71982      59
 18.75204      61
 18.78426      63
 18.81648      64
 18.8487       66
 18.88092      67
 18.88092      69
 18.91314      71
 18.94536      72
 18.97758      74
 19.0098       75
 19.04202      76
 19.07424      78
 19.10646      81
 19.10646      83
 19.13868      85
 19.1709       86
 19.20312      87
 19.23534      88
 19.26756      89
 19.26756      90
 19.29978      91
 19.332        91
 19.36422      92
 19.39644      93
 19.42866      94
 19.46088      95
 19.46088      96
 19.52532      96
 19.55754      97
 19.58976      98
 19.62198      98
 19.62198      99
 19.6542       100
 19.68642      101
 19.71864      102
 19.75086      102
 19.78308      102
 19.8153       103
 19.8153       103
 19.84752      104
 19.87974      104
 19.91196      104
 19.94418      105
 19.9764       105
 19.9764       105
 20.00862      105
 20.04084      105
 20.07306      105
 20.10528      105
 20.1375       105
 20.16972      105
 20.16972      105
 20.20194      105
 20.23416      104
 20.26638      104
 20.2986       104
 20.33082      104
 20.33082      104
 20.36304      103
 20.39526      103
 20.42748      103
 20.4597       102
 20.49192      102
 20.52414      101
 20.52414      101
 20.55636      101
 20.58858      100
 20.6208       99
 20.65302      99
 20.68524      98
 20.68524      98
 20.71746      97
 20.74968      96
 20.7819       96
 20.81412      95
 20.84634      95
 20.84634      94
 20.87856      94
 20.91078      93
 20.943        93
 20.97522      92
 21.00744      91
 21.00744      91
 21.03966      90
 21.07188      90
 21.1041       89
 21.13632      88
 21.16854      88
 21.20076      87
 21.20076      86
 21.23298      86
 21.2652       85
 21.29742      84
 21.32964      84
 21.36186      83
 21.36186      82
 21.39408      82
 21.4263       81
 21.45852      81
 21.49074      80
 21.49074      79
 21.52296      78
 21.55518      78
 21.5874       77
 21.61962      76
 21.65184      75
 21.65184      74
 21.68406      74
 21.71628      73
 21.7485       72
 21.78072      72
 21.81294      71
 21.84516      70
 21.84516      69
 21.87738      69
 21.9096       70
 21.94182      70
 21.97404      69
 21.97404      69
 22.00626      68
 22.03848      67
 22.0707       66
 22.10292      65
 22.13514      64
 22.13514      63
 22.16736      62
 22.19958      61
 22.2318       61
 22.26402      60
 22.29624      59
 22.29624      58
 22.32846      57
 22.36068      57
 22.3929       56
 22.42512      55
 22.45734      55
 22.45734      54
 22.48956      54
 22.52178      53
 22.554        53
 22.58622      52
 22.61844      52
 22.61844      52
 22.65066      51
 22.68288      51
 22.7151       51
 22.77954      51
 22.77954      51
 22.81176      51
 22.84398      51
 22.8762       51
 22.90842      51
 22.90842      52
 22.94064      52
 22.97286      52
 23.00508      53
 23.0373       53
 23.0373       54
 23.06952      55
 23.10174      55
 23.13396      56
 23.16618      57
 23.1984       58
 23.1984       59
 23.23062      60
 23.26284      61
 23.29506      62
 23.32728      63
 23.3595       64
 23.3595       65
 23.39172      66
 23.42394      68
 23.45616      69
 23.48838      70
 23.5206       72
 23.5206       73
 23.55282      75
 23.58504      76
 23.61726      78
 23.64948      79
 23.64948      81
 23.6817       83
 23.71392      84
 23.74614      86
 23.77836      87
 23.81058      89
 23.81058      91
 23.8428       92
 23.87502      94
 23.90724      96
 23.93946      97
 23.93946      99
 23.97168      101
 24.0039       102
 24.03612      104
 24.06834      105
 24.06834      106
 24.10056      108
 24.13278      109
 24.165        110
 24.19722      112
 24.22944      114
 24.22944      117
 24.26166      119
 24.29388      120
 24.3261       121
 24.35832      123
 24.35832      124
 24.39054      126
 24.42276      127
 24.45498      128
 24.4872       129
 24.51942      131
 24.51942      132
 24.55164      133
 24.58386      134
 24.61608      135
 24.6483       136
 24.6483       137
 24.68052      138
 24.71274      139
 24.74496      140
 24.77718      141
 24.8094       142
 24.8094       143
 24.84162      144
 24.87384      145
 24.90606      145
 24.93828      146
 24.93828      147
 24.9705       148
 25.00272      148
 25.03494      67
 25.03494      0
 25.06716      0
 25.09938      0
 25.1316       0
 25.16382      0
 25.16382      0
 25.19604      0
 25.22826      0
 25.26048      0
 25.2927       0
 25.32492      0
 25.32492      0
 25.35714      0
 25.38936      0
 25.42158      0
 25.4538       0
 25.4538       0
 25.48602      0
 25.51824      0
 25.55046      0
 25.58268      0
 25.58268      0
 25.6149       0
 25.64712      0
 25.67934      0
 25.71156      0
 25.71156      0
 25.74378      0
 25.776        0
 25.80822      0
 25.84044      0
 25.84044      0
 25.87266      0
 25.90488      0
 25.9371       0
 25.96932      0
 25.96932      0
 26.03376      0
 26.06598      0
 26.06598      0
 26.0982       0
 26.13042      0
 26.16264      0
 26.19486      0
 26.22708      0
 26.22708      0
 26.2593       0
 26.29152      0
 26.32374      0
 26.35596      0
 26.35596      0
 26.38818      0
 26.4204       0
 26.45262      0
 26.48484      0
 26.48484      0
 26.51706      0
 26.54928      0
 26.5815       0
 26.5815       0
 26.61372      0
 26.64594      0
 26.67816      0
 26.71038      0
 26.71038      0
 26.7426       0
 26.77482      0
 26.80704      0
 26.83926      0
 26.83926      0
 26.87148      0
 26.9037       0
 26.93592      0
 26.96814      0
 26.96814      0
 27.00036      0
 27.03258      0
 27.0648       0
 27.09702      0
 27.09702      0
 27.12924      0
 27.16146      0
 27.19368      0
 27.2259       0
 27.2259       0
 27.25812      0
 27.29034      0
 27.32256      0
 27.32256      0
 27.35478      0
 27.387        0
 27.41922      0
 27.45144      0
 27.45144      0
 27.48366      0
 27.51588      0
 27.5481       0
 27.58032      0
 27.58032      0
 27.61254      0
 27.64476      0
 27.67698      0
 27.7092       0
 27.7092       0
 27.74142      0
 27.77364      0
 27.80586      0
 27.80586      0
 27.83808      0
 27.8703       0
 27.90252      0
 27.90252      0
 27.93474      0
 27.96696      0
 27.99918      0
 28.0314       0
 28.0314       0
 28.06362      0
 28.09584      0
 28.12806      0
 28.12806      0
 28.16028      0
 28.1925       0
 28.22472      0
 28.25694      0
 28.25694      0
 28.28916      0
 28.32138      0
 28.3536       0
 28.3536       0
 28.38582      0
 28.41804      0
 28.45026      0
 28.48248      0
 28.48248      0
 28.5147       0
 28.54692      0
 28.57914      0
