 0             0
 0             0
 0             0
 0             0
 0             0
 0             0
 0             0
 0             0
 0             0
 3.222e-002    0
 3.222e-002    0
 6.444e-002    0
 9.666e-002    0
 9.666e-002    0
 0.1611        0
 0.1611        0
 0.19332       0
 0.22554       0
 0.25776       0
 0.25776       0
 0.3222        0
 0.3222        0
 0.35442       0
 0.38664       0
 0.41886       0
 0.45108       0
 0.4833        0
 0.4833        0
 0.54774       0
 0.54774       0
 0.57996       0
 0.61218       0
 0.6444        0
 0.67662       0
 0.70884       0
 0.74106       0
 0.77328       0
 0.8055        0
 0.8055        0
 0.83772       0
 0.86994       0
 0.90216       0
 0.93438       0
 0.9666        0
 0.99882       0
 1.03104       0
 1.06326       0
 1.06326       0
 1.1277        0
 1.1277        0
 1.15992       0
 1.19214       0
 1.22436       0
 1.25658       0
 1.2888        0
 1.32102       0
 1.35324       0
 1.38546       0
 1.38546       0
 1.4499        0
 1.4499        0
 1.48212       0
 1.51434       0
 1.54656       0
 1.57878       0
 1.611         0
 1.64322       0
 1.67544       0
 1.70766       0
 1.73988       0
 1.7721        0
 1.80432       0
 1.80432       0
 1.86876       0
 1.86876       0
 1.90098       0
 1.9332        0
 1.96542       0
 1.99764       0
 2.02986       0
 2.06208       0
 2.0943        0
 2.12652       0
 2.15874       0
 2.19096       0
 2.22318       0
 2.2554        0
 2.28762       0
 2.31984       0
 2.31984       0
 2.38428       0
 2.38428       0
 2.4165        0
 2.44872       0
 2.48094       0
 2.51316       0
 2.54538       0
 2.5776        0
 2.60982       0
 2.64204       0
 2.67426       0
 2.70648       0
 2.7387        0
 2.77092       0
 2.80314       0
 2.83536       0
 2.86758       0
 2.8998        0
 2.8998        0
 2.96424       0
 2.96424       0
 2.99646       0
 3.02868       0
 3.0609        0
 3.09312       0
 3.12534       0
 3.15756       0
 3.18978       0
 3.25422       0
 3.28644       0
 3.31866       0
 3.35088       0
 3.3831        0
 3.41532       0
 3.44754       0
 3.47976       0
 3.51198       0
 3.51198       0
 3.5442        0
 3.57642       0
 3.60864       0
 3.64086       0
 3.67308       0
 3.7053        0
 3.73752       0
 3.76974       0
 3.80196       0
 3.83418       0
 3.8664        0
 3.89862       0
 3.93084       0
 3.96306       0
 3.99528       0
 4.0275        0
 4.05972       0
 4.09194       0
 4.12416       0
 4.12416       0
 4.15638       0
 4.1886        0
 4.22082       0
 4.25304       0
 4.28526       0
 4.31748       0
 4.3497        0
 4.38192       0
 4.41414       0
 4.44636       0
 4.47858       0
 4.5108        0
 4.54302       0
 4.57524       0
 4.60746       0
 4.63968       0
 4.6719        0
 4.70412       0
 4.73634       0
 4.76856       0
 4.80078       0
 4.80078       0
 4.833         0
 4.86522       0
 4.89744       0
 4.92966       0
 4.96188       0
 4.9941        0
 5.02632       0
 5.05854       0
 5.09076       0
 5.12298       0
 5.1552        0
 5.18742       0
 5.21964       0
 5.25186       0
 5.28408       0
 5.3163        0
 5.34852       0
 5.38074       0
 5.41296       0
 5.44518       0
 5.4774        0
 5.50962       0
 5.54184       0
 5.57406       0
 5.57406       0
 5.60628       0
 5.6385        0
 5.67072       0
 5.70294       0
 5.73516       0
 5.76738       0
 5.7996        0
 5.83182       0
 5.86404       0
 5.89626       0
 5.92848       0
 5.9607        0
 5.99292       0
 6.02514       0
 6.05736       0
 6.08958       0
 6.1218        0
 6.15402       0
 6.18624       0
 6.18624       0
 6.21846       0
 6.25068       0
 6.2829        0
 6.31512       0
 6.34734       0
 6.37956       0
 6.41178       0
 6.444         0
 6.50844       0
 6.54066       0
 6.57288       0
 6.6051        0
 6.63732       0
 6.63732       0
 6.66954       0
 6.70176       0
 6.73398       0
 6.7662        0
 6.79842       0
 6.83064       0
 6.86286       0
 6.89508       0
 6.9273        0
 6.95952       0
 6.99174       0
 7.02396       0
 7.05618       0
 7.0884        0
 7.12062       0
 7.15284       0
 7.15284       0
 7.18506       0
 7.21728       0
 7.2495        0
 7.28172       0
 7.31394       0
 7.34616       0
 7.37838       0
 7.4106        0
 7.44282       0
 7.47504       0
 7.50726       0
 7.53948       0
 7.5717        0
 7.60392       0
 7.63614       0
 7.66836       0
 7.66836       0
 7.70058       0
 7.7328        0
 7.76502       0
 7.79724       0
 7.82946       0
 7.86168       0
 7.8939        0
 7.92612       0
 7.95834       0
 7.99056       0
 8.02278       0
 8.055         0
 8.08722       0
 8.11944       0
 8.15166       1
 8.15166       1
 8.18388       2
 8.2161        2
 8.24832       3
 8.28054       4
 8.31276       4
 8.34498       5
 8.3772        7
 8.40942       7
 8.44164       9
 8.47386       10
 8.50608       11
 8.5383        12
 8.57052       14
 8.57052       15
 8.60274       17
 8.63496       18
 8.66718       20
 8.6994        22
 8.73162       24
 8.76384       26
 8.79606       28
 8.82828       29
 8.8605        32
 8.89272       34
 8.92494       36
 8.95716       38
 8.98938       41
 8.98938       43
 9.0216        45
 9.05382       48
 9.08604       50
 9.11826       52
 9.15048       55
 9.1827        57
 9.21492       60
 9.24714       62
 9.27936       65
 9.31158       67
 9.3438        69
 9.37602       72
 9.40824       74
 9.40824       77
 9.44046       79
 9.47268       82
 9.5049        84
 9.53712       86
 9.56934       89
 9.60156       91
 9.63378       93
 9.666         96
 9.69822       98
 9.76266       101
 9.79488       103
 9.79488       105
 9.8271        108
 9.85932       110
 9.89154       112
 9.92376       114
 9.95598       116
 9.9882        118
 10.02042      120
 10.05264      122
 10.08486      124
 10.11708      126
 10.1493       127
 10.18152      129
 10.21374      131
 10.21374      133
 10.24596      135
 10.27818      136
 10.3104       138
 10.34262      139
 10.37484      141
 10.40706      142
 10.43928      144
 10.4715       145
 10.50372      147
 10.53594      148
 10.56816      149
 10.56816      151
 10.60038      152
 10.6326       153
 10.66482      154
 10.69704      155
 10.72926      156
 10.76148      158
 10.7937       158
 10.82592      160
 10.85814      161
 10.89036      161
 10.92258      163
 10.9548       163
 10.9548       164
 10.98702      165
 11.01924      166
 11.05146      166
 11.08368      167
 11.1159       168
 11.14812      169
 11.18034      169
 11.21256      170
 11.24478      170
 11.277        171
 11.30922      172
 11.34144      172
 11.34144      172
 11.37366      173
 11.40588      173
 11.4381       174
 11.47032      174
 11.50254      174
 11.53476      175
 11.56698      175
 11.5992       175
 11.63142      175
 11.66364      175
 11.66364      176
 11.69586      176
 11.72808      176
 11.7603       176
 11.79252      176
 11.82474      176
 11.85696      176
 11.88918      176
 11.9214       176
 11.95362      176
 11.98584      176
 12.01806      176
 12.01806      176
 12.05028      176
 12.0825       175
 12.11472      175
 12.14694      175
 12.17916      175
 12.21138      175
 12.2436       174
 12.27582      174
 12.30804      174
 12.34026      173
 12.34026      173
 12.37248      173
 12.4047       172
 12.43692      172
 12.46914      172
 12.50136      171
 12.53358      171
 12.5658       170
 12.59802      170
 12.63024      170
 12.66246      169
 12.66246      169
 12.69468      168
 12.7269       168
 12.75912      167
 12.79134      167
 12.82356      166
 12.85578      166
 12.888        165
 12.92022      164
 12.95244      164
 12.98466      163
 13.01688      163
 13.0491       162
 13.08132      162
 13.11354      161
 13.14576      161
 13.17798      160
 13.2102       160
 13.24242      159
 13.27464      159
 13.27464      159
 13.30686      158
 13.33908      158
 13.3713       158
 13.40352      158
 13.43574      158
 13.46796      159
 13.50018      159
 13.5324       159
 13.56462      160
 13.59684      161
 13.59684      162
 13.62906      163
 13.66128      164
 13.6935       166
 13.72572      167
 13.75794      169
 13.79016      171
 13.82238      173
 13.8546       175
 13.88682      178
 13.91904      180
 13.91904      183
 13.95126      186
 13.98348      188
 14.0157       192
 14.04792      195
 14.08014      198
 14.11236      202
 14.14458      206
 14.1768       209
 14.1768       213
 14.20902      217
 14.24124      221
 14.27346      225
 14.30568      229
 14.3379       232
 14.37012      237
 14.40234      241
 14.43456      245
 14.46678      249
 14.46678      253
 14.499        258
 14.53122      262
 14.56344      266
 14.59566      271
 14.62788      275
 14.6601       279
 14.69232      284
 14.72454      288
 14.72454      293
 14.75676      297
 14.78898      302
 14.8212       307
 14.85342      311
 14.88564      316
 14.91786      320
 14.95008      325
 14.9823       329
 14.9823       334
 15.01452      338
 15.04674      343
 15.07896      347
 15.11118      352
 15.1434       356
 15.17562      361
 15.20784      365
 15.24006      369
 15.24006      374
 15.27228      378
 15.3045       382
 15.33672      386
 15.36894      390
 15.40116      394
 15.43338      398
 15.4656       402
 15.49782      407
 15.53004      411
 15.53004      414
 15.56226      418
 15.59448      422
 15.6267       425
 15.65892      429
 15.69114      432
 15.72336      435
 15.75558      438
 15.7878       441
 15.7878       444
 15.82002      447
 15.85224      450
 15.88446      453
 15.91668      455
 15.9489       457
 15.98112      460
 16.01334      462
 16.04556      464
 16.04556      466
 16.07778      468
 16.11         469
 16.14222      471
 16.17444      472
 16.20666      473
 16.2711       474
 16.2711       447
 16.30332      269
 16.33554      107
 16.36776      0
 16.39998      0
 16.4322       0
 16.46442      0
 16.49664      0
 16.49664      0
 16.52886      0
 16.56108      0
 16.5933       0
 16.62552      0
 16.65774      0
 16.68996      0
 16.72218      0
 16.72218      0
 16.7544       0
 16.78662      0
 16.81884      0
 16.85106      0
 16.88328      0
 16.9155       0
 16.94772      0
 16.94772      0
 16.97994      0
 17.01216      0
 17.04438      0
 17.0766       0
 17.10882      0
 17.14104      0
 17.17326      0
 17.20548      0
 17.20548      0
 17.2377       0
 17.26992      0
 17.30214      0
 17.33436      0
 17.36658      0
 17.3988       0
 17.43102      0
 17.43102      0
 17.46324      0
 17.49546      0
 17.52768      0
 17.5599       0
 17.59212      0
 17.62434      0
 17.65656      0
 17.65656      0
 17.68878      0
 17.721        0
 17.75322      0
 17.78544      0
 17.81766      0
 17.84988      0
 17.84988      0
 17.8821       0
 17.91432      0
 17.94654      0
 17.97876      0
 18.01098      0
 18.0432       0
 18.07542      0
 18.07542      0
 18.10764      0
 18.13986      0
 18.17208      0
 18.2043       0
 18.23652      0
 18.26874      0
 18.30096      0
 18.30096      0
 18.33318      0
 18.3654       0
 18.39762      0
 18.42984      0
 18.46206      0
 18.49428      0
 18.5265       0
 18.5265       0
 18.55872      0
 18.59094      0
 18.62316      0
 18.65538      0
 18.6876       0
 18.71982      0
 18.71982      0
 18.75204      0
 18.78426      0
 18.81648      0
 18.8487       0
 18.88092      0
 18.91314      0
 18.94536      0
 18.94536      0
 18.97758      0
 19.0098       0
 19.04202      0
 19.07424      0
 19.10646      0
 19.13868      0
 19.13868      0
 19.1709       0
 19.20312      0
 19.23534      0
 19.26756      0
 19.29978      0
 19.332        0
 19.36422      0
 19.36422      0
 19.39644      0
 19.42866      0
 19.46088      0
 19.52532      0
 19.55754      0
 19.55754      0
 19.58976      0
 19.62198      0
 19.6542       0
 19.68642      0
 19.71864      0
 19.75086      0
 19.78308      0
 19.78308      0
 19.8153       0
 19.84752      0
 19.87974      0
 19.91196      0
 19.94418      0
 19.94418      0
 19.9764       0
 20.00862      0
 20.04084      0
 20.07306      0
 20.10528      0
 20.1375       0
 20.16972      0
 20.16972      0
 20.20194      0
 20.23416      0
 20.26638      0
 20.2986       0
 20.33082      0
 20.36304      0
 20.36304      0
 20.39526      0
 20.42748      0
 20.4597       0
 20.49192      0
 20.52414      0
 20.55636      0
 20.55636      0
 20.58858      0
 20.6208       0
 20.65302      0
 20.68524      0
 20.71746      0
 20.71746      0
 20.74968      0
 20.7819       0
 20.81412      0
 20.84634      0
 20.87856      0
 20.91078      0
 20.91078      0
 20.943        0
 20.97522      0
 21.00744      0
 21.03966      0
 21.07188      0
 21.1041       0
 21.1041       0
 21.13632      0
 21.16854      0
 21.20076      0
 21.23298      0
 21.2652       0
 21.29742      0
 21.29742      0
 21.32964      0
 21.36186      0
 21.39408      0
 21.4263       0
 21.45852      0
 21.45852      0
 21.49074      0
 21.52296      0
 21.55518      0
 21.5874       0
 21.61962      0
 21.61962      0
 21.65184      0
 21.68406      0
 21.71628      0
 21.7485       0
 21.78072      0
 21.81294      0
 21.84516      0
 21.84516      0
 21.87738      0
 21.9096       0
 21.94182      0
 21.97404      0
 22.00626      0
 22.00626      0
 22.03848      0
 22.0707       0
 22.10292      0
 22.13514      0
 22.16736      0
 22.16736      0
 22.19958      0
 22.2318       0
 22.26402      0
 22.29624      0
 22.32846      0
 22.32846      0
 22.36068      0
 22.3929       0
 22.42512      0
 22.45734      0
 22.48956      0
 22.52178      0
 22.52178      0
 22.554        0
 22.58622      0
 22.61844      0
 22.65066      0
 22.68288      0
 22.7151       0
 22.7151       0
 22.77954      0
 22.81176      0
 22.84398      0
 22.8762       0
 22.8762       0
 22.90842      0
 22.94064      0
 22.97286      0
 23.00508      0
 23.0373       0
 23.0373       0
 23.06952      0
 23.10174      0
 23.13396      0
 23.16618      0
 23.1984       0
 23.1984       0
 23.23062      0
 23.26284      0
 23.29506      0
 23.32728      0
 23.32728      0
 23.3595       0
 23.39172      0
 23.42394      0
 23.45616      0
 23.48838      0
 23.5206       0
 23.5206       0
 23.55282      0
 23.58504      0
 23.61726      0
 23.64948      0
 23.6817       0
 23.6817       0
 23.71392      0
 23.74614      0
 23.77836      0
 23.81058      0
 23.8428       0
 23.8428       0
 23.87502      0
 23.90724      0
 23.93946      0
 23.97168      0
 23.97168      0
 24.0039       0
 24.03612      0
 24.06834      0
 24.10056      0
 24.13278      0
 24.13278      0
 24.165        0
 24.19722      0
 24.22944      0
 24.26166      0
 24.29388      0
 24.3261       0
 24.3261       0
 24.35832      0
 24.39054      0
 24.42276      0
 24.45498      0
 24.45498      0
 24.4872       0
 24.51942      0
 24.55164      0
 24.58386      0
 24.61608      0
 24.61608      0
 24.6483       0
 24.68052      0
 24.71274      0
 24.74496      0
 24.74496      0
 24.77718      0
 24.8094       0
 24.84162      0
 24.87384      0
 24.90606      0
 24.90606      0
 24.93828      0
 24.9705       0
 25.00272      0
 25.03494      0
 25.03494      0
 25.06716      0
 25.09938      0
 25.1316       0
 25.16382      0
 25.19604      0
 25.19604      0
 25.22826      0
 25.26048      0
 25.2927       0
 25.32492      0
 25.35714      0
 25.35714      0
 25.38936      0
 25.42158      0
 25.4538       0
 25.4538       0
 25.48602      0
 25.51824      0
 25.55046      0
 25.58268      0
 25.6149       0
 25.6149       0
 25.64712      0
 25.67934      0
 25.71156      0
 25.74378      0
 25.776        0
 25.776        0
 25.80822      0
 25.84044      0
 25.87266      0
 25.90488      0
 25.90488      0
 25.9371       0
 25.96932      0
 26.03376      0
 26.06598      0
 26.06598      0
 26.0982       0
 26.13042      0
 26.16264      0
 26.19486      0
 26.19486      0
 26.22708      0
 26.2593       0
 26.29152      0
 26.32374      0
 26.32374      0
 26.35596      0
 26.38818      0
 26.4204       0
 26.45262      0
 26.45262      0
 26.48484      0
 26.51706      0
 26.54928      0
 26.5815       0
 26.5815       0
 26.61372      0
 26.64594      0
 26.67816      0
 26.71038      0
 26.7426       0
 26.7426       0
 26.77482      0
 26.80704      0
 26.83926      0
 26.87148      0
 26.87148      0
 26.9037       0
 26.93592      0
 26.96814      0
 27.00036      0
 27.00036      0
 27.03258      0
 27.0648       0
 27.09702      0
 27.12924      0
 27.12924      0
 27.16146      0
 27.19368      0
 27.2259       0
 27.25812      0
 27.25812      0
 27.29034      0
 27.32256      0
 27.35478      0
 27.387        0
 27.387        0
 27.41922      0
 27.45144      0
 27.48366      0
 27.51588      0
 27.51588      0
 27.5481       0
 27.58032      0
 27.61254      0
 27.64476      0
 27.64476      0
 27.67698      0
 27.7092       0
 27.74142      0
 27.77364      0
 27.77364      0
 27.80586      0
 27.83808      0
 27.8703       0
 27.90252      0
 27.90252      0
 27.93474      0
 27.96696      0
 27.99918      0
 28.0314       0
 28.0314       0
 28.06362      0
 28.09584      0
 28.12806      0
 28.12806      0
 28.16028      0
 28.1925       0
 28.22472      0
 28.25694      0
 28.25694      0
 28.28916      0
 28.32138      0
 28.3536       0
 28.38582      0
 28.38582      0
 28.41804      0
 28.45026      0
 28.48248      0
 28.5147       0
 28.5147       0
 28.54692      0
 28.57914      0
 28.61136      0
 28.61136      0
 28.64358      0
 28.6758       0
 28.70802      0
 28.74024      0
 28.74024      0
 28.77246      0
 28.80468      0
 28.8369       0
 28.86912      0
 28.86912      0
 28.90134      0
 28.93356      0
 28.96578      0
 28.96578      0
 28.998        0
 29.03022      0
 29.06244      0
