 0             0
 0             0
 0             0
 0             0
 0             0
 0             0
 0             0
 0             0
 0             0
 3.222e-002    0
 3.222e-002    0
 6.444e-002    0
 9.666e-002    0
 9.666e-002    0
 0.12888       0
 0.1611        0
 0.19332       0
 0.19332       0
 0.25776       0
 0.25776       0
 0.28998       0
 0.3222        0
 0.35442       0
 0.38664       0
 0.41886       0
 0.41886       0
 0.45108       0
 0.4833        2
 0.51552       3
 0.54774       3
 0.57996       3
 0.61218       3
 0.6444        2
 0.6444        2
 0.70884       2
 0.70884       2
 0.74106       1
 0.77328       1
 0.8055        1
 0.83772       0
 0.86994       0
 0.86994       0
 0.93438       0
 0.93438       0
 0.9666        0
 0.99882       0
 1.03104       0
 1.06326       0
 1.09548       0
 1.1277        0
 1.15992       0
 1.19214       0
 1.19214       0
 1.22436       0
 1.25658       0
 1.2888        0
 1.32102       0
 1.35324       0
 1.38546       0
 1.41768       0
 1.4499        0
 1.4499        0
 1.51434       0
 1.51434       0
 1.54656       0
 1.57878       0
 1.611         0
 1.64322       0
 1.67544       0
 1.70766       0
 1.73988       0
 1.7721        0
 1.7721        0
 1.83654       0
 1.83654       0
 1.86876       0
 1.90098       0
 1.9332        0
 1.96542       0
 1.99764       0
 2.02986       0
 2.06208       0
 2.0943        0
 2.12652       0
 2.15874       0
 2.19096       0
 2.19096       0
 2.22318       0
 2.2554        0
 2.28762       0
 2.31984       0
 2.35206       0
 2.38428       0
 2.4165        0
 2.44872       0
 2.48094       0
 2.51316       0
 2.54538       0
 2.5776        0
 2.60982       0
 2.60982       0
 2.67426       0
 2.67426       0
 2.70648       0
 2.7387        0
 2.77092       0
 2.80314       0
 2.83536       0
 2.86758       0
 2.8998        0
 2.93202       0
 2.96424       0
 2.99646       0
 3.02868       0
 3.0609        0
 3.09312       0
 3.09312       0
 3.12534       0
 3.15756       0
 3.18978       0
 3.25422       0
 3.28644       0
 3.31866       0
 3.35088       0
 3.3831        0
 3.41532       0
 3.44754       0
 3.47976       0
 3.51198       0
 3.5442        0
 3.5442        0
 3.57642       0
 3.60864       0
 3.64086       0
 3.67308       0
 3.7053        0
 3.73752       0
 3.76974       0
 3.80196       0
 3.83418       0
 3.8664        0
 3.89862       0
 3.93084       0
 3.96306       0
 3.99528       0
 3.99528       0
 4.0275        0
 4.05972       0
 4.09194       0
 4.12416       0
 4.15638       0
 4.1886        0
 4.22082       0
 4.25304       0
 4.28526       0
 4.31748       0
 4.3497        0
 4.38192       0
 4.41414       0
 4.44636       0
 4.47858       0
 4.47858       0
 4.5108        0
 4.54302       0
 4.57524       0
 4.60746       0
 4.63968       0
 4.6719        0
 4.70412       0
 4.73634       0
 4.76856       0
 4.80078       0
 4.833         0
 4.86522       0
 4.89744       0
 4.92966       0
 4.96188       0
 4.96188       0
 4.9941        0
 5.02632       0
 5.05854       0
 5.09076       0
 5.12298       0
 5.1552        0
 5.18742       0
 5.21964       0
 5.25186       0
 5.28408       0
 5.3163        0
 5.34852       0
 5.38074       0
 5.41296       0
 5.41296       0
 5.44518       0
 5.4774        0
 5.50962       0
 5.54184       0
 5.57406       0
 5.60628       0
 5.6385        0
 5.67072       0
 5.70294       0
 5.73516       0
 5.76738       0
 5.7996        0
 5.83182       0
 5.86404       0
 5.86404       0
 5.89626       0
 5.92848       0
 5.9607        0
 5.99292       0
 6.02514       0
 6.05736       0
 6.08958       0
 6.1218        0
 6.15402       0
 6.18624       0
 6.21846       0
 6.25068       0
 6.2829        0
 6.2829        0
 6.31512       0
 6.34734       0
 6.37956       0
 6.41178       0
 6.444         0
 6.50844       0
 6.54066       0
 6.57288       0
 6.6051        0
 6.63732       0
 6.66954       0
 6.70176       1
 6.73398       0
 6.7662        0
 6.79842       0
 6.83064       1
 6.86286       0
 6.86286       0
 6.89508       1
 6.9273        0
 6.95952       0
 6.99174       1
 7.02396       0
 7.05618       1
 7.0884        1
 7.12062       0
 7.15284       1
 7.18506       1
 7.21728       0
 7.2495        1
 7.28172       1
 7.28172       1
 7.31394       1
 7.34616       1
 7.37838       1
 7.4106        1
 7.44282       1
 7.47504       1
 7.50726       1
 7.53948       1
 7.5717        1
 7.60392       1
 7.63614       1
 7.66836       1
 7.70058       1
 7.7328        1
 7.76502       1
 7.79724       1
 7.82946       1
 7.86168       2
 7.8939        2
 7.92612       2
 7.92612       2
 7.95834       2
 7.99056       2
 8.02278       3
 8.055         3
 8.08722       3
 8.11944       3
 8.15166       4
 8.18388       4
 8.2161        5
 8.24832       5
 8.28054       6
 8.31276       7
 8.34498       8
 8.3772        8
 8.3772        9
 8.40942       10
 8.44164       11
 8.47386       11
 8.50608       13
 8.5383        13
 8.57052       15
 8.60274       16
 8.63496       17
 8.66718       18
 8.6994        19
 8.73162       20
 8.76384       22
 8.79606       23
 8.82828       24
 8.8605        26
 8.89272       27
 8.92494       28
 8.92494       30
 8.95716       31
 8.98938       32
 9.0216        34
 9.05382       35
 9.08604       36
 9.11826       38
 9.15048       39
 9.1827        40
 9.21492       41
 9.24714       42
 9.27936       44
 9.31158       45
 9.31158       46
 9.3438        47
 9.37602       48
 9.40824       49
 9.44046       51
 9.47268       51
 9.5049        53
 9.53712       53
 9.56934       54
 9.60156       55
 9.63378       56
 9.63378       57
 9.666         58
 9.69822       59
 9.76266       59
 9.79488       60
 9.8271        61
 9.85932       61
 9.89154       62
 9.92376       62
 9.95598       63
 9.95598       64
 9.9882        64
 10.02042      65
 10.05264      65
 10.08486      65
 10.11708      66
 10.1493       66
 10.18152      66
 10.21374      66
 10.24596      66
 10.27818      67
 10.27818      67
 10.3104       67
 10.34262      67
 10.37484      67
 10.40706      67
 10.43928      67
 10.4715       67
 10.50372      67
 10.53594      67
 10.56816      66
 10.56816      66
 10.60038      66
 10.6326       66
 10.66482      66
 10.69704      65
 10.72926      65
 10.76148      65
 10.7937       64
 10.82592      64
 10.85814      64
 10.89036      63
 10.89036      63
 10.92258      63
 10.9548       62
 10.98702      62
 11.01924      62
 11.05146      61
 11.08368      61
 11.1159       60
 11.14812      60
 11.18034      59
 11.18034      59
 11.21256      58
 11.24478      58
 11.277        57
 11.30922      57
 11.34144      57
 11.37366      56
 11.40588      56
 11.4381       55
 11.47032      54
 11.47032      54
 11.50254      54
 11.53476      53
 11.56698      53
 11.5992       52
 11.63142      52
 11.66364      51
 11.69586      51
 11.72808      50
 11.7603       50
 11.7603       49
 11.79252      49
 11.82474      49
 11.85696      48
 11.88918      48
 11.9214       47
 11.95362      46
 11.98584      46
 12.01806      46
 12.01806      45
 12.05028      45
 12.0825       44
 12.11472      44
 12.14694      43
 12.17916      43
 12.21138      42
 12.2436       42
 12.27582      41
 12.30804      41
 12.34026      41
 12.34026      40
 12.37248      40
 12.4047       40
 12.43692      39
 12.46914      39
 12.50136      38
 12.53358      38
 12.5658       38
 12.59802      38
 12.59802      38
 12.63024      38
 12.66246      37
 12.69468      37
 12.7269       37
 12.75912      37
 12.79134      38
 12.82356      38
 12.85578      38
 12.85578      38
 12.888        39
 12.92022      39
 12.95244      40
 13.01688      41
 13.0491       42
 13.08132      43
 13.11354      44
 13.11354      45
 13.14576      47
 13.17798      48
 13.2102       50
 13.24242      52
 13.27464      53
 13.30686      56
 13.33908      58
 13.3713       60
 13.40352      62
 13.40352      65
 13.43574      67
 13.46796      70
 13.50018      73
 13.5324       76
 13.56462      79
 13.59684      82
 13.62906      85
 13.66128      88
 13.66128      91
 13.6935       95
 13.72572      98
 13.75794      102
 13.79016      106
 13.82238      109
 13.8546       113
 13.88682      116
 13.91904      122
 13.98348      132
 14.0157       135
 14.04792      139
 14.08014      143
 14.11236      147
 14.14458      150
 14.1768       155
 14.20902      158
 14.24124      162
 14.24124      166
 14.27346      169
 14.30568      173
 14.3379       176
 14.37012      179
 14.40234      183
 14.43456      186
 14.46678      190
 14.499        193
 14.499        197
 14.53122      200
 14.56344      205
 14.59566      208
 14.62788      211
 14.6601       214
 14.69232      218
 14.72454      221
 14.75676      225
 14.75676      228
 14.78898      231
 14.8212       234
 14.85342      238
 14.88564      240
 14.91786      243
 14.95008      246
 14.9823       249
 15.01452      252
 15.01452      255
 15.04674      258
 15.07896      260
 15.11118      263
 15.1434       265
 15.17562      267
 15.20784      270
 15.24006      272
 15.27228      275
 15.3045       277
 15.3045       279
 15.33672      281
 15.36894      283
 15.40116      285
 15.43338      287
 15.4656       289
 15.49782      290
 15.53004      292
 15.56226      294
 15.59448      295
 15.59448      297
 15.6267       299
 15.65892      300
 15.69114      302
 15.72336      303
 15.75558      305
 15.7878       306
 15.82002      307
 15.85224      308
 15.85224      309
 15.88446      310
 15.91668      311
 15.9489       312
 15.98112      313
 16.01334      314
 16.04556      314
 16.07778      315
 16.07778      316
 16.11         316
 16.14222      317
 16.17444      317
 16.20666      318
 16.2711       318
 16.2711       318
 16.30332      319
 16.33554      319
 16.36776      319
 16.39998      319
 16.4322       319
 16.46442      319
 16.49664      319
 16.52886      319
 16.56108      319
 16.5933       319
 16.5933       318
 16.62552      318
 16.65774      318
 16.68996      317
 16.72218      316
 16.7544       316
 16.78662      315
 16.78662      314
 16.81884      314
 16.85106      313
 16.88328      311
 16.9155       311
 16.94772      310
 16.97994      308
 17.01216      307
 17.01216      306
 17.10882      301
 17.14104      299
 17.17326      298
 17.20548      296
 17.2377       294
 17.26992      293
 17.30214      291
 17.33436      290
 17.33436      289
 17.36658      287
 17.3988       285
 17.43102      283
 17.46324      281
 17.49546      279
 17.52768      277
 17.5599       275
 17.59212      273
 17.59212      270
 17.62434      269
 17.65656      266
 17.68878      264
 17.721        262
 17.75322      259
 17.78544      257
 17.81766      255
 17.81766      253
 17.84988      250
 17.8821       248
 17.91432      245
 17.94654      243
 17.97876      241
 18.01098      239
 18.0432       236
 18.0432       234
 18.07542      232
 18.10764      230
 18.13986      228
 18.17208      226
 18.2043       225
 18.23652      223
 18.23652      222
 18.26874      221
 18.30096      219
 18.33318      219
 18.3654       218
 18.39762      217
 18.42984      217
 18.46206      217
 18.49428      217
 18.5265       218
 18.5265       218
 18.55872      219
 18.59094      220
 18.62316      220
 18.65538      222
 18.6876       223
 18.6876       224
 18.71982      226
 18.75204      228
 18.78426      229
 18.81648      231
 18.8487       233
 18.88092      236
 18.88092      238
 18.91314      241
 18.94536      243
 18.97758      247
 19.0098       250
 19.04202      253
 19.07424      256
 19.10646      259
 19.13868      262
 19.13868      265
 19.1709       268
 19.20312      271
 19.23534      274
 19.26756      277
 19.29978      280
 19.332        283
 19.332        286
 19.36422      290
 19.39644      293
 19.42866      296
 19.46088      300
 19.52532      304
 19.52532      307
 19.55754      310
 19.58976      313
 19.62198      317
 19.6542       320
 19.68642      323
 19.68642      327
 19.71864      330
 19.75086      333
 19.78308      336
 19.8153       339
 19.84752      342
 19.87974      346
 19.87974      348
 19.91196      351
 19.94418      354
 19.9764       357
 20.00862      252
 20.04084      55
 20.04084      0
 20.07306      0
 20.10528      0
 20.1375       0
 20.16972      0
 20.20194      0
 20.20194      0
 20.23416      0
 20.26638      0
 20.2986       0
 20.33082      0
 20.36304      0
 20.36304      0
 20.39526      0
 20.42748      0
 20.4597       0
 20.49192      0
 20.52414      0
 20.55636      0
 20.55636      0
 20.58858      0
 20.6208       0
 20.65302      0
 20.68524      0
 20.71746      0
 20.71746      0
 20.74968      0
 20.7819       0
 20.81412      0
 20.84634      0
 20.87856      0
 20.87856      0
 20.91078      0
 20.943        0
 20.97522      0
 21.00744      0
 21.03966      0
 21.07188      0
 21.07188      0
 21.1041       0
 21.13632      0
 21.16854      0
 21.20076      0
 21.23298      0
 21.23298      0
 21.2652       0
 21.29742      0
 21.32964      0
 21.36186      0
 21.39408      0
 21.39408      0
 21.4263       0
 21.45852      0
 21.49074      0
 21.52296      0
 21.55518      0
 21.55518      0
 21.5874       0
 21.61962      0
 21.65184      0
 21.68406      0
 21.71628      0
 21.7485       0
 21.7485       0
 21.78072      0
 21.81294      0
 21.84516      0
 21.87738      0
 21.87738      0
 21.9096       0
 21.94182      0
 21.97404      0
 22.00626      0
 22.03848      0
 22.03848      0
 22.0707       0
 22.10292      0
 22.13514      0
 22.16736      0
 22.19958      0
 22.19958      0
 22.2318       0
 22.26402      0
 22.29624      0
 22.32846      0
 22.36068      0
 22.36068      0
 22.3929       0
 22.42512      0
 22.45734      0
 22.48956      0
 22.52178      0
 22.52178      0
 22.554        0
 22.58622      0
 22.61844      0
 22.65066      0
 22.65066      0
 22.68288      0
 22.7151       0
 22.77954      0
 22.81176      0
 22.84398      0
 22.84398      0
 22.8762       0
 22.90842      0
 22.94064      0
 22.97286      0
 22.97286      0
 23.00508      0
 23.0373       0
 23.06952      0
 23.10174      0
 23.13396      0
 23.13396      0
 23.16618      0
 23.1984       0
 23.23062      0
 23.26284      0
 23.29506      0
 23.29506      0
 23.32728      0
 23.3595       0
 23.39172      0
 23.42394      0
 23.42394      0
 23.45616      0
 23.48838      0
 23.5206       0
 23.55282      0
 23.58504      0
 23.58504      0
 23.61726      0
 23.64948      0
 23.6817       0
 23.71392      0
 23.71392      0
 23.74614      0
 23.77836      0
 23.81058      0
 23.8428       0
 23.8428       0
 23.87502      0
 23.90724      0
 23.93946      0
 23.97168      0
 24.0039       0
 24.0039       0
 24.03612      0
 24.06834      0
 24.10056      0
 24.13278      0
 24.165        0
 24.165        0
 24.19722      0
 24.22944      0
 24.26166      0
 24.29388      0
 24.29388      0
 24.3261       0
 24.35832      0
 24.39054      0
 24.42276      0
 24.42276      0
 24.45498      0
 24.4872       0
 24.51942      0
 24.55164      0
 24.58386      0
 24.58386      0
 24.61608      0
 24.6483       0
 24.68052      0
 24.71274      0
 24.71274      0
 24.74496      0
 24.77718      0
 24.8094       0
 24.84162      0
 24.84162      0
 24.87384      0
 24.90606      0
 24.93828      0
 24.9705       0
 24.9705       0
 25.00272      0
 25.03494      0
 25.06716      0
 25.09938      0
 25.09938      0
 25.1316       0
 25.16382      0
 25.19604      0
 25.22826      0
 25.22826      0
 25.26048      0
 25.2927       0
 25.32492      0
 25.35714      0
 25.38936      0
 25.38936      0
 25.42158      0
 25.4538       0
 25.48602      0
 25.51824      0
 25.51824      0
 25.55046      0
 25.58268      0
 25.6149       0
 25.64712      0
 25.64712      0
 25.67934      0
 25.71156      0
 25.74378      0
 25.776        0
 25.776        0
 25.80822      0
 25.84044      0
 25.87266      0
 25.90488      0
 25.90488      0
 25.9371       0
 25.96932      0
 26.03376      0
 26.03376      0
 26.06598      0
 26.0982       0
 26.13042      0
 26.16264      0
 26.16264      0
 26.19486      0
 26.22708      0
 26.2593       0
 26.29152      0
 26.29152      0
 26.32374      0
 26.35596      0
 26.38818      0
 26.4204       0
 26.4204       0
 26.45262      0
 26.48484      0
 26.51706      0
 26.54928      0
 26.54928      0
 26.5815       0
 26.61372      0
 26.64594      0
 26.67816      0
 26.67816      0
 26.71038      0
 26.7426       0
 26.77482      0
 26.80704      0
 26.80704      0
 26.83926      0
 26.87148      0
 26.9037       0
 26.93592      0
 26.93592      0
 26.96814      0
 27.00036      0
 27.03258      0
 27.03258      0
 27.0648       0
 27.09702      0
 27.12924      0
 27.16146      0
 27.16146      0
 27.19368      0
 27.2259       0
 27.25812      0
 27.29034      0
 27.29034      0
 27.32256      0
 27.35478      0
 27.387        0
 27.387        0
 27.41922      0
 27.45144      0
 27.48366      0
 27.51588      0
 27.51588      0
 27.5481       0
 27.58032      0
 27.61254      0
 27.61254      0
 27.64476      0
 27.67698      0
 27.7092       0
 27.74142      0
 27.74142      0
 27.77364      0
 27.80586      0
 27.83808      0
 27.8703       0
 27.8703       0
 27.90252      0
 27.93474      0
 27.96696      0
 27.96696      0
 27.99918      0
 28.0314       0
 28.06362      0
 28.09584      0
 28.09584      0
 28.12806      0
 28.16028      0
 28.1925       0
 28.22472      0
 28.22472      0
 28.25694      0
 28.28916      0
 28.32138      0
 28.32138      0
 28.3536       0
 28.38582      0
 28.41804      0
 28.41804      0
 28.45026      0
 28.48248      0
 28.5147       0
 28.5147       0
 28.54692      0
 28.57914      0
 28.61136      0
 28.64358      0
 28.64358      0
 28.6758       0
 28.70802      0
 28.74024      0
 28.77246      0
 28.77246      0
 28.80468      0
 28.8369       0
 28.86912      0
 28.86912      0
