 0             0
 0             0
 0             0
 0             0
 0             0
 0             0
 0             0
 0             0
 0             0
 3.222e-002    0
 3.222e-002    0
 6.444e-002    0
 9.666e-002    0
 9.666e-002    0
 0.12888       0
 0.1611        0
 0.1611        0
 0.22554       0
 0.22554       0
 0.25776       0
 0.28998       0
 0.3222        0
 0.3222        0
 0.38664       0
 0.38664       0
 0.41886       0
 0.45108       0
 0.4833        0
 0.51552       0
 0.54774       0
 0.54774       0
 0.57996       0
 0.61218       0
 0.6444        0
 0.67662       0
 0.70884       0
 0.70884       0
 0.77328       0
 0.77328       0
 0.8055        0
 0.83772       0
 0.86994       0
 0.90216       0
 0.93438       0
 0.9666        0
 0.99882       0
 0.99882       0
 1.03104       0
 1.06326       0
 1.09548       0
 1.1277        0
 1.15992       0
 1.19214       0
 1.19214       0
 1.25658       0
 1.25658       0
 1.2888        0
 1.32102       0
 1.35324       0
 1.38546       0
 1.41768       0
 1.4499        0
 1.48212       0
 1.48212       0
 1.51434       0
 1.54656       0
 1.57878       0
 1.611         0
 1.64322       0
 1.67544       0
 1.70766       0
 1.73988       0
 1.73988       0
 1.7721        0
 1.80432       0
 1.83654       0
 1.86876       0
 1.90098       0
 1.9332        0
 1.96542       0
 1.99764       0
 2.02986       0
 2.06208       0
 2.06208       0
 2.0943        0
 2.12652       0
 2.15874       0
 2.19096       0
 2.22318       0
 2.2554        0
 2.28762       0
 2.31984       0
 2.35206       0
 2.38428       0
 2.4165        0
 2.4165        0
 2.44872       0
 2.48094       0
 2.51316       0
 2.54538       0
 2.5776        0
 2.60982       0
 2.64204       0
 2.67426       0
 2.70648       0
 2.7387        0
 2.7387        0
 2.80314       0
 2.80314       0
 2.83536       0
 2.86758       0
 2.8998        0
 2.93202       0
 2.96424       0
 2.99646       0
 3.02868       0
 3.0609        0
 3.09312       0
 3.12534       0
 3.15756       0
 3.15756       0
 3.18978       0
 3.25422       0
 3.28644       0
 3.31866       0
 3.35088       0
 3.3831        0
 3.41532       0
 3.44754       0
 3.47976       0
 3.51198       0
 3.51198       0
 3.5442        0
 3.57642       0
 3.60864       0
 3.64086       0
 3.67308       0
 3.7053        0
 3.73752       0
 3.76974       0
 3.80196       0
 3.83418       0
 3.8664        0
 3.89862       0
 3.89862       0
 3.93084       0
 3.96306       0
 3.99528       0
 4.0275        0
 4.05972       0
 4.09194       0
 4.12416       0
 4.15638       0
 4.1886        0
 4.22082       0
 4.25304       0
 4.28526       0
 4.28526       0
 4.31748       0
 4.3497        0
 4.38192       0
 4.41414       0
 4.44636       0
 4.47858       0
 4.5108        0
 4.54302       0
 4.57524       0
 4.60746       0
 4.63968       0
 4.6719        0
 4.6719        0
 4.70412       0
 4.73634       0
 4.76856       0
 4.80078       0
 4.833         1
 4.86522       1
 4.89744       1
 4.92966       1
 4.96188       1
 4.9941        0
 5.02632       0
 5.02632       0
 5.05854       0
 5.09076       0
 5.12298       0
 5.1552        0
 5.18742       0
 5.21964       0
 5.25186       0
 5.28408       0
 5.3163        0
 5.34852       0
 5.38074       0
 5.41296       0
 5.41296       0
 5.44518       0
 5.4774        0
 5.50962       0
 5.54184       0
 5.57406       0
 5.60628       0
 5.6385        0
 5.67072       0
 5.70294       0
 5.73516       0
 5.76738       0
 5.76738       0
 5.7996        1
 5.83182       0
 5.86404       1
 5.89626       1
 5.92848       0
 5.9607        1
 5.99292       1
 6.02514       1
 6.05736       2
 6.08958       1
 6.1218        1
 6.1218        1
 6.15402       1
 6.18624       1
 6.21846       2
 6.25068       1
 6.2829        2
 6.31512       2
 6.34734       1
 6.37956       2
 6.41178       2
 6.444         1
 6.47622       2
 6.50844       2
 6.54066       3
 6.57288       6
 6.6051        13
 6.63732       17
 6.66954       19
 6.70176       19
 6.73398       18
 6.7662        17
 6.79842       15
 6.79842       14
 6.83064       13
 6.86286       11
 6.89508       10
 6.9273        9
 6.95952       8
 6.99174       8
 7.02396       7
 7.05618       6
 7.0884        6
 7.12062       5
 7.15284       5
 7.15284       4
 7.18506       4
 7.21728       4
 7.2495        3
 7.28172       3
 7.31394       3
 7.34616       3
 7.37838       2
 7.4106        3
 7.44282       3
 7.44282       4
 7.47504       5
 7.50726       4
 7.53948       1
 7.5717        0
 7.60392       0
 7.63614       0
 7.66836       0
 7.70058       0
 7.7328        0
 7.76502       0
 7.79724       0
 7.79724       0
 7.82946       0
 7.86168       0
 7.8939        0
 7.92612       0
 7.95834       0
 7.99056       0
 8.02278       0
 8.055         0
 8.08722       0
 8.11944       0
 8.11944       0
 8.15166       1
 8.18388       0
 8.2161        0
 8.24832       0
 8.28054       0
 8.31276       0
 8.34498       0
 8.3772        0
 8.3772        0
 8.40942       1
 8.44164       2
 8.47386       0
 8.50608       0
 8.5383        0
 8.57052       0
 8.60274       0
 8.63496       0
 8.66718       0
 8.6994        0
 8.6994        0
 8.73162       0
 8.76384       0
 8.79606       0
 8.82828       0
 8.8605        0
 8.89272       0
 8.92494       0
 8.95716       0
 8.98938       0
 9.0216        0
 9.0216        0
 9.05382       0
 9.08604       0
 9.11826       0
 9.15048       0
 9.1827        0
 9.21492       1
 9.24714       1
 9.27936       1
 9.27936       1
 9.31158       2
 9.3438        2
 9.37602       2
 9.40824       2
 9.44046       2
 9.47268       2
 9.5049        2
 9.53712       2
 9.56934       3
 9.56934       3
 9.60156       3
 9.63378       3
 9.666         3
 9.69822       3
 9.76266       3
 9.79488       3
 9.8271        3
 9.85932       3
 9.85932       3
 9.89154       3
 9.92376       3
 9.95598       3
 9.9882        3
 10.02042      3
 10.05264      3
 10.08486      3
 10.11708      3
 10.11708      3
 10.1493       3
 10.18152      3
 10.21374      4
 10.24596      4
 10.27818      4
 10.3104       4
 10.34262      4
 10.37484      4
 10.37484      4
 10.40706      4
 10.43928      3
 10.4715       4
 10.50372      3
 10.53594      3
 10.56816      4
 10.60038      3
 10.6326       4
 10.66482      4
 10.66482      5
 10.69704      5
 10.72926      5
 10.76148      5
 10.7937       5
 10.82592      5
 10.85814      5
 10.89036      5
 10.92258      5
 10.92258      4
 10.9548       5
 10.98702      4
 11.01924      4
 11.05146      4
 11.08368      4
 11.1159       4
 11.14812      6
 11.18034      11
 11.18034      15
 11.21256      17
 11.24478      18
 11.277        19
 11.30922      20
 11.34144      19
 11.37366      19
 11.40588      18
 11.4381       17
 11.4381       16
 11.47032      14
 11.50254      13
 11.53476      13
 11.56698      12
 11.5992       11
 11.63142      10
 11.66364      9
 11.66364      9
 11.69586      8
 11.72808      8
 11.7603       7
 11.79252      7
 11.82474      7
 11.85696      7
 11.88918      6
 11.9214       6
 11.9214       6
 11.95362      6
 11.98584      5
 12.01806      7
 12.05028      9
 12.0825       11
 12.11472      11
 12.14694      11
 12.17916      11
 12.17916      11
 12.21138      11
 12.2436       10
 12.27582      10
 12.30804      9
 12.34026      9
 12.37248      8
 12.4047       8
 12.4047       8
 12.43692      7
 12.46914      7
 12.50136      7
 12.53358      7
 12.5658       6
 12.59802      6
 12.63024      6
 12.63024      6
 12.66246      6
 12.69468      6
 12.7269       6
 12.75912      6
 12.79134      5
 12.82356      6
 12.85578      6
 12.888        5
 12.888        6
 12.92022      6
 12.95244      6
 13.01688      6
 13.0491       6
 13.08132      6
 13.11354      6
 13.11354      6
 13.14576      6
 13.17798      6
 13.2102       6
 13.24242      6
 13.27464      6
 13.30686      6
 13.33908      6
 13.33908      6
 13.3713       6
 13.40352      6
 13.43574      6
 13.46796      6
 13.50018      7
 13.5324       7
 13.56462      7
 13.56462      7
 13.59684      7
 13.62906      7
 13.66128      7
 13.6935       7
 13.72572      7
 13.75794      7
 13.79016      7
 13.79016      7
 13.82238      7
 13.8546       7
 13.88682      9
 13.91904      10
 13.95126      10
 13.98348      11
 14.0157       11
 14.0157       11
 14.04792      11
 14.08014      10
 14.11236      10
 14.14458      10
 14.1768       10
 14.20902      9
 14.24124      9
 14.24124      9
 14.27346      9
 14.30568      9
 14.3379       8
 14.37012      8
 14.40234      8
 14.43456      8
 14.46678      8
 14.46678      8
 14.499        8
 14.53122      8
 14.56344      8
 14.59566      8
 14.62788      8
 14.6601       8
 14.6601       8
 14.69232      7
 14.72454      8
 14.75676      8
 14.78898      7
 14.8212       8
 14.85342      8
 14.85342      7
 14.88564      8
 14.91786      7
 14.95008      7
 14.9823       8
 15.01452      7
 15.04674      7
 15.07896      7
 15.07896      6
 15.11118      6
 15.1434       6
 15.17562      6
 15.20784      6
 15.24006      6
 15.27228      6
 15.27228      7
 15.3045       7
 15.33672      7
 15.36894      7
 15.40116      7
 15.43338      7
 15.4656       7
 15.49782      7
 15.49782      7
 15.53004      7
 15.56226      7
 15.59448      7
 15.6267       7
 15.65892      7
 15.69114      7
 15.69114      7
 15.72336      7
 15.75558      7
 15.7878       7
 15.82002      7
 15.85224      8
 15.88446      7
 15.88446      7
 15.91668      7
 15.9489       7
 15.98112      7
 16.01334      7
 16.04556      7
 16.07778      7
 16.11         7
 16.11         7
 16.14222      7
 16.17444      7
 16.20666      7
 16.2711       8
 16.30332      9
 16.30332      10
 16.33554      10
 16.36776      10
 16.39998      10
 16.4322       10
 16.46442      10
 16.49664      10
 16.49664      9
 16.52886      8
 16.56108      8
 16.5933       9
 16.62552      9
 16.65774      10
 16.68996      10
 16.68996      10
 16.72218      11
 16.7544       10
 16.78662      10
 16.81884      10
 16.85106      10
 16.85106      10
 16.88328      9
 16.9155       9
 16.94772      9
 16.97994      9
 17.01216      9
 17.04438      9
 17.04438      8
 17.0766       8
 17.10882      8
 17.14104      8
 17.17326      8
 17.20548      8
 17.2377       8
 17.2377       8
 17.26992      8
 17.30214      8
 17.33436      8
 17.36658      8
 17.3988       8
 17.43102      8
 17.43102      8
 17.46324      8
 17.49546      8
 17.52768      8
 17.5599       8
 17.59212      8
 17.62434      8
 17.62434      8
 17.65656      9
 17.68878      8
 17.721        9
 17.75322      9
 17.78544      9
 17.78544      10
 17.81766      10
 17.84988      10
 17.8821       11
 17.91432      11
 17.94654      11
 17.97876      11
 17.97876      11
 18.01098      11
 18.0432       12
 18.07542      12
 18.10764      12
 18.13986      12
 18.17208      12
 18.17208      12
 18.2043       12
 18.23652      12
 18.26874      12
 18.30096      13
 18.33318      13
 18.33318      13
 18.3654       13
 18.39762      13
 18.42984      13
 18.46206      13
 18.49428      13
 18.49428      14
 18.5265       14
 18.55872      14
 18.59094      14
 18.62316      14
 18.65538      15
 18.6876       15
 18.6876       15
 18.71982      15
 18.75204      15
 18.78426      15
 18.81648      15
 18.8487       15
 18.8487       15
 18.88092      16
 18.91314      16
 18.94536      16
 18.97758      16
 19.0098       16
 19.0098       16
 19.04202      16
 19.07424      16
 19.10646      16
 19.13868      16
 19.1709       16
 19.20312      16
 19.20312      16
 19.23534      16
 19.26756      16
 19.29978      16
 19.332        15
 19.36422      16
 19.36422      15
 19.39644      15
 19.42866      15
 19.46088      15
 19.52532      15
 19.52532      16
 19.55754      15
 19.58976      15
 19.62198      22
 19.6542       28
 19.68642      30
 19.71864      29
 19.71864      26
 19.75086      24
 19.78308      22
 19.8153       20
 19.84752      19
 19.87974      18
 19.87974      17
 19.91196      17
 19.94418      16
 19.9764       16
 20.00862      15
 20.04084      15
 20.04084      15
 20.07306      15
 20.10528      14
 20.1375       14
 20.16972      14
 20.20194      14
 20.20194      14
 20.23416      14
 20.26638      14
 20.2986       14
 20.33082      14
 20.33082      13
 20.36304      14
 20.39526      14
 20.42748      13
 20.4597       13
 20.49192      13
 20.52414      13
 20.52414      13
 20.55636      13
 20.58858      13
 20.6208       13
 20.65302      13
 20.68524      13
 20.68524      13
 20.71746      13
 20.74968      13
 20.7819       13
 20.81412      13
 20.81412      13
 20.84634      13
 20.87856      13
 20.91078      13
 20.943        12
 20.97522      13
 20.97522      13
 21.00744      12
 21.03966      13
 21.07188      13
 21.1041       12
 21.13632      13
 21.13632      12
 21.16854      12
 21.20076      13
 21.23298      12
 21.2652       12
 21.29742      12
 21.29742      12
 21.32964      12
 21.36186      12
 21.39408      12
 21.4263       12
 21.45852      12
 21.45852      12
 21.49074      12
 21.52296      12
 21.55518      12
 21.5874       12
 21.5874       12
 21.61962      12
 21.65184      12
 21.68406      12
 21.71628      12
 21.7485       12
 21.7485       12
 21.78072      12
 21.81294      12
 21.84516      12
 21.87738      12
 21.9096       12
 21.9096       11
 21.94182      11
 21.97404      11
 22.00626      11
 22.03848      11
 22.03848      11
 22.0707       11
 22.10292      11
 22.13514      11
 22.16736      11
 22.19958      11
 22.19958      11
 22.2318       11
 22.26402      11
 22.29624      11
 22.32846      12
 22.32846      11
 22.36068      11
 22.3929       12
 22.42512      12
 22.45734      12
 22.48956      12
 22.48956      12
 22.52178      12
 22.554        12
 22.58622      12
 22.61844      12
 22.65066      12
 22.65066      12
 22.68288      13
 22.7151       13
 22.77954      13
 22.77954      13
 22.81176      13
 22.84398      13
 22.8762       14
 22.90842      14
 22.90842      14
 22.94064      14
 22.97286      14
 23.00508      15
 23.0373       15
 23.0373       15
 23.06952      15
 23.10174      16
 23.13396      16
 23.16618      16
 23.1984       16
 23.1984       17
 23.23062      17
 23.26284      17
 23.29506      17
 23.32728      18
 23.32728      18
 23.3595       18
 23.39172      19
 23.42394      19
 23.45616      19
 23.45616      20
 23.48838      20
 23.5206       20
 23.55282      20
 23.58504      20
 23.58504      22
 23.61726      23
 23.64948      23
 23.6817       24
 23.71392      24
 23.74614      24
 23.74614      24
 23.77836      24
 23.81058      24
 23.8428       25
 23.87502      25
 23.87502      25
 23.90724      25
 23.93946      25
 23.97168      25
 24.0039       25
 24.0039       25
 24.03612      25
 24.06834      25
 24.10056      25
 24.13278      26
 24.165        26
 24.165        26
 24.19722      26
 24.22944      26
 24.26166      26
 24.29388      26
 24.29388      26
 24.3261       27
 24.35832      28
 24.39054      28
 24.42276      28
 24.42276      28
 24.45498      28
 24.4872       28
 24.51942      28
 24.55164      27
 24.55164      27
 24.58386      27
 24.61608      27
 24.6483       27
 24.68052      27
 24.68052      27
 24.71274      27
 24.74496      26
 24.77718      26
 24.8094       26
 24.8094       26
 24.84162      26
 24.87384      26
 24.90606      25
 24.93828      22
 24.93828      19
 24.9705       17
 25.00272      17
 25.03494      16
 25.03494      16
 25.06716      16
 25.09938      16
 25.1316       17
 25.16382      17
 25.19604      18
 25.19604      18
 25.22826      19
 25.26048      19
 25.2927       19
 25.32492      20
 25.32492      20
 25.35714      20
 25.38936      20
 25.42158      20
 25.42158      21
 25.4538       21
 25.48602      21
 25.51824      21
 25.55046      24
 25.55046      30
 25.58268      34
 25.6149       35
 25.64712      35
 25.67934      35
 25.67934      34
 25.71156      34
 25.74378      33
 25.776        31
 25.80822      30
 25.80822      29
 25.84044      28
 25.87266      28
 25.90488      26
 25.9371       26
 25.9371       25
 25.96932      24
 26.03376      25
 26.06598      24
 26.06598      24
 26.0982       23
 26.13042      23
 26.16264      22
 26.16264      22
 26.19486      21
 26.22708      21
 26.2593       20
 26.29152      20
 26.29152      20
 26.32374      20
 26.35596      19
 26.38818      19
 26.4204       19
 26.4204       19
 26.45262      19
 26.48484      19
 26.51706      18
 26.51706      19
 26.54928      18
 26.5815       18
 26.61372      18
 26.64594      18
 26.64594      12
 26.67816      3
 26.71038      0
 26.7426       0
 26.77482      0
 26.77482      0
 26.80704      0
 26.83926      0
 26.87148      0
 26.9037       0
 26.9037       0
 26.93592      0
 26.96814      2
 27.00036      3
 27.00036      4
 27.03258      6
 27.0648       7
 27.09702      8
 27.12924      7
 27.12924      8
 27.16146      8
 27.19368      9
 27.2259       9
 27.2259       10
 27.25812      10
 27.29034      11
 27.32256      11
 27.35478      12
 27.35478      12
 27.387        12
 27.41922      13
 27.45144      13
 27.45144      14
 27.48366      14
 27.51588      14
 27.5481       15
 27.58032      15
 27.58032      15
 27.61254      15
 27.64476      15
 27.67698      15
 27.7092       16
 27.7092       16
 27.74142      16
 27.77364      16
 27.80586      16
 27.80586      17
 27.83808      17
 27.8703       17
 27.90252      17
 27.90252      17
 27.93474      17
 27.96696      18
 27.99918      18
 27.99918      18
 28.0314       18
 28.06362      18
 28.09584      19
 28.12806      20
 28.12806      20
 28.16028      20
 28.1925       20
 28.22472      21
 28.22472      21
 28.25694      21
 28.28916      21
