 0             0
 0             0
 0             0
 0             0
 3.222e-002    0
 6.444e-002    0
 6.444e-002    0
 9.666e-002    0
 0.1611        0
 0.1611        0
 0.19332       0
 0.22554       0
 0.22554       0
 0.28998       0
 0.28998       0
 0.3222        0
 0.35442       0
 0.35442       0
 0.41886       0
 0.41886       0
 0.45108       0
 0.51552       0
 0.51552       0
 0.51552       0
 0.57996       0
 0.57996       0
 0.61218       0
 0.67662       0
 0.67662       0
 0.70884       0
 0.74106       0
 0.74106       0
 0.8055        0
 0.8055        0
 0.83772       0
 0.90216       0
 0.90216       0
 0.93438       0
 0.9666        0
 0.9666        0
 0.99882       0
 1.06326       0
 1.06326       0
 1.09548       0
 1.1277        0
 1.1277        0
 1.19214       0
 1.22436       0
 1.22436       0
 1.2888        0
 1.2888        0
 1.32102       0
 1.35324       0
 1.38546       0
 1.41768       0
 1.4499        0
 1.4499        0
 1.48212       0
 1.54656       0
 1.54656       0
 1.57878       0
 1.611         0
 1.611         0
 1.67544       0
 1.70766       0
 1.70766       0
 1.7721        0
 1.7721        0
 1.80432       0
 1.83654       0
 1.86876       0
 1.90098       0
 1.9332        0
 1.9332        0
 1.99764       0
 2.02986       0
 2.02986       0
 2.06208       0
 2.0943        0
 2.12652       0
 2.15874       0
 2.19096       0
 2.19096       0
 2.2554        0
 2.2554        0
 2.28762       0
 2.31984       0
 2.35206       0
 2.38428       0
 2.4165        0
 2.4165        0
 2.48094       0
 2.51316       0
 2.51316       0
 2.5776        0
 2.5776        0
 2.60982       0
 2.64204       0
 2.67426       0
 2.70648       0
 2.7387        0
 2.7387        0
 2.80314       0
 2.83536       0
 2.83536       0
 2.86758       0
 2.8998        0
 2.93202       0
 2.96424       0
 2.99646       0
 2.99646       0
 3.0609        0
 3.0609        0
 3.09312       0
 3.12534       0
 3.15756       0
 3.18978       0
 3.25422       0
 3.25422       0
 3.28644       0
 3.31866       0
 3.35088       0
 3.3831        0
 3.41532       0
 3.44754       0
 3.47976       0
 3.51198       0
 3.51198       0
 3.57642       0
 3.57642       0
 3.60864       0
 3.64086       0
 3.67308       0
 3.7053        0
 3.73752       0
 3.76974       0
 3.80196       0
 3.83418       0
 3.83418       0
 3.89862       0
 3.89862       0
 3.93084       0
 3.96306       0
 3.99528       0
 4.0275        0
 4.05972       0
 4.09194       0
 4.12416       0
 4.15638       0
 4.15638       1
 4.1886        1
 4.22082       1
 4.25304       1
 4.28526       1
 4.31748       1
 4.3497        2
 4.38192       2
 4.41414       2
 4.44636       2
 4.47858       2
 4.47858       3
 4.5108        3
 4.54302       3
 4.57524       3
 4.60746       3
 4.63968       3
 4.6719        4
 4.70412       4
 4.73634       4
 4.76856       5
 4.80078       5
 4.833         5
 4.833         5
 4.89744       6
 4.89744       6
 4.92966       6
 4.96188       7
 4.9941        7
 5.02632       7
 5.05854       8
 5.09076       8
 5.12298       8
 5.1552        9
 5.1552        9
 5.21964       9
 5.21964       10
 5.25186       10
 5.28408       11
 5.3163        11
 5.34852       11
 5.38074       12
 5.41296       12
 5.44518       13
 5.4774        13
 5.4774        13
 5.50962       14
 5.54184       14
 5.57406       15
 5.60628       15
 5.6385        16
 5.67072       16
 5.70294       17
 5.73516       17
 5.76738       18
 5.7996        18
 5.83182       19
 5.83182       19
 5.89626       20
 5.89626       20
 5.92848       21
 5.9607        21
 5.99292       22
 6.02514       23
 6.05736       23
 6.08958       24
 6.1218        24
 6.15402       25
 6.15402       26
 6.21846       26
 6.21846       27
 6.25068       28
 6.2829        28
 6.31512       29
 6.34734       30
 6.37956       30
 6.41178       31
 6.444         32
 6.47622       32
 6.50844       33
 6.54066       34
 6.57288       34
 6.6051        35
 6.63732       36
 6.66954       37
 6.70176       37
 6.73398       38
 6.7662        39
 6.79842       39
 6.83064       40
 6.83064       41
 6.86286       41
 6.89508       42
 6.9273        43
 6.95952       43
 6.99174       44
 7.02396       44
 7.05618       44
 7.0884        45
 7.12062       45
 7.15284       45
 7.18506       45
 7.18506       46
 7.2495        46
 7.2495        46
 7.28172       46
 7.31394       45
 7.34616       45
 7.37838       45
 7.4106        45
 7.44282       44
 7.47504       44
 7.50726       44
 7.50726       44
 7.5717        43
 7.5717        43
 7.60392       42
 7.63614       42
 7.66836       41
 7.70058       41
 7.7328        40
 7.76502       40
 7.79724       40
 7.82946       39
 7.82946       38
 7.8939        38
 7.8939        37
 7.92612       37
 7.95834       36
 7.99056       35
 8.02278       35
 8.055         34
 8.08722       34
 8.11944       33
 8.15166       33
 8.18388       32
 8.18388       32
 8.24832       31
 8.24832       31
 8.28054       30
 8.31276       30
 8.34498       29
 8.3772        29
 8.40942       29
 8.44164       28
 8.47386       28
 8.50608       28
 8.50608       28
 8.57052       27
 8.57052       27
 8.60274       27
 8.63496       27
 8.66718       26
 8.6994        26
 8.73162       26
 8.76384       26
 8.79606       26
 8.82828       26
 8.82828       26
 8.8605        26
 8.89272       26
 8.92494       26
 8.95716       26
 8.98938       26
 9.0216        26
 9.05382       26
 9.08604       27
 9.11826       27
 9.15048       27
 9.15048       27
 9.1827        28
 9.21492       28
 9.24714       28
 9.27936       28
 9.31158       29
 9.3438        29
 9.37602       29
 9.40824       30
 9.44046       30
 9.47268       31
 9.47268       31
 9.5049        32
 9.53712       32
 9.56934       32
 9.60156       33
 9.63378       34
 9.666         34
 9.69822       35
 9.76266       35
 9.76266       36
 9.79488       36
 9.8271        37
 9.85932       38
 9.89154       38
 9.92376       39
 9.95598       40
 9.9882        40
 10.02042      41
 10.05264      42
 10.08486      42
 10.08486      43
 10.11708      44
 10.1493       45
 10.18152      45
 10.21374      46
 10.24596      47
 10.27818      48
 10.3104       49
 10.34262      50
 10.37484      50
 10.40706      51
 10.40706      52
 10.43928      53
 10.4715       54
 10.50372      55
 10.53594      56
 10.56816      57
 10.60038      58
 10.6326       59
 10.66482      60
 10.66482      61
 10.69704      62
 10.72926      63
 10.76148      64
 10.7937       65
 10.82592      66
 10.85814      67
 10.89036      68
 10.92258      69
 10.9548       69
 10.9548       70
 10.98702      71
 11.01924      72
 11.05146      73
 11.08368      74
 11.1159       75
 11.14812      77
 11.18034      78
 11.21256      79
 11.24478      80
 11.24478      82
 11.277        83
 11.30922      84
 11.34144      86
 11.37366      87
 11.40588      88
 11.4381       90
 11.47032      91
 11.50254      92
 11.50254      94
 11.53476      95
 11.56698      96
 11.5992       97
 11.63142      99
 11.66364      101
 11.69586      102
 11.72808      103
 11.7603       104
 11.79252      105
 11.79252      106
 11.82474      107
 11.85696      108
 11.88918      109
 11.9214       110
 11.95362      110
 11.98584      111
 12.01806      111
 12.05028      112
 12.05028      112
 12.0825       113
 12.11472      113
 12.14694      113
 12.17916      113
 12.21138      113
 12.2436       113
 12.27582      112
 12.30804      112
 12.30804      112
 12.34026      112
 12.37248      111
 12.4047       111
 12.43692      110
 12.46914      110
 12.50136      109
 12.53358      109
 12.5658       108
 12.59802      107
 12.59802      107
 12.63024      106
 12.66246      105
 12.69468      104
 12.7269       104
 12.75912      103
 12.79134      102
 12.82356      101
 12.85578      99
 12.85578      98
 12.888        97
 12.92022      96
 12.95244      95
 13.01688      94
 13.0491       93
 13.0491       92
 13.08132      91
 13.11354      90
 13.14576      89
 13.17798      88
 13.2102       87
 13.24242      87
 13.27464      86
 13.30686      85
 13.30686      85
 13.3713       84
 13.3713       84
 13.40352      83
 13.43574      83
 13.46796      82
 13.50018      82
 13.5324       81
 13.56462      81
 13.56462      80
 13.59684      80
 13.62906      80
 13.66128      80
 13.6935       79
 13.72572      79
 13.75794      79
 13.79016      79
 13.82238      79
 13.82238      79
 13.8546       79
 13.88682      79
 13.91904      79
 13.95126      79
 13.98348      79
 14.0157       79
 14.04792      79
 14.08014      79
 14.08014      80
 14.11236      80
 14.14458      80
 14.1768       80
 14.20902      81
 14.24124      81
 14.27346      81
 14.30568      82
 14.3379       82
 14.3379       82
 14.37012      83
 14.40234      83
 14.43456      84
 14.46678      84
 14.499        85
 14.53122      85
 14.53122      86
 14.56344      87
 14.59566      87
 14.62788      88
 14.6601       88
 14.69232      89
 14.72454      90
 14.72454      90
 14.75676      91
 14.78898      92
 14.8212       93
 14.85342      93
 14.88564      94
 14.91786      95
 14.95008      96
 14.9823       97
 14.9823       98
 15.01452      98
 15.04674      99
 15.07896      101
 15.11118      102
 15.1434       103
 15.17562      104
 15.20784      105
 15.20784      106
 15.24006      107
 15.27228      108
 15.3045       109
 15.33672      111
 15.36894      112
 15.40116      113
 15.43338      114
 15.43338      115
 15.4656       116
 15.49782      118
 15.53004      119
 15.56226      120
 15.59448      121
 15.6267       123
 15.6267       124
 15.65892      125
 15.69114      127
 15.72336      128
 15.75558      129
 15.7878       131
 15.82002      132
 15.85224      133
 15.85224      135
 15.88446      136
 15.91668      138
 15.9489       139
 15.98112      141
 16.01334      142
 16.04556      144
 16.07778      145
 16.07778      147
 16.11         148
 16.14222      150
 16.17444      151
 16.20666      153
 16.2711       154
 16.2711       156
 16.30332      157
 16.33554      159
 16.36776      160
 16.39998      162
 16.4322       164
 16.46442      165
 16.49664      167
 16.49664      168
 16.52886      170
 16.56108      171
 16.5933       173
 16.62552      174
 16.65774      176
 16.68996      177
 16.68996      178
 16.72218      180
 16.7544       181
 16.78662      182
 16.81884      183
 16.85106      185
 16.88328      186
 16.88328      187
 16.9155       188
 16.94772      189
 16.97994      189
 17.01216      190
 17.04438      191
 17.0766       191
 17.0766       192
 17.10882      193
 17.14104      193
 17.17326      193
 17.20548      194
 17.2377       194
 17.26992      194
 17.30214      194
 17.30214      195
 17.33436      195
 17.36658      195
 17.3988       195
 17.43102      194
 17.46324      194
 17.49546      194
 17.52768      194
 17.52768      193
 17.5599       193
 17.59212      192
 17.62434      192
 17.65656      191
 17.68878      190
 17.68878      190
 17.721        189
 17.75322      188
 17.78544      187
 17.81766      186
 17.84988      185
 17.8821       185
 17.91432      184
 17.91432      183
 17.94654      182
 17.97876      181
 18.01098      180
 18.0432       179
 18.07542      178
 18.07542      178
 18.10764      177
 18.13986      176
 18.17208      175
 18.2043       174
 18.23652      174
 18.26874      173
 18.30096      173
 18.30096      172
 18.33318      171
 18.3654       171
 18.39762      170
 18.42984      170
 18.46206      169
 18.46206      169
 18.49428      168
 18.5265       168
 18.55872      168
 18.59094      167
 18.62316      167
 18.65538      167
 18.6876       166
 18.6876       165
 18.71982      164
 18.75204      163
 18.78426      162
 18.81648      161
 18.8487       161
 18.8487       160
 18.88092      160
 18.91314      159
 18.94536      159
 18.97758      159
 19.0098       158
 19.0098       158
 19.04202      158
 19.07424      158
 19.10646      158
 19.13868      158
 19.1709       158
 19.20312      158
 19.20312      158
 19.23534      158
 19.26756      158
 19.29978      158
 19.332        159
 19.36422      159
 19.39644      159
 19.39644      160
 19.42866      160
 19.46088      161
 19.52532      161
 19.55754      161
 19.55754      162
 19.58976      162
 19.62198      163
 19.6542       164
 19.68642      164
 19.71864      165
 19.75086      165
 19.75086      166
 19.78308      167
 19.8153       167
 19.84752      168
 19.87974      169
 19.91196      169
 19.91196      170
 19.94418      171
 19.9764       171
 20.00862      171
 20.04084      172
 20.07306      172
 20.10528      173
 20.10528      175
 20.1375       176
 20.16972      177
 20.20194      178
 20.23416      180
 20.26638      181
 20.26638      182
 20.2986       184
 20.33082      185
 20.36304      186
 20.39526      188
 20.42748      189
 20.42748      191
 20.4597       192
 20.49192      194
 20.52414      195
 20.55636      196
 20.58858      198
 20.58858      199
 20.6208       202
 20.65302      203
 20.68524      205
 20.71746      207
 20.74968      208
 20.7819       210
 20.7819       211
 20.81412      213
 20.84634      215
 20.87856      216
 20.91078      218
 20.943        220
 20.943        222
 20.97522      223
 21.00744      225
 21.03966      227
 21.07188      228
 21.1041       230
 21.1041       232
 21.13632      234
 21.16854      236
 21.20076      238
 21.23298      239
 21.2652       241
 21.2652       243
 21.29742      245
 21.32964      247
 21.36186      249
 21.39408      251
 21.4263       253
 21.45852      255
 21.45852      257
 21.49074      259
 21.52296      261
 21.55518      263
 21.5874       265
 21.61962      267
 21.61962      270
 21.65184      272
 21.68406      274
 21.71628      276
 21.7485       278
 21.78072      281
 21.78072      283
 21.81294      286
 21.84516      288
 21.87738      285
 21.9096       282
 21.9096       280
 21.94182      278
 21.97404      276
 22.00626      275
 22.03848      274
 22.0707       274
 22.0707       273
 22.10292      273
 22.13514      273
 22.16736      272
 22.19958      271
 22.2318       271
 22.2318       270
 22.26402      271
 22.29624      271
 22.32846      271
 22.36068      271
 22.3929       272
 22.3929       272
 22.42512      273
 22.45734      273
 22.48956      273
 22.52178      274
 22.554        275
 22.554        275
 22.58622      276
 22.61844      276
 22.65066      277
 22.68288      278
 22.68288      279
 22.74732      279
 22.77954      280
 22.81176      281
 22.84398      282
 22.84398      282
 22.8762       283
 22.90842      284
 22.94064      284
 22.97286      285
 23.00508      286
 23.00508      286
 23.0373       286
 23.06952      287
 23.10174      287
 23.13396      287
 23.13396      288
 23.16618      288
 23.1984       288
 23.23062      288
 23.26284      288
 23.29506      288
 23.29506      288
 23.32728      288
 23.3595       289
 23.39172      288
 23.42394      288
 23.45616      288
 23.45616      288
 23.48838      288
 23.5206       288
 23.55282      288
 23.58504      288
 23.58504      289
 23.61726      288
 23.64948      286
 23.6817       283
 23.71392      281
 23.74614      280
 23.74614      280
 23.77836      280
 23.81058      280
 23.8428       281
 23.87502      282
 23.87502      282
 23.90724      283
 23.93946      284
 23.97168      284
 24.0039       285
 24.03612      286
 24.03612      287
 24.06834      287
 24.10056      288
 24.13278      289
 24.165        290
 24.165        291
 24.19722      291
 24.22944      292
 24.26166      293
 24.29388      293
 24.3261       294
 24.3261       295
 24.35832      295
 24.39054      296
 24.42276      296
 24.42276      297
 24.45498      297
 24.4872       298
 24.51942      298
 24.55164      298
 24.58386      299
 24.58386      299
 24.61608      299
 24.6483       300
 24.68052      300
 24.71274      300
 24.71274      300
 24.74496      301
 24.77718      301
 24.8094       301
 24.84162      301
 24.84162      301
 24.87384      301
 24.90606      301
 24.93828      300
 24.9705       300
 24.9705       300
 25.00272      299
 25.03494      299
 25.06716      299
 25.09938      299
 25.1316       298
 25.1316       298
 25.16382      297
 25.19604      296
 25.22826      296
 25.22826      295
 25.26048      295
 25.2927       295
 25.32492      294
 25.35714      294
 25.35714      294
 25.38936      294
 25.42158      294
 25.4538       293
 25.48602      293
 25.51824      293
 25.51824      293
 25.55046      293
 25.58268      293
 25.6149       292
 25.64712      292
 25.64712      292
 25.67934      292
 25.71156      292
 25.74378      292
 25.776        291
 25.776        292
 25.80822      292
 25.84044      292
 25.87266      292
 25.90488      292
 25.90488      292
 25.9371       293
 25.96932      293
 26.03376      294
 26.03376      294
 26.06598      295
 26.0982       295
 26.13042      296
 26.16264      296
 26.16264      297
 26.19486      298
 26.22708      298
 26.2593       299
 26.29152      300
 26.29152      301
 26.32374      303
 26.35596      303
 26.38818      304
 26.4204       305
 26.4204       306
 26.45262      306
 26.48484      307
 26.51706      308
 26.54928      309
 26.54928      310
 26.5815       310
 26.61372      311
 26.64594      312
 26.67816      312
 26.67816      312
 26.71038      312
 26.7426       313
 26.77482      313
 26.77482      313
 26.80704      313
 26.83926      312
 26.87148      312
 26.9037       312
 26.93592      312
 26.93592      311
 26.96814      311
 27.00036      310
 27.03258      310
 27.03258      310
 27.0648       309
 27.09702      309
 27.12924      309
 27.16146      308
 27.16146      308
 27.19368      308
 27.2259       307
 27.25812      307
 27.29034      307
 27.29034      307
 27.32256      307
 27.35478      307
 27.387        308
 27.41922      308
 27.41922      308
 27.45144      308
 27.48366      309
 27.51588      309
 27.51588      309
 27.5481       310
 27.58032      310
 27.61254      311
 27.61254      311
 27.64476      312
 27.67698      312
 27.7092       313
 27.74142      313
 27.74142      314
 27.77364      314
 27.80586      315
 27.83808      315
 27.8703       316
 27.8703       316
 27.90252      317
 27.93474      317
 27.96696      318
 27.96696      318
 27.99918      318
 28.0314       319
 28.06362      319
 28.09584      320
 28.09584      320
 28.12806      320
 28.16028      321
 28.1925       321
 28.1925       322
 28.22472      322
 28.25694      323
 28.28916      323
 28.32138      324
 28.32138      324
 28.3536       325
 28.38582      325
 28.41804      326
 28.41804      326
 28.45026      327
 28.48248      328
 28.5147       328
 28.54692      329
 28.54692      329
