 0             0
 0             0
 0             0
 0             0
 3.222e-002    0
 6.444e-002    0
 9.666e-002    0
 9.666e-002    0
 0.1611        0
 0.1611        0
 0.19332       0
 0.22554       0
 0.22554       0
 0.25776       0
 0.28998       0
 0.28998       0
 0.35442       0
 0.35442       0
 0.38664       0
 0.41886       0
 0.45108       0
 0.45108       0
 0.51552       0
 0.51552       0
 0.54774       0
 0.57996       0
 0.57996       0
 0.6444        0
 0.67662       0
 0.67662       0
 0.70884       0
 0.74106       0
 0.74106       0
 0.8055        0
 0.8055        0
 0.83772       0
 0.90216       0
 0.90216       0
 0.93438       0
 0.9666        0
 0.9666        0
 0.99882       0
 1.03104       0
 1.06326       0
 1.09548       0
 1.1277        0
 1.1277        0
 1.19214       0
 1.19214       0
 1.22436       0
 1.25658       0
 1.2888        0
 1.2888        0
 1.35324       0
 1.35324       0
 1.38546       0
 1.41768       0
 1.4499        0
 1.48212       0
 1.51434       0
 1.51434       0
 1.54656       0
 1.57878       0
 1.611         0
 1.64322       0
 1.67544       0
 1.67544       0
 1.73988       0
 1.73988       0
 1.7721        0
 1.80432       0
 1.83654       0
 1.86876       0
 1.90098       0
 1.90098       0
 1.9332        0
 1.96542       0
 1.99764       0
 2.02986       0
 2.06208       0
 2.06208       0
 2.12652       0
 2.12652       0
 2.15874       0
 2.19096       0
 2.22318       0
 2.2554        0
 2.28762       0
 2.28762       0
 2.31984       0
 2.35206       0
 2.38428       0
 2.4165        0
 2.44872       0
 2.44872       0
 2.51316       0
 2.51316       0
 2.54538       0
 2.5776        0
 2.60982       0
 2.64204       0
 2.67426       0
 2.67426       0
 2.70648       0
 2.7387        0
 2.77092       0
 2.80314       0
 2.83536       0
 2.83536       0
 2.8998        0
 2.8998        0
 2.93202       0
 2.96424       0
 2.99646       0
 3.02868       0
 3.0609        0
 3.0609        0
 3.09312       0
 3.12534       0
 3.15756       0
 3.18978       0
 3.25422       0
 3.25422       0
 3.28644       0
 3.31866       0
 3.35088       0
 3.3831        0
 3.41532       0
 3.41532       0
 3.47976       0
 3.47976       0
 3.51198       0
 3.5442        0
 3.57642       0
 3.60864       0
 3.64086       0
 3.64086       0
 3.7053        0
 3.7053        0
 3.73752       0
 3.76974       0
 3.80196       0
 3.83418       0
 3.8664        0
 3.8664        0
 3.89862       0
 3.93084       0
 3.96306       0
 3.99528       0
 4.0275        0
 4.05972       0
 4.09194       0
 4.09194       0
 4.12416       0
 4.15638       0
 4.1886        0
 4.22082       0
 4.25304       0
 4.28526       0
 4.28526       0
 4.3497        0
 4.3497        0
 4.38192       0
 4.41414       0
 4.44636       0
 4.47858       0
 4.5108        0
 4.5108        0
 4.57524       0
 4.57524       0
 4.60746       0
 4.63968       0
 4.6719        0
 4.70412       0
 4.73634       0
 4.76856       0
 4.76856       0
 4.80078       0
 4.833         0
 4.86522       0
 4.89744       0
 4.92966       1
 4.96188       1
 4.9941        1
 4.9941        1
 5.05854       1
 5.05854       1
 5.09076       1
 5.12298       1
 5.1552        1
 5.18742       2
 5.21964       2
 5.21964       2
 5.25186       2
 5.28408       2
 5.3163        3
 5.34852       3
 5.38074       3
 5.41296       3
 5.44518       3
 5.4774        3
 5.4774        4
 5.50962       3
 5.54184       4
 5.57406       4
 5.60628       4
 5.6385        4
 5.67072       5
 5.70294       5
 5.70294       5
 5.73516       5
 5.76738       5
 5.7996        6
 5.83182       6
 5.86404       6
 5.89626       6
 5.92848       6
 5.92848       6
 5.9607        7
 5.99292       7
 6.02514       7
 6.05736       8
 6.08958       8
 6.1218        8
 6.15402       8
 6.18624       9
 6.18624       9
 6.21846       9
 6.25068       9
 6.2829        10
 6.31512       10
 6.34734       10
 6.37956       11
 6.41178       11
 6.41178       11
 6.444         12
 6.50844       12
 6.54066       12
 6.57288       13
 6.6051        13
 6.63732       13
 6.66954       13
 6.66954       14
 6.70176       14
 6.73398       14
 6.7662        14
 6.79842       15
 6.83064       15
 6.86286       15
 6.86286       16
 6.9273        16
 6.9273        16
 6.95952       16
 6.99174       16
 7.02396       16
 7.05618       16
 7.0884        16
 7.0884        17
 7.15284       16
 7.15284       16
 7.18506       17
 7.21728       16
 7.2495        16
 7.28172       16
 7.31394       16
 7.34616       16
 7.34616       16
 7.37838       15
 7.4106        15
 7.44282       15
 7.47504       15
 7.50726       15
 7.53948       15
 7.5717        14
 7.5717        14
 7.60392       14
 7.63614       13
 7.66836       14
 7.70058       13
 7.7328        13
 7.76502       13
 7.79724       12
 7.79724       12
 7.82946       12
 7.86168       11
 7.8939        11
 7.92612       11
 7.95834       11
 7.99056       11
 8.02278       10
 8.055         10
 8.055         10
 8.08722       10
 8.11944       9
 8.15166       9
 8.18388       9
 8.2161        9
 8.24832       9
 8.28054       8
 8.28054       8
 8.31276       8
 8.34498       8
 8.3772        8
 8.40942       8
 8.44164       8
 8.47386       8
 8.50608       7
 8.50608       7
 8.5383        8
 8.57052       7
 8.60274       7
 8.63496       7
 8.66718       7
 8.6994        7
 8.73162       7
 8.73162       7
 8.76384       7
 8.79606       7
 8.82828       7
 8.8605        7
 8.89272       7
 8.92494       7
 8.95716       8
 8.98938       7
 8.98938       7
 9.0216        8
 9.05382       8
 9.08604       8
 9.11826       8
 9.15048       8
 9.15048       8
 9.21492       8
 9.21492       8
 9.24714       9
 9.27936       9
 9.31158       9
 9.3438        9
 9.37602       9
 9.37602       10
 9.44046       10
 9.44046       10
 9.47268       11
 9.5049        11
 9.53712       11
 9.56934       11
 9.60156       11
 9.63378       12
 9.63378       12
 9.666         12
 9.69822       14
 9.76266       14
 9.79488       14
 9.8271        14
 9.85932       14
 9.85932       14
 9.89154       15
 9.92376       15
 9.95598       15
 9.9882        16
 10.02042      16
 10.05264      16
 10.05264      17
 10.08486      17
 10.11708      18
 10.1493       18
 10.18152      18
 10.21374      19
 10.24596      19
 10.27818      19
 10.27818      20
 10.3104       20
 10.34262      21
 10.37484      22
 10.40706      22
 10.43928      22
 10.4715       23
 10.50372      23
 10.50372      24
 10.53594      25
 10.56816      25
 10.60038      25
 10.6326       26
 10.66482      26
 10.66482      27
 10.69704      28
 10.72926      28
 10.76148      29
 10.7937       29
 10.82592      30
 10.85814      31
 10.89036      31
 10.89036      32
 10.92258      33
 10.9548       33
 10.98702      34
 11.01924      34
 11.05146      35
 11.08368      36
 11.1159       36
 11.1159       37
 11.14812      38
 11.18034      38
 11.21256      39
 11.24478      40
 11.277        40
 11.30922      41
 11.30922      42
 11.34144      42
 11.37366      43
 11.40588      44
 11.4381       44
 11.47032      45
 11.50254      46
 11.50254      46
 11.53476      47
 11.56698      47
 11.5992       48
 11.63142      48
 11.66364      49
 11.69586      49
 11.69586      49
 11.72808      49
 11.7603       50
 11.79252      50
 11.82474      50
 11.85696      50
 11.88918      50
 11.9214       50
 11.9214       50
 11.95362      50
 11.98584      49
 12.01806      49
 12.05028      49
 12.0825       48
 12.0825       48
 12.11472      47
 12.14694      47
 12.17916      47
 12.21138      46
 12.2436       45
 12.27582      45
 12.30804      44
 12.30804      44
 12.34026      43
 12.37248      42
 12.4047       42
 12.43692      41
 12.46914      40
 12.46914      40
 12.50136      39
 12.53358      38
 12.5658       38
 12.59802      37
 12.63024      36
 12.66246      36
 12.69468      35
 12.69468      34
 12.7269       33
 12.75912      32
 12.79134      32
 12.82356      31
 12.85578      30
 12.85578      30
 12.888        29
 12.92022      28
 12.95244      28
 13.01688      27
 13.0491       26
 13.0491       26
 13.08132      25
 13.11354      25
 13.14576      24
 13.17798      24
 13.2102       24
 13.24242      23
 13.24242      22
 13.27464      22
 13.30686      22
 13.33908      21
 13.3713       21
 13.40352      21
 13.40352      20
 13.43574      21
 13.46796      20
 13.50018      20
 13.5324       20
 13.56462      19
 13.59684      19
 13.62906      19
 13.62906      19
 13.66128      19
 13.6935       19
 13.72572      19
 13.75794      19
 13.79016      19
 13.79016      19
 13.82238      19
 13.8546       19
 13.88682      19
 13.91904      20
 13.95126      20
 13.95126      20
 13.98348      20
 14.0157       20
 14.04792      20
 14.08014      21
 14.11236      21
 14.14458      21
 14.1768       21
 14.1768       21
 14.20902      22
 14.24124      22
 14.27346      22
 14.30568      23
 14.3379       23
 14.3379       24
 14.37012      24
 14.40234      24
 14.43456      25
 14.46678      25
 14.499        26
 14.499        26
 14.53122      27
 14.56344      27
 14.59566      28
 14.62788      28
 14.6601       28
 14.6601       29
 14.69232      29
 14.72454      30
 14.75676      31
 14.78898      31
 14.8212       32
 14.85342      32
 14.85342      33
 14.88564      34
 14.91786      34
 14.95008      35
 14.9823       36
 15.01452      36
 15.01452      37
 15.04674      38
 15.07896      38
 15.11118      39
 15.1434       40
 15.17562      40
 15.17562      41
 15.20784      42
 15.24006      42
 15.27228      43
 15.3045       44
 15.33672      45
 15.33672      46
 15.36894      46
 15.40116      47
 15.43338      48
 15.4656       49
 15.49782      50
 15.49782      51
 15.53004      51
 15.56226      52
 15.59448      53
 15.6267       54
 15.65892      55
 15.69114      56
 15.69114      57
 15.72336      58
 15.75558      59
 15.7878       59
 15.82002      61
 15.85224      61
 15.85224      62
 15.88446      64
 15.91668      64
 15.9489       65
 15.98112      67
 16.01334      67
 16.01334      69
 16.04556      69
 16.07778      70
 16.11         72
 16.14222      72
 16.14222      73
 16.17444      75
 16.20666      75
 16.2711       76
 16.30332      78
 16.33554      78
 16.33554      79
 16.36776      80
 16.39998      81
 16.4322       82
 16.46442      83
 16.49664      83
 16.49664      84
 16.52886      84
 16.56108      85
 16.5933       86
 16.62552      86
 16.62552      86
 16.65774      87
 16.68996      87
 16.72218      87
 16.7544       87
 16.78662      87
 16.78662      87
 16.81884      87
 16.85106      87
 16.88328      87
 16.9155       86
 16.94772      86
 16.94772      86
 16.97994      85
 17.01216      85
 17.04438      85
 17.0766       84
 17.10882      84
 17.10882      83
 17.14104      82
 17.17326      82
 17.20548      81
 17.2377       80
 17.26992      80
 17.26992      79
 17.30214      78
 17.33436      78
 17.36658      77
 17.3988       76
 17.3988       75
 17.43102      74
 17.46324      73
 17.49546      71
 17.52768      71
 17.5599       69
 17.59212      68
 17.59212      68
 17.62434      66
 17.65656      65
 17.68878      64
 17.721        63
 17.721        62
 17.75322      61
 17.78544      60
 17.81766      59
 17.84988      58
 17.8821       57
 17.8821       57
 17.91432      56
 17.94654      55
 17.97876      54
 18.01098      53
 18.0432       52
 18.0432       52
 18.07542      51
 18.10764      50
 18.13986      50
 18.17208      49
 18.17208      48
 18.2043       47
 18.23652      47
 18.26874      46
 18.30096      45
 18.33318      45
 18.33318      45
 18.3654       44
 18.39762      43
 18.42984      43
 18.46206      42
 18.46206      42
 18.49428      42
 18.5265       41
 18.55872      41
 18.59094      41
 18.62316      41
 18.62316      41
 18.65538      40
 18.6876       40
 18.71982      40
 18.75204      40
 18.75204      40
 18.78426      40
 18.81648      40
 18.8487       40
 18.88092      40
 18.91314      40
 18.91314      40
 18.94536      40
 18.97758      40
 19.0098       40
 19.04202      40
 19.04202      40
 19.07424      41
 19.10646      41
 19.13868      41
 19.1709       41
 19.20312      41
 19.20312      42
 19.23534      42
 19.26756      42
 19.29978      43
 19.332        43
 19.36422      43
 19.36422      44
 19.39644      44
 19.42866      45
 19.46088      45
 19.4931       45
 19.52532      46
 19.55754      47
 19.58976      47
 19.62198      48
 19.6542       48
 19.6542       49
 19.68642      49
 19.71864      50
 19.75086      50
 19.78308      51
 19.78308      52
 19.8153       53
 19.84752      53
 19.87974      54
 19.91196      55
 19.91196      55
 19.94418      56
 19.9764       57
 20.00862      57
 20.04084      58
 20.04084      59
 20.07306      60
 20.10528      61
 20.1375       62
 20.16972      62
 20.16972      63
 20.20194      64
 20.23416      65
 20.26638      66
 20.2986       67
 20.33082      67
 20.33082      69
 20.36304      69
 20.39526      70
 20.42748      72
 20.4597       72
 20.4597       73
 20.49192      75
 20.52414      75
 20.55636      76
 20.58858      78
 20.58858      78
 20.6208       80
 20.65302      81
 20.68524      82
 20.71746      83
 20.71746      84
 20.74968      85
 20.7819       86
 20.81412      87
 20.84634      88
 20.84634      90
 20.87856      90
 20.91078      92
 20.943        93
 20.97522      94
 20.97522      95
 21.00744      96
 21.03966      97
 21.07188      99
 21.1041       101
 21.1041       102
 21.13632      103
 21.16854      104
 21.20076      105
 21.23298      106
 21.2652       107
 21.2652       108
 21.29742      109
 21.32964      110
 21.36186      111
 21.36186      112
 21.39408      112
 21.4263       113
 21.45852      114
 21.49074      114
 21.49074      114
 21.52296      114
 21.55518      114
 21.5874       115
 21.61962      115
 21.61962      115
 21.65184      116
 21.68406      116
 21.71628      116
 21.7485       117
 21.7485       117
 21.78072      117
 21.81294      117
 21.84516      118
 21.87738      115
 21.87738      112
 21.9096       110
 21.94182      110
 21.97404      109
 22.00626      108
 22.00626      108
 22.03848      107
 22.0707       107
 22.10292      107
 22.13514      106
 22.13514      106
 22.16736      106
 22.19958      106
 22.2318       105
 22.26402      105
 22.26402      104
 22.29624      104
 22.32846      103
 22.36068      102
 22.3929       102
 22.3929       101
 22.42512      100
 22.45734      99
 22.48956      98
 22.48956      97
 22.52178      97
 22.554        96
 22.58622      95
 22.61844      94
 22.65066      93
 22.65066      93
 22.68288      92
 22.7151       91
 22.77954      91
 22.77954      90
 22.81176      89
 22.84398      88
 22.8762       87
 22.8762       87
 22.90842      86
 22.94064      85
 22.97286      84
 23.00508      83
 23.00508      82
 23.0373       82
 23.06952      81
 23.10174      80
 23.10174      80
 23.13396      79
 23.16618      78
 23.1984       78
 23.23062      77
 23.23062      76
 23.26284      76
 23.29506      75
 23.32728      74
 23.3595       74
 23.3595       73
 23.39172      73
 23.42394      73
 23.45616      72
 23.45616      72
 23.48838      71
 23.5206       71
 23.55282      71
 23.58504      70
 23.58504      70
 23.61726      69
 23.64948      69
 23.6817       72
 23.71392      74
 23.71392      73
 23.74614      72
 23.77836      71
 23.81058      70
 23.81058      70
 23.8428       69
 23.87502      69
 23.90724      69
 23.93946      68
 23.93946      68
 23.97168      68
 24.0039       68
 24.03612      67
 24.06834      68
 24.06834      67
 24.10056      67
 24.13278      67
 24.165        67
 24.165        67
 24.19722      67
 24.22944      68
 24.26166      67
 24.29388      68
 24.29388      68
 24.3261       68
 24.35832      68
 24.39054      68
 24.42276      68
 24.42276      69
 24.45498      69
 24.4872       69
 24.51942      70
 24.51942      70
 24.55164      71
 24.58386      71
 24.61608      71
 24.61608      72
 24.6483       73
 24.68052      73
 24.71274      73
 24.74496      74
 24.74496      74
 24.77718      75
 24.8094       76
 24.84162      76
 24.84162      77
 24.87384      77
 24.90606      78
 24.93828      79
 24.9705       79
 24.9705       80
 25.00272      81
 25.03494      81
 25.06716      82
 25.06716      83
 25.09938      84
 25.1316       85
 25.16382      85
 25.16382      86
 25.19604      87
 25.22826      88
 25.26048      89
 25.26048      90
 25.2927       90
 25.32492      91
 25.35714      93
 25.38936      93
 25.38936      94
 25.42158      95
 25.4538       96
 25.48602      97
 25.51824      98
 25.51824      99
 25.55046      101
 25.58268      102
 25.6149       103
 25.6149       104
 25.64712      105
 25.67934      106
 25.71156      108
 25.71156      109
 25.74378      110
 25.776        111
 25.80822      112
 25.80822      113
 25.84044      114
 25.87266      115
 25.90488      117
 25.9371       118
 25.9371       119
 25.96932      120
 26.03376      121
 26.03376      122
 26.06598      123
 26.0982       124
 26.13042      125
 26.16264      127
 26.16264      127
 26.19486      129
 26.22708      130
 26.2593       130
 26.2593       132
 26.29152      132
 26.32374      133
 26.35596      134
 26.35596      135
 26.38818      136
 26.4204       137
 26.45262      138
 26.45262      138
 26.48484      139
 26.51706      140
 26.54928      141
 26.5815       141
 26.5815       142
 26.61372      143
 26.64594      143
 26.67816      144
 26.67816      144
 26.71038      145
 26.7426       145
 26.77482      146
 26.77482      146
 26.80704      146
 26.83926      147
 26.87148      147
 26.87148      147
 26.9037       148
 26.93592      148
 26.96814      148
 26.96814      148
 27.00036      148
 27.03258      148
 27.0648       148
 27.0648       147
 27.09702      148
 27.12924      147
 27.16146      147
 27.16146      147
 27.19368      146
 27.2259       146
 27.25812      146
 27.29034      145
 27.29034      145
 27.32256      145
 27.35478      144
 27.35478      144
 27.387        143
 27.41922      143
 27.45144      143
 27.48366      142
 27.48366      142
 27.51588      141
 27.5481       141
 27.5481       140
