 0             0
 0             0
 0             0
 0             0
 3.222e-002    0
 3.222e-002    0
 6.444e-002    0
 0.12888       0
 0.12888       0
 0.1611        0
 0.19332       0
 0.19332       0
 0.25776       0
 0.25776       0
 0.28998       0
 0.35442       0
 0.35442       0
 0.35442       0
 0.41886       0
 0.41886       0
 0.45108       0
 0.51552       0
 0.51552       0
 0.54774       0
 0.57996       0
 0.57996       0
 0.6444        0
 0.6444        0
 0.67662       0
 0.70884       0
 0.74106       0
 0.74106       0
 0.8055        0
 0.8055        0
 0.83772       0
 0.90216       0
 0.90216       0
 0.93438       0
 0.9666        0
 0.9666        0
 1.03104       0
 1.06326       0
 1.06326       0
 1.1277        0
 1.1277        0
 1.15992       0
 1.19214       0
 1.22436       0
 1.25658       0
 1.2888        0
 1.2888        0
 1.32102       0
 1.35324       0
 1.38546       0
 1.41768       0
 1.4499        0
 1.4499        0
 1.51434       0
 1.51434       0
 1.54656       0
 1.611         0
 1.611         0
 1.64322       0
 1.67544       0
 1.70766       0
 1.73988       0
 1.7721        0
 1.7721        0
 1.83654       0
 1.83654       0
 1.86876       0
 1.90098       0
 1.9332        0
 1.96542       0
 1.99764       0
 1.99764       0
 2.02986       0
 2.0943        0
 2.0943        0
 2.12652       0
 2.15874       0
 2.19096       0
 2.22318       0
 2.2554        0
 2.2554        0
 2.31984       0
 2.31984       0
 2.35206       0
 2.38428       0
 2.4165        0
 2.44872       0
 2.48094       0
 2.51316       0
 2.54538       0
 2.5776        0
 2.5776        0
 2.64204       0
 2.64204       0
 2.67426       0
 2.70648       0
 2.7387        0
 2.77092       0
 2.80314       0
 2.80314       0
 2.83536       0
 2.8998        0
 2.8998        0
 2.93202       0
 2.96424       0
 2.99646       0
 3.02868       0
 3.0609        0
 3.0609        0
 3.12534       0
 3.12534       0
 3.15756       0
 3.18978       0
 3.25422       0
 3.28644       0
 3.31866       0
 3.31866       0
 3.35088       0
 3.3831        0
 3.41532       0
 3.44754       0
 3.47976       0
 3.51198       0
 3.5442        0
 3.57642       0
 3.57642       0
 3.64086       0
 3.64086       0
 3.67308       0
 3.7053        0
 3.73752       0
 3.76974       0
 3.80196       0
 3.83418       0
 3.8664        0
 3.89862       0
 3.89862       0
 3.96306       0
 3.96306       0
 3.99528       0
 4.0275        0
 4.05972       0
 4.09194       0
 4.12416       0
 4.15638       0
 4.1886        0
 4.22082       0
 4.22082       0
 4.28526       0
 4.28526       0
 4.31748       0
 4.3497        0
 4.38192       0
 4.41414       0
 4.44636       0
 4.47858       0
 4.5108        0
 4.54302       0
 4.54302       0
 4.60746       0
 4.60746       0
 4.63968       0
 4.6719        0
 4.70412       0
 4.73634       0
 4.76856       0
 4.80078       0
 4.833         0
 4.86522       0
 4.86522       0
 4.89744       0
 4.92966       0
 4.96188       0
 4.9941        1
 5.02632       1
 5.05854       1
 5.09076       1
 5.12298       1
 5.1552        1
 5.18742       1
 5.18742       1
 5.21964       2
 5.25186       2
 5.28408       2
 5.3163        2
 5.34852       2
 5.38074       2
 5.41296       2
 5.44518       3
 5.4774        3
 5.50962       3
 5.54184       3
 5.54184       3
 5.60628       3
 5.60628       4
 5.6385        4
 5.67072       4
 5.70294       4
 5.73516       4
 5.76738       5
 5.7996        5
 5.83182       5
 5.86404       5
 5.86404       5
 5.92848       6
 5.92848       6
 5.9607        6
 5.99292       6
 6.02514       7
 6.05736       7
 6.08958       7
 6.1218        7
 6.15402       8
 6.18624       8
 6.18624       8
 6.25068       8
 6.25068       9
 6.2829        9
 6.31512       9
 6.34734       9
 6.37956       10
 6.41178       10
 6.444         10
 6.47622       11
 6.54066       11
 6.54066       11
 6.57288       11
 6.6051        12
 6.63732       12
 6.66954       12
 6.70176       12
 6.73398       13
 6.7662        13
 6.79842       13
 6.79842       14
 6.86286       14
 6.86286       14
 6.89508       14
 6.9273        14
 6.95952       15
 6.99174       15
 7.02396       15
 7.05618       15
 7.0884        15
 7.12062       15
 7.15284       15
 7.18506       15
 7.18506       15
 7.21728       15
 7.2495        15
 7.28172       15
 7.31394       14
 7.34616       14
 7.37838       14
 7.4106        14
 7.44282       14
 7.47504       14
 7.50726       14
 7.50726       13
 7.53948       13
 7.5717        13
 7.60392       13
 7.63614       13
 7.66836       12
 7.70058       12
 7.7328        12
 7.76502       12
 7.79724       11
 7.82946       11
 7.82946       11
 7.86168       11
 7.8939        10
 7.92612       10
 7.95834       10
 7.99056       9
 8.02278       9
 8.055         9
 8.08722       9
 8.11944       9
 8.15166       8
 8.15166       8
 8.18388       8
 8.2161        8
 8.24832       8
 8.28054       7
 8.31276       7
 8.34498       7
 8.3772        7
 8.40942       7
 8.44164       7
 8.47386       7
 8.47386       6
 8.50608       6
 8.5383        6
 8.57052       6
 8.60274       6
 8.63496       6
 8.66718       6
 8.6994        6
 8.73162       6
 8.73162       6
 8.79606       6
 8.79606       6
 8.82828       6
 8.8605        6
 8.89272       6
 8.92494       6
 8.95716       6
 8.98938       6
 9.0216        6
 9.05382       6
 9.05382       6
 9.08604       7
 9.11826       7
 9.15048       7
 9.1827        7
 9.21492       7
 9.24714       7
 9.27936       7
 9.31158       7
 9.3438        8
 9.37602       8
 9.37602       8
 9.40824       8
 9.44046       8
 9.47268       9
 9.5049        9
 9.53712       9
 9.56934       9
 9.60156       9
 9.63378       9
 9.666         9
 9.69822       9
 9.69822       9
 9.76266       10
 9.79488       10
 9.8271        10
 9.85932       10
 9.89154       11
 9.92376       11
 9.95598       11
 9.95598       12
 9.9882        12
 10.02042      12
 10.05264      13
 10.08486      13
 10.11708      13
 10.1493       14
 10.18152      14
 10.21374      15
 10.21374      15
 10.24596      15
 10.27818      16
 10.3104       16
 10.34262      17
 10.37484      17
 10.40706      17
 10.43928      18
 10.4715       18
 10.4715       19
 10.53594      19
 10.53594      20
 10.56816      20
 10.60038      21
 10.6326       21
 10.66482      22
 10.69704      22
 10.72926      22
 10.76148      23
 10.7937       23
 10.7937       24
 10.82592      24
 10.85814      25
 10.89036      25
 10.92258      26
 10.9548       26
 10.98702      27
 11.01924      27
 11.05146      28
 11.05146      29
 11.08368      29
 11.1159       30
 11.14812      30
 11.18034      31
 11.21256      31
 11.24478      32
 11.277        32
 11.30922      33
 11.34144      34
 11.34144      34
 11.37366      35
 11.40588      35
 11.4381       36
 11.47032      36
 11.50254      37
 11.53476      38
 11.56698      38
 11.5992       38
 11.5992       38
 11.63142      38
 11.66364      39
 11.69586      39
 11.72808      39
 11.7603       40
 11.79252      40
 11.82474      40
 11.82474      40
 11.85696      41
 11.88918      41
 11.9214       41
 11.95362      41
 11.98584      41
 12.01806      41
 12.05028      41
 12.0825       41
 12.0825       41
 12.11472      40
 12.14694      40
 12.17916      40
 12.21138      40
 12.2436       39
 12.27582      39
 12.30804      39
 12.34026      39
 12.37248      38
 12.37248      38
 12.4047       38
 12.43692      37
 12.46914      37
 12.50136      36
 12.53358      36
 12.5658       35
 12.59802      35
 12.59802      34
 12.63024      34
 12.66246      33
 12.69468      33
 12.7269       32
 12.75912      32
 12.79134      31
 12.82356      31
 12.85578      30
 12.85578      30
 12.888        29
 12.92022      28
 12.95244      28
 13.01688      28
 13.0491       27
 13.08132      27
 13.11354      26
 13.11354      26
 13.14576      25
 13.17798      25
 13.2102       25
 13.24242      24
 13.27464      24
 13.30686      24
 13.33908      23
 13.33908      23
 13.3713       23
 13.40352      22
 13.43574      20
 13.46796      19
 13.50018      18
 13.5324       17
 13.56462      16
 13.56462      16
 13.59684      15
 13.62906      15
 13.66128      14
 13.6935       14
 13.72572      14
 13.75794      14
 13.79016      14
 13.82238      14
 13.82238      14
 13.8546       14
 13.88682      14
 13.91904      14
 13.95126      15
 13.98348      15
 14.0157       15
 14.0157       15
 14.04792      15
 14.08014      16
 14.11236      16
 14.14458      16
 14.1768       16
 14.20902      17
 14.24124      17
 14.24124      17
 14.27346      17
 14.30568      18
 14.3379       18
 14.37012      18
 14.40234      19
 14.43456      19
 14.46678      19
 14.46678      20
 14.499        20
 14.53122      20
 14.56344      21
 14.59566      21
 14.62788      22
 14.6601       22
 14.69232      22
 14.69232      23
 14.72454      23
 14.75676      24
 14.78898      24
 14.8212       24
 14.85342      25
 14.88564      25
 14.91786      26
 14.91786      26
 14.95008      27
 14.9823       27
 15.01452      28
 15.04674      28
 15.07896      29
 15.11118      29
 15.1434       30
 15.1434       30
 15.17562      31
 15.20784      31
 15.24006      32
 15.27228      32
 15.3045       33
 15.33672      33
 15.33672      34
 15.36894      34
 15.40116      35
 15.43338      36
 15.4656       36
 15.49782      37
 15.53004      37
 15.56226      38
 15.56226      38
 15.59448      39
 15.6267       39
 15.65892      40
 15.69114      40
 15.72336      41
 15.75558      41
 15.75558      42
 15.7878       43
 15.82002      44
 15.85224      44
 15.88446      45
 15.91668      46
 15.9489       46
 15.98112      47
 15.98112      48
 16.01334      49
 16.04556      50
 16.07778      50
 16.11         51
 16.14222      52
 16.17444      52
 16.17444      53
 16.20666      54
 16.2711       55
 16.30332      56
 16.33554      56
 16.36776      57
 16.36776      58
 16.39998      58
 16.4322       59
 16.46442      60
 16.49664      60
 16.52886      61
 16.56108      62
 16.56108      62
 16.5933       63
 16.62552      63
 16.65774      64
 16.68996      64
 16.72218      65
 16.72218      65
 16.7544       65
 16.78662      66
 16.81884      66
 16.85106      66
 16.88328      66
 16.9155       66
 16.94772      67
 16.94772      67
 16.97994      67
 17.01216      67
 17.04438      67
 17.0766       67
 17.10882      67
 17.14104      66
 17.14104      66
 17.17326      66
 17.20548      66
 17.2377       66
 17.26992      66
 17.30214      65
 17.33436      65
 17.33436      65
 17.36658      64
 17.3988       64
 17.43102      64
 17.46324      63
 17.49546      63
 17.52768      62
 17.52768      62
 17.5599       61
 17.59212      61
 17.62434      60
 17.65656      59
 17.68878      59
 17.721        58
 17.721        58
 17.75322      57
 17.78544      57
 17.81766      56
 17.84988      56
 17.8821       55
 17.8821       54
 17.91432      54
 17.94654      53
 17.97876      53
 18.01098      53
 18.0432       52
 18.07542      52
 18.07542      51
 18.10764      51
 18.13986      50
 18.17208      50
 18.2043       50
 18.23652      49
 18.26874      49
 18.26874      48
 18.30096      48
 18.33318      48
 18.3654       47
 18.39762      47
 18.42984      47
 18.42984      46
 18.46206      46
 18.49428      46
 18.5265       46
 18.55872      46
 18.59094      45
 18.62316      45
 18.62316      45
 18.65538      45
 18.6876       45
 18.71982      45
 18.75204      45
 18.78426      44
 18.78426      44
 18.81648      44
 18.8487       44
 18.88092      44
 18.91314      44
 18.94536      44
 18.97758      44
 18.97758      44
 19.0098       44
 19.04202      44
 19.07424      44
 19.10646      44
 19.13868      44
 19.13868      44
 19.1709       45
 19.20312      45
 19.23534      45
 19.26756      45
 19.29978      45
 19.332        45
 19.332        45
 19.36422      46
 19.39644      46
 19.42866      46
 19.46088      46
 19.4931       46
 19.52532      47
 19.55754      47
 19.58976      47
 19.62198      47
 19.6542       48
 19.6542       48
 19.68642      48
 19.71864      49
 19.75086      49
 19.78308      49
 19.8153       50
 19.8153       50
 19.84752      50
 19.87974      51
 19.91196      51
 19.94418      52
 19.9764       52
 19.9764       52
 20.00862      53
 20.04084      53
 20.07306      54
 20.10528      54
 20.1375       55
 20.16972      55
 20.16972      56
 20.20194      56
 20.23416      57
 20.26638      57
 20.2986       58
 20.33082      59
 20.33082      59
 20.36304      60
 20.39526      60
 20.42748      61
 20.4597       62
 20.49192      62
 20.49192      63
 20.52414      64
 20.55636      64
 20.58858      65
 20.6208       66
 20.65302      66
 20.65302      66
 20.68524      67
 20.71746      67
 20.74968      68
 20.7819       69
 20.81412      69
 20.81412      70
 20.84634      71
 20.87856      72
 20.91078      73
 20.943        74
 20.97522      74
 20.97522      75
 21.00744      76
 21.03966      77
 21.07188      78
 21.1041       79
 21.1041       80
 21.13632      80
 21.16854      81
 21.20076      82
 21.23298      83
 21.2652       84
 21.29742      85
 21.29742      85
 21.32964      86
 21.36186      87
 21.39408      88
 21.4263       89
 21.45852      89
 21.45852      90
 21.49074      91
 21.52296      91
 21.55518      92
 21.5874       93
 21.5874       93
 21.61962      94
 21.65184      95
 21.68406      95
 21.71628      96
 21.7485       96
 21.7485       97
 21.78072      97
 21.81294      98
 21.84516      98
 21.87738      98
 21.9096       99
 21.9096       99
 21.94182      99
 21.97404      100
 22.00626      101
 22.03848      101
 22.03848      101
 22.0707       102
 22.10292      102
 22.13514      102
 22.16736      102
 22.19958      102
 22.19958      102
 22.2318       102
 22.26402      102
 22.29624      102
 22.32846      102
 22.32846      102
 22.36068      102
 22.3929       101
 22.42512      101
 22.45734      101
 22.48956      101
 22.48956      100
 22.52178      99
 22.554        99
 22.58622      99
 22.61844      99
 22.65066      98
 22.65066      98
 22.68288      98
 22.7151       97
 22.77954      97
 22.81176      97
 22.81176      97
 22.84398      96
 22.8762       96
 22.90842      96
 22.94064      95
 22.94064      95
 22.97286      95
 23.00508      95
 23.0373       94
 23.06952      94
 23.06952      94
 23.10174      93
 23.13396      93
 23.16618      93
 23.1984       92
 23.23062      92
 23.23062      92
 23.26284      92
 23.29506      91
 23.32728      91
 23.3595       91
 23.3595       91
 23.39172      91
 23.42394      91
 23.45616      90
 23.48838      90
 23.48838      90
 23.5206       90
 23.55282      90
 23.58504      90
 23.61726      90
 23.61726      90
 23.64948      89
 23.6817       89
 23.71392      89
 23.74614      89
 23.77836      89
 23.77836      89
 23.81058      89
 23.8428       89
 23.87502      89
 23.90724      89
 23.90724      89
 23.93946      89
 23.97168      89
 24.0039       89
 24.03612      89
 24.03612      89
 24.06834      89
 24.10056      89
 24.13278      89
 24.165        89
 24.19722      89
 24.19722      89
 24.22944      89
 24.26166      89
 24.29388      89
 24.3261       89
 24.3261       89
 24.35832      89
 24.39054      89
 24.42276      89
 24.45498      89
 24.45498      90
 24.4872       90
 24.51942      90
 24.55164      90
 24.58386      90
 24.58386      90
 24.61608      91
 24.6483       91
 24.68052      91
 24.71274      91
 24.71274      92
 24.74496      92
 24.77718      92
 24.8094       92
 24.84162      92
 24.84162      92
 24.87384      93
 24.90606      93
 24.93828      93
 24.9705       94
 24.9705       94
 25.00272      95
 25.03494      95
 25.06716      96
 25.09938      96
 25.09938      97
 25.1316       97
 25.16382      98
 25.19604      98
 25.22826      99
 25.22826      99
 25.26048      101
 25.2927       102
 25.32492      102
 25.35714      103
 25.35714      103
 25.38936      104
 25.42158      105
 25.4538       106
 25.48602      106
 25.48602      107
 25.51824      108
 25.55046      108
 25.58268      109
 25.6149       110
 25.6149       110
 25.64712      111
 25.67934      112
 25.71156      112
 25.71156      113
 25.74378      114
 25.776        115
 25.80822      115
 25.84044      116
 25.87266      117
 25.87266      118
 25.90488      119
 25.9371       119
 25.96932      120
 26.00154      121
 26.03376      122
 26.06598      123
 26.0982       124
 26.0982       125
 26.13042      125
 26.16264      126
 26.19486      127
 26.22708      128
 26.22708      129
 26.2593       130
 26.29152      130
 26.32374      131
 26.32374      132
 26.35596      133
 26.38818      134
 26.4204       135
 26.45262      136
 26.45262      136
 26.48484      137
 26.51706      138
 26.54928      139
 26.5815       140
 26.5815       141
 26.61372      141
 26.64594      142
 26.67816      137
 26.71038      130
 26.71038      125
 26.7426       120
 26.77482      117
 26.80704      114
 26.80704      111
 26.83926      109
 26.87148      108
 26.9037       107
 26.93592      106
 26.93592      106
 26.96814      106
 27.00036      106
 27.03258      107
 27.0648       108
 27.0648       108
 27.09702      109
 27.12924      110
 27.16146      111
 27.19368      112
 27.19368      113
 27.2259       114
 27.25812      114
 27.29034      115
 27.29034      116
 27.32256      117
 27.35478      118
 27.387        119
 27.41922      120
 27.41922      120
 27.45144      121
 27.48366      122
 27.51588      123
 27.5481       124
 27.5481       124
 27.58032      125
 27.61254      126
 27.64476      127
 27.64476      128
 27.67698      128
 27.7092       129
 27.74142      130
 27.74142      130
 27.77364      131
 27.80586      132
 27.83808      132
 27.8703       133
 27.8703       134
 27.90252      134
 27.93474      135
 27.96696      135
 27.96696      136
 27.99918      137
 28.0314       137
 28.06362      138
 28.09584      138
 28.09584      139
 28.12806      139
 28.16028      140
 28.1925       140
 28.1925       141
 28.22472      141
 28.25694      142
 28.28916      142
 28.32138      143
 28.32138      144
 28.3536       144
 28.38582      145
 28.41804      145
 28.41804      146
