 0             0
 0             0
 0             0
 0             0
 0             0
 3.222e-002    0
 6.444e-002    0
 6.444e-002    0
 9.666e-002    0
 0.12888       0
 0.12888       0
 0.19332       0
 0.19332       0
 0.22554       0
 0.25776       0
 0.28998       0
 0.3222        0
 0.35442       0
 0.35442       0
 0.38664       0
 0.41886       0
 0.45108       0
 0.4833        0
 0.51552       0
 0.51552       0
 0.57996       0
 0.57996       0
 0.61218       0
 0.6444        0
 0.67662       0
 0.70884       0
 0.74106       0
 0.74106       0
 0.8055        0
 0.8055        0
 0.83772       0
 0.86994       0
 0.90216       0
 0.93438       0
 0.9666        0
 0.99882       0
 0.99882       0
 1.06326       0
 1.06326       0
 1.09548       0
 1.1277        0
 1.15992       0
 1.19214       0
 1.22436       0
 1.22436       0
 1.2888        0
 1.2888        0
 1.32102       0
 1.35324       0
 1.38546       0
 1.41768       0
 1.4499        0
 1.48212       0
 1.51434       0
 1.54656       0
 1.54656       0
 1.57878       0
 1.611         0
 1.64322       0
 1.67544       0
 1.70766       0
 1.73988       0
 1.7721        0
 1.80432       0
 1.80432       0
 1.86876       0
 1.86876       0
 1.90098       0
 1.9332        0
 1.96542       0
 1.99764       0
 2.02986       0
 2.02986       0
 2.0943        0
 2.0943        0
 2.12652       0
 2.19096       0
 2.19096       0
 2.22318       0
 2.2554        0
 2.28762       0
 2.31984       0
 2.35206       0
 2.35206       0
 2.4165        0
 2.44872       0
 2.44872       0
 2.48094       0
 2.51316       0
 2.54538       0
 2.5776        0
 2.60982       0
 2.64204       0
 2.67426       0
 2.67426       0
 2.70648       0
 2.77092       0
 2.77092       0
 2.80314       0
 2.83536       0
 2.86758       0
 2.8998        0
 2.93202       0
 2.96424       0
 2.99646       0
 3.02868       0
 3.02868       0
 3.09312       0
 3.09312       0
 3.12534       0
 3.15756       0
 3.18978       0
 3.25422       0
 3.28644       0
 3.28644       0
 3.35088       0
 3.3831        0
 3.3831        0
 3.41532       0
 3.44754       0
 3.47976       0
 3.51198       0
 3.5442        0
 3.57642       1
 3.60864       1
 3.64086       1
 3.67308       1
 3.7053        2
 3.7053        2
 3.73752       2
 3.76974       2
 3.80196       3
 3.83418       3
 3.8664        3
 3.89862       4
 3.93084       4
 3.96306       4
 3.99528       5
 4.0275        5
 4.05972       5
 4.09194       6
 4.12416       6
 4.12416       7
 4.15638       7
 4.1886        7
 4.22082       8
 4.25304       8
 4.28526       9
 4.31748       9
 4.3497        10
 4.38192       10
 4.41414       11
 4.44636       12
 4.47858       12
 4.47858       13
 4.54302       13
 4.54302       14
 4.57524       15
 4.60746       15
 4.63968       16
 4.6719        17
 4.70412       17
 4.73634       18
 4.76856       19
 4.80078       19
 4.833         20
 4.86522       21
 4.89744       22
 4.89744       23
 4.96188       23
 4.96188       24
 4.9941        25
 5.02632       26
 5.05854       27
 5.09076       28
 5.12298       29
 5.1552        30
 5.18742       31
 5.21964       32
 5.25186       33
 5.28408       34
 5.3163        35
 5.3163        36
 5.38074       37
 5.38074       38
 5.41296       39
 5.44518       40
 5.4774        41
 5.50962       42
 5.54184       44
 5.57406       45
 5.60628       46
 5.6385        47
 5.67072       49
 5.70294       50
 5.73516       51
 5.73516       52
 5.7996        54
 5.7996        55
 5.83182       56
 5.86404       58
 5.89626       59
 5.92848       60
 5.9607        62
 5.99292       63
 6.02514       65
 6.05736       66
 6.08958       68
 6.1218        69
 6.15402       71
 6.18624       72
 6.21846       74
 6.21846       76
 6.25068       77
 6.2829        79
 6.31512       81
 6.34734       82
 6.37956       84
 6.41178       86
 6.444         87
 6.50844       89
 6.54066       91
 6.57288       93
 6.6051        94
 6.63732       96
 6.63732       98
 6.66954       101
 6.70176       102
 6.73398       104
 6.7662        106
 6.79842       108
 6.83064       110
 6.86286       111
 6.89508       113
 6.9273        115
 6.95952       117
 6.99174       118
 7.02396       120
 7.05618       121
 7.05618       123
 7.0884        124
 7.12062       125
 7.15284       127
 7.18506       128
 7.21728       129
 7.2495        129
 7.28172       130
 7.31394       131
 7.34616       131
 7.37838       132
 7.4106        132
 7.4106        132
 7.44282       131
 7.47504       131
 7.50726       131
 7.53948       130
 7.5717        130
 7.60392       129
 7.63614       128
 7.66836       128
 7.70058       127
 7.7328        126
 7.76502       125
 7.79724       124
 7.82946       123
 7.82946       121
 7.86168       120
 7.8939        119
 7.92612       118
 7.95834       117
 7.99056       115
 8.02278       114
 8.055         112
 8.08722       111
 8.11944       110
 8.15166       108
 8.18388       107
 8.2161        106
 8.24832       104
 8.24832       103
 8.28054       102
 8.31276       101
 8.34498       99
 8.3772        98
 8.40942       97
 8.44164       96
 8.47386       95
 8.50608       94
 8.5383        94
 8.57052       93
 8.60274       93
 8.60274       92
 8.63496       92
 8.66718       92
 8.6994        91
 8.73162       91
 8.76384       91
 8.79606       91
 8.82828       91
 8.8605        91
 8.89272       91
 8.92494       91
 8.95716       91
 8.98938       91
 8.98938       91
 9.0216        92
 9.05382       92
 9.08604       93
 9.11826       93
 9.15048       94
 9.1827        94
 9.21492       95
 9.24714       96
 9.27936       96
 9.31158       97
 9.3438        98
 9.3438        99
 9.37602       100
 9.40824       101
 9.44046       102
 9.47268       103
 9.5049        105
 9.53712       106
 9.56934       107
 9.60156       108
 9.63378       109
 9.666         110
 9.69822       112
 9.73044       113
 9.76266       114
 9.79488       116
 9.8271        117
 9.85932       119
 9.89154       120
 9.92376       122
 9.95598       123
 9.9882        125
 10.02042      126
 10.05264      128
 10.05264      130
 10.08486      131
 10.11708      133
 10.1493       135
 10.18152      136
 10.21374      138
 10.24596      140
 10.27818      142
 10.3104       144
 10.34262      146
 10.37484      148
 10.37484      149
 10.40706      151
 10.43928      153
 10.4715       155
 10.50372      157
 10.53594      159
 10.56816      161
 10.60038      164
 10.6326       166
 10.66482      168
 10.69704      170
 10.69704      172
 10.72926      174
 10.76148      177
 10.7937       179
 10.82592      181
 10.85814      183
 10.89036      186
 10.92258      188
 10.9548       190
 10.98702      193
 11.01924      195
 11.01924      197
 11.05146      200
 11.08368      203
 11.1159       205
 11.14812      208
 11.18034      210
 11.21256      213
 11.24478      215
 11.277        218
 11.30922      220
 11.34144      223
 11.34144      225
 11.37366      228
 11.40588      230
 11.4381       233
 11.47032      236
 11.50254      238
 11.53476      241
 11.56698      244
 11.5992       246
 11.63142      249
 11.66364      252
 11.66364      254
 11.69586      257
 11.72808      260
 11.7603       262
 11.79252      265
 11.82474      268
 11.85696      270
 11.88918      273
 11.9214       275
 11.95362      278
 11.95362      280
 11.98584      283
 12.01806      285
 12.05028      287
 12.0825       290
 12.11472      292
 12.14694      294
 12.17916      296
 12.21138      298
 12.2436       299
 12.2436       301
 12.27582      303
 12.30804      304
 12.34026      306
 12.37248      307
 12.4047       307
 12.43692      308
 12.46914      309
 12.50136      309
 12.53358      309
 12.5658       310
 12.5658       310
 12.59802      309
 12.63024      309
 12.66246      308
 12.69468      308
 12.7269       307
 12.75912      306
 12.79134      305
 12.82356      304
 12.85578      301
 12.85578      300
 12.888        298
 12.92022      297
 12.95244      295
 13.01688      293
 13.0491       292
 13.08132      290
 13.11354      288
 13.11354      286
 13.14576      285
 13.17798      283
 13.2102       281
 13.24242      279
 13.27464      277
 13.30686      276
 13.33908      274
 13.3713       272
 13.40352      270
 13.40352      269
 13.43574      267
 13.46796      266
 13.50018      265
 13.5324       263
 13.56462      262
 13.59684      261
 13.62906      260
 13.66128      259
 13.66128      259
 13.6935       258
 13.72572      258
 13.75794      258
 13.79016      257
 13.82238      257
 13.8546       257
 13.88682      257
 13.91904      257
 13.95126      258
 13.95126      258
 13.98348      258
 14.0157       258
 14.04792      259
 14.08014      259
 14.11236      259
 14.14458      260
 14.1768       261
 14.20902      261
 14.20902      262
 14.24124      263
 14.27346      263
 14.30568      264
 14.3379       265
 14.37012      266
 14.40234      267
 14.43456      268
 14.46678      269
 14.46678      270
 14.499        271
 14.53122      273
 14.56344      274
 14.59566      275
 14.62788      276
 14.6601       277
 14.69232      278
 14.69232      280
 14.72454      281
 14.75676      282
 14.78898      284
 14.8212       285
 14.85342      287
 14.88564      288
 14.91786      290
 14.95008      291
 14.95008      293
 14.9823       295
 15.01452      297
 15.04674      298
 15.07896      300
 15.11118      303
 15.1434       305
 15.17562      307
 15.20784      309
 15.20784      311
 15.24006      313
 15.27228      315
 15.3045       317
 15.33672      319
 15.36894      321
 15.40116      324
 15.43338      326
 15.43338      328
 15.4656       330
 15.49782      333
 15.53004      335
 15.56226      338
 15.59448      340
 15.6267       343
 15.65892      345
 15.69114      348
 15.69114      351
 15.72336      353
 15.75558      356
 15.7878       359
 15.82002      362
 15.85224      364
 15.88446      367
 15.91668      370
 15.91668      373
 15.9489       376
 15.98112      379
 16.01334      382
 16.04556      385
 16.07778      388
 16.11         391
 16.14222      394
 16.14222      397
 16.17444      400
 16.20666      404
 16.2711       407
 16.30332      410
 16.33554      413
 16.36776      416
 16.39998      420
 16.39998      423
 16.4322       426
 16.46442      429
 16.49664      433
 16.52886      436
 16.56108      439
 16.5933       442
 16.62552      445
 16.62552      449
 16.65774      452
 16.68996      455
 16.72218      458
 16.7544       461
 16.78662      464
 16.81884      468
 16.81884      471
 16.85106      474
 16.88328      477
 16.9155       480
 16.94772      483
 16.97994      486
 17.01216      489
 17.04438      492
 17.04438      495
 17.0766       498
 17.10882      501
 17.14104      504
 17.17326      507
 17.20548      510
 17.2377       512
 17.26992      515
 17.30214      517
 17.30214      519
 17.33436      522
 17.36658      524
 17.3988       526
 17.43102      528
 17.46324      531
 17.46324      532
 17.49546      534
 17.52768      536
 17.5599       538
 17.59212      539
 17.62434      541
 17.65656      542
 17.68878      544
 17.68878      545
 17.721        546
 17.75322      547
 17.78544      548
 17.81766      549
 17.84988      550
 17.8821       550
 17.91432      551
 17.91432      552
 17.94654      553
 17.97876      554
 18.01098      552
 18.0432       547
 18.07542      543
 18.10764      540
 18.10764      537
 18.13986      535
 18.17208      532
 18.2043       530
 18.23652      529
 18.26874      526
 18.30096      525
 18.33318      523
 18.33318      522
 18.3654       520
 18.39762      519
 18.42984      517
 18.46206      516
 18.49428      514
 18.5265       513
 18.5265       512
 18.55872      510
 18.59094      509
 18.62316      508
 18.65538      506
 18.6876       505
 18.71982      503
 18.71982      502
 18.75204      500
 18.78426      499
 18.81648      498
 18.8487       497
 18.88092      496
 18.91314      494
 18.94536      493
 18.94536      492
 18.97758      490
 19.0098       489
 19.04202      487
 19.07424      486
 19.10646      485
 19.10646      483
 19.13868      482
 19.1709       481
 19.20312      479
 19.23534      479
 19.26756      478
 19.29978      477
 19.332        477
 19.332        476
 19.36422      476
 19.39644      476
 19.42866      476
 19.46088      477
 19.52532      477
 19.52532      477
 19.55754      478
 19.58976      479
 19.62198      479
 19.6542       480
 19.68642      481
 19.68642      482
 19.71864      483
 19.75086      484
 19.78308      485
 19.8153       487
 19.84752      488
 19.87974      489
 19.91196      491
 19.91196      492
 19.94418      493
 19.9764       494
 20.00862      495
 20.04084      495
 20.07306      496
 20.07306      496
 20.10528      496
 20.1375       496
 20.16972      495
 20.20194      494
 20.23416      493
 20.26638      491
 20.26638      490
 20.2986       488
 20.33082      486
 20.36304      484
 20.39526      481
 20.42748      479
 20.4597       476
 20.4597       474
 20.49192      471
 20.52414      469
 20.55636      466
 20.58858      464
 20.6208       462
 20.6208       460
 20.65302      459
 20.68524      457
 20.71746      456
 20.74968      455
 20.7819       454
 20.81412      454
 20.81412      454
 20.84634      453
 20.87856      453
 20.91078      454
 20.943        453
 20.97522      454
 20.97522      453
 21.00744      453
 21.03966      453
 21.07188      454
 21.1041       454
 21.13632      455
 21.16854      456
 21.16854      456
 21.20076      458
 21.23298      458
 21.2652       459
 21.29742      460
 21.32964      461
 21.36186      462
 21.36186      463
 21.39408      464
 21.4263       465
 21.45852      466
 21.49074      467
 21.52296      468
 21.52296      470
 21.55518      471
 21.5874       472
 21.61962      473
 21.65184      474
 21.68406      476
 21.68406      477
 21.71628      479
 21.7485       480
 21.78072      481
 21.81294      483
 21.84516      484
 21.84516      485
 21.87738      487
 21.9096       488
 21.94182      490
 21.97404      491
 22.00626      493
 22.00626      494
 22.03848      496
 22.0707       497
 22.10292      498
 22.13514      500
 22.16736      500
 22.19958      502
 22.19958      503
 22.2318       505
 22.26402      506
 22.29624      507
 22.32846      508
 22.36068      509
 22.36068      510
 22.3929       510
 22.42512      511
 22.45734      512
 22.48956      513
 22.52178      514
 22.52178      514
 22.554        515
 22.58622      516
 22.61844      516
 22.65066      517
 22.68288      518
 22.68288      519
 22.74732      520
 22.77954      521
 22.81176      522
 22.84398      523
 22.84398      524
 22.8762       525
 22.90842      527
 22.94064      527
 22.97286      528
 23.00508      530
 23.00508      530
 23.0373       531
 23.06952      532
 23.10174      533
 23.13396      533
 23.16618      534
 23.16618      534
 23.1984       535
 23.23062      535
 23.26284      536
 23.29506      536
 23.32728      536
 23.32728      536
 23.3595       537
 23.39172      536
 23.42394      537
 23.45616      537
 23.45616      537
 23.48838      537
 23.5206       537
 23.55282      537
 23.58504      537
 23.61726      537
 23.61726      537
 23.64948      537
 23.6817       537
 23.71392      537
 23.74614      537
 23.77836      537
 23.81058      537
 23.81058      538
 23.8428       538
 23.87502      538
 23.90724      539
 23.93946      539
 23.93946      539
 23.97168      540
 24.0039       540
 24.03612      540
 24.06834      541
 24.10056      541
 24.10056      542
 24.13278      542
 24.165        542
 24.19722      543
 24.22944      543
 24.22944      544
 24.26166      545
 24.29388      545
 24.3261       545
 24.35832      546
 24.39054      546
 24.39054      547
 24.42276      547
 24.45498      547
 24.4872       548
 24.51942      548
 24.55164      548
 24.55164      548
 24.58386      548
 24.61608      548
 24.6483       549
 24.68052      548
 24.68052      548
 24.71274      549
 24.74496      548
 24.77718      548
 24.8094       548
 24.84162      548
 24.84162      548
 24.87384      547
 24.90606      547
 24.93828      547
 24.9705       546
 24.9705       545
 25.00272      545
 25.03494      544
 25.06716      544
 25.09938      544
 25.09938      543
 25.1316       542
 25.16382      542
 25.19604      541
 25.22826      541
 25.22826      540
 25.26048      540
 25.2927       539
 25.32492      539
 25.35714      538
 25.38936      538
 25.38936      537
 25.42158      537
 25.4538       536
 25.48602      535
 25.51824      535
 25.51824      535
 25.55046      534
 25.58268      533
 25.6149       533
 25.64712      532
 25.67934      532
 25.67934      531
 25.71156      530
 25.74378      530
 25.776        529
 25.80822      528
 25.80822      528
 25.84044      527
 25.87266      527
 25.90488      527
 25.9371       526
 25.96932      526
 25.96932      526
 26.03376      526
 26.06598      526
 26.06598      526
 26.0982       527
 26.13042      527
 26.16264      527
 26.19486      527
 26.22708      528
 26.22708      528
 26.2593       529
 26.29152      529
 26.32374      530
 26.35596      530
 26.35596      531
 26.38818      531
 26.4204       532
 26.45262      532
 26.48484      533
 26.48484      534
 26.51706      534
 26.54928      535
 26.5815       536
 26.61372      536
 26.64594      537
 26.64594      538
 26.67816      538
 26.71038      539
 26.7426       539
 26.77482      540
 26.77482      540
 26.80704      540
 26.83926      540
 26.87148      540
 26.87148      540
 26.9037       539
 26.93592      539
 26.96814      538
 27.00036      538
 27.03258      537
 27.03258      536
 27.0648       536
 27.09702      534
 27.12924      534
 27.16146      533
 27.16146      532
 27.19368      531
 27.2259       531
 27.25812      530
 27.29034      529
 27.29034      529
 27.32256      528
 27.35478      528
 27.387        527
 27.387        527
 27.41922      527
 27.45144      526
 27.48366      526
 27.51588      527
 27.51588      526
 27.5481       526
 27.58032      527
 27.61254      527
 27.64476      527
 27.64476      527
 27.67698      527
 27.7092       528
 27.74142      528
 27.74142      528
 27.77364      529
 27.80586      529
 27.83808      529
 27.8703       530
 27.8703       530
 27.90252      531
 27.93474      531
 27.96696      531
 27.99918      532
 27.99918      533
 28.0314       533
 28.06362      533
 28.09584      534
 28.12806      534
 28.12806      535
 28.16028      536
 28.1925       536
 28.22472      537
 28.22472      537
 28.25694      538
 28.28916      538
 28.32138      539
 28.3536       539
 28.3536       540
 28.38582      541
 28.41804      541
 28.45026      542
 28.48248      543
 28.48248      543
 28.5147       544
 28.54692      545
 28.57914      546
 28.57914      546
 28.61136      547
 28.64358      548
 28.6758       548
 28.70802      549
 28.70802      550
 28.74024      550
 28.77246      551
 28.80468      552
 28.80468      552
 28.8369       553
