 0             0
 0             0
 0             0
 0             0
 3.222e-002    0
 6.444e-002    0
 6.444e-002    0
 0.12888       0
 0.12888       0
 0.1611        0
 0.19332       0
 0.22554       0
 0.22554       0
 0.28998       0
 0.28998       0
 0.3222        0
 0.35442       0
 0.38664       0
 0.41886       0
 0.45108       0
 0.45108       0
 0.4833        0
 0.51552       0
 0.54774       0
 0.57996       0
 0.61218       0
 0.61218       0
 0.67662       0
 0.67662       0
 0.70884       0
 0.77328       0
 0.77328       0
 0.8055        0
 0.83772       0
 0.83772       0
 0.90216       0
 0.93438       0
 0.93438       0
 0.99882       0
 0.99882       0
 1.03104       0
 1.06326       0
 1.09548       0
 1.09548       0
 1.15992       0
 1.15992       0
 1.19214       0
 1.25658       0
 1.25658       0
 1.2888        0
 1.32102       0
 1.32102       0
 1.38546       0
 1.41768       0
 1.41768       0
 1.48212       0
 1.48212       0
 1.51434       0
 1.54656       0
 1.57878       0
 1.611         0
 1.64322       0
 1.64322       0
 1.70766       0
 1.73988       0
 1.73988       0
 1.7721        0
 1.80432       0
 1.83654       0
 1.86876       0
 1.90098       0
 1.90098       0
 1.96542       0
 1.96542       0
 1.99764       0
 2.06208       0
 2.06208       0
 2.0943        0
 2.12652       0
 2.15874       0
 2.19096       0
 2.22318       0
 2.22318       0
 2.28762       0
 2.28762       0
 2.31984       0
 2.38428       0
 2.38428       0
 2.4165        0
 2.44872       0
 2.48094       0
 2.51316       0
 2.54538       0
 2.54538       0
 2.60982       0
 2.60982       0
 2.64204       0
 2.67426       0
 2.70648       0
 2.7387        0
 2.77092       0
 2.80314       0
 2.83536       0
 2.86758       0
 2.86758       0
 2.8998        0
 2.96424       0
 2.96424       0
 2.99646       0
 3.02868       0
 3.0609        0
 3.09312       0
 3.12534       0
 3.12534       0
 3.18978       0
 3.18978       0
 3.222         0
 3.28644       0
 3.31866       0
 3.35088       0
 3.3831        0
 3.41532       0
 3.41532       0
 3.47976       0
 3.47976       0
 3.51198       0
 3.5442        0
 3.57642       0
 3.60864       0
 3.64086       0
 3.67308       0
 3.7053        1
 3.73752       1
 3.73752       1
 3.80196       1
 3.80196       1
 3.83418       2
 3.8664        2
 3.89862       2
 3.93084       2
 3.96306       3
 3.99528       3
 4.0275        3
 4.05972       3
 4.05972       4
 4.12416       4
 4.12416       4
 4.15638       5
 4.22082       5
 4.22082       6
 4.25304       6
 4.28526       6
 4.31748       7
 4.3497        7
 4.38192       8
 4.41414       8
 4.44636       9
 4.47858       9
 4.47858       10
 4.54302       10
 4.54302       11
 4.57524       11
 4.60746       12
 4.63968       12
 4.6719        13
 4.70412       14
 4.73634       14
 4.76856       15
 4.80078       16
 4.833         16
 4.86522       17
 4.89744       18
 4.89744       18
 4.96188       19
 4.96188       20
 4.9941        21
 5.02632       21
 5.05854       22
 5.09076       23
 5.12298       24
 5.1552        25
 5.18742       26
 5.21964       27
 5.21964       27
 5.28408       28
 5.28408       29
 5.3163        30
 5.34852       31
 5.38074       32
 5.41296       33
 5.44518       34
 5.4774        35
 5.50962       37
 5.54184       38
 5.57406       39
 5.60628       40
 5.6385        41
 5.6385        42
 5.67072       44
 5.70294       45
 5.73516       46
 5.76738       47
 5.7996        48
 5.83182       50
 5.86404       51
 5.89626       52
 5.92848       54
 5.9607        55
 5.99292       57
 5.99292       58
 6.05736       60
 6.05736       61
 6.08958       63
 6.1218        64
 6.15402       66
 6.18624       68
 6.21846       69
 6.25068       71
 6.2829        72
 6.31512       74
 6.34734       76
 6.37956       77
 6.41178       79
 6.41178       81
 6.47622       82
 6.50844       84
 6.54066       86
 6.57288       88
 6.6051        89
 6.63732       91
 6.66954       93
 6.70176       95
 6.73398       97
 6.7662        98
 6.7662        101
 6.79842       103
 6.83064       104
 6.86286       106
 6.89508       108
 6.9273        109
 6.95952       111
 6.99174       112
 7.02396       113
 7.05618       114
 7.0884        115
 7.12062       116
 7.15284       117
 7.18506       117
 7.18506       118
 7.21728       118
 7.2495        118
 7.28172       118
 7.31394       118
 7.34616       117
 7.37838       117
 7.4106        116
 7.44282       115
 7.47504       114
 7.50726       113
 7.50726       112
 7.53948       111
 7.5717        110
 7.60392       109
 7.63614       108
 7.66836       106
 7.70058       105
 7.7328        104
 7.76502       102
 7.79724       101
 7.82946       99
 7.86168       97
 7.8939        96
 7.92612       94
 7.92612       92
 7.95834       91
 7.99056       89
 8.02278       87
 8.055         86
 8.08722       84
 8.11944       83
 8.15166       81
 8.18388       80
 8.2161        79
 8.24832       77
 8.28054       76
 8.31276       75
 8.31276       74
 8.34498       73
 8.3772        72
 8.40942       71
 8.44164       70
 8.47386       69
 8.50608       69
 8.5383        68
 8.57052       68
 8.60274       67
 8.63496       67
 8.66718       66
 8.66718       66
 8.6994        66
 8.73162       65
 8.76384       65
 8.79606       65
 8.82828       65
 8.8605        65
 8.89272       65
 8.92494       65
 8.95716       66
 8.98938       66
 8.98938       66
 9.0216        67
 9.05382       67
 9.08604       68
 9.11826       69
 9.15048       69
 9.1827        70
 9.21492       71
 9.24714       71
 9.27936       72
 9.31158       73
 9.3438        74
 9.3438        75
 9.37602       76
 9.40824       77
 9.44046       78
 9.47268       79
 9.5049        80
 9.53712       82
 9.56934       83
 9.60156       84
 9.63378       86
 9.666         87
 9.69822       88
 9.73044       90
 9.76266       91
 9.79488       93
 9.8271        94
 9.85932       96
 9.89154       98
 9.92376       99
 9.95598       102
 9.9882        104
 10.02042      105
 10.02042      107
 10.05264      109
 10.08486      111
 10.11708      113
 10.1493       115
 10.18152      117
 10.21374      119
 10.24596      121
 10.27818      123
 10.3104       125
 10.34262      127
 10.34262      129
 10.37484      131
 10.40706      133
 10.43928      135
 10.4715       138
 10.50372      140
 10.53594      142
 10.56816      145
 10.60038      147
 10.6326       149
 10.66482      152
 10.66482      154
 10.69704      157
 10.72926      159
 10.76148      161
 10.7937       164
 10.82592      167
 10.85814      169
 10.89036      172
 10.92258      174
 10.9548       177
 10.9548       180
 10.98702      182
 11.01924      185
 11.05146      188
 11.08368      191
 11.1159       193
 11.14812      196
 11.18034      199
 11.21256      203
 11.24478      206
 11.24478      208
 11.277        211
 11.30922      214
 11.34144      217
 11.37366      220
 11.40588      223
 11.4381       226
 11.47032      230
 11.50254      231
 11.53476      231
 11.56698      232
 11.56698      234
 11.5992       237
 11.63142      239
 11.66364      242
 11.69586      246
 11.72808      249
 11.7603       251
 11.79252      254
 11.82474      257
 11.85696      260
 11.85696      262
 11.88918      265
 11.9214       267
 11.95362      269
 11.98584      271
 12.01806      273
 12.05028      274
 12.0825       275
 12.11472      277
 12.14694      277
 12.14694      278
 12.17916      279
 12.21138      279
 12.2436       279
 12.27582      279
 12.30804      278
 12.34026      278
 12.37248      277
 12.4047       276
 12.4047       275
 12.43692      274
 12.46914      272
 12.50136      271
 12.53358      269
 12.5658       267
 12.59802      265
 12.63024      263
 12.66246      260
 12.69468      258
 12.7269       256
 12.7269       253
 12.75912      250
 12.79134      247
 12.82356      245
 12.85578      242
 12.888        239
 12.92022      236
 12.95244      233
 12.98466      230
 13.01688      228
 13.0491       225
 13.08132      222
 13.11354      220
 13.14576      217
 13.17798      215
 13.2102       213
 13.24242      210
 13.24242      208
 13.27464      206
 13.30686      204
 13.33908      203
 13.3713       200
 13.40352      198
 13.43574      197
 13.46796      196
 13.50018      194
 13.50018      193
 13.5324       192
 13.56462      191
 13.59684      191
 13.62906      190
 13.66128      189
 13.6935       189
 13.72572      188
 13.75794      188
 13.79016      188
 13.79016      188
 13.82238      188
 13.8546       188
 13.88682      188
 13.91904      188
 13.95126      188
 13.98348      188
 14.0157       189
 14.0157       189
 14.04792      189
 14.08014      190
 14.11236      191
 14.14458      191
 14.1768       192
 14.20902      193
 14.24124      193
 14.27346      194
 14.27346      195
 14.30568      196
 14.3379       197
 14.37012      198
 14.40234      199
 14.43456      200
 14.46678      202
 14.499        204
 14.53122      205
 14.53122      206
 14.56344      208
 14.59566      209
 14.62788      211
 14.6601       212
 14.69232      214
 14.72454      215
 14.75676      217
 14.75676      218
 14.78898      220
 14.8212       222
 14.85342      224
 14.88564      226
 14.91786      228
 14.95008      230
 14.9823       232
 14.9823       234
 15.01452      236
 15.04674      238
 15.07896      240
 15.11118      242
 15.1434       244
 15.17562      247
 15.20784      249
 15.24006      251
 15.24006      254
 15.27228      256
 15.3045       259
 15.33672      261
 15.36894      264
 15.40116      266
 15.43338      269
 15.4656       272
 15.4656       274
 15.49782      277
 15.53004      280
 15.56226      283
 15.59448      286
 15.6267       288
 15.65892      291
 15.69114      294
 15.69114      297
 15.72336      300
 15.75558      304
 15.7878       307
 15.82002      310
 15.85224      313
 15.88446      316
 15.88446      319
 15.9489       322
 15.9489       326
 15.98112      329
 16.01334      332
 16.04556      335
 16.07778      339
 16.11         342
 16.14222      345
 16.17444      348
 16.17444      351
 16.20666      355
 16.2711       358
 16.30332      361
 16.33554      365
 16.36776      368
 16.36776      371
 16.39998      375
 16.4322       378
 16.46442      381
 16.49664      385
 16.52886      388
 16.56108      391
 16.5933       394
 16.5933       398
 16.62552      401
 16.65774      405
 16.68996      408
 16.72218      410
 16.7544       413
 16.78662      416
 16.78662      418
 16.81884      421
 16.85106      423
 16.88328      426
 16.9155       428
 16.94772      430
 16.97994      432
 17.01216      434
 17.01216      436
 17.04438      438
 17.0766       440
 17.10882      442
 17.14104      443
 17.17326      445
 17.20548      446
 17.2377       447
 17.2377       448
 17.26992      449
 17.30214      450
 17.33436      450
 17.36658      451
 17.3988       451
 17.43102      451
 17.46324      451
 17.46324      451
 17.49546      451
 17.52768      450
 17.5599       449
 17.59212      449
 17.62434      448
 17.62434      446
 17.65656      445
 17.68878      443
 17.721        442
 17.75322      440
 17.78544      438
 17.81766      436
 17.84988      434
 17.84988      432
 17.8821       430
 17.91432      427
 17.94654      425
 17.97876      423
 18.01098      420
 18.0432       418
 18.0432       416
 18.07542      413
 18.10764      411
 18.13986      408
 18.17208      406
 18.2043       402
 18.23652      400
 18.23652      397
 18.26874      395
 18.30096      393
 18.33318      390
 18.3654       388
 18.39762      386
 18.42984      384
 18.46206      379
 18.46206      374
 18.49428      371
 18.5265       370
 18.55872      369
 18.59094      368
 18.62316      367
 18.62316      366
 18.65538      366
 18.6876       365
 18.71982      365
 18.75204      364
 18.78426      364
 18.81648      363
 18.8487       363
 18.8487       362
 18.88092      362
 18.91314      361
 18.94536      361
 18.97758      361
 19.0098       361
 19.0098       360
 19.04202      360
 19.07424      360
 19.10646      360
 19.13868      360
 19.1709       360
 19.20312      360
 19.23534      361
 19.23534      361
 19.26756      361
 19.29978      361
 19.332        362
 19.36422      362
 19.39644      362
 19.39644      363
 19.42866      363
 19.46088      363
 19.52532      364
 19.55754      364
 19.58976      365
 19.58976      365
 19.62198      366
 19.6542       366
 19.68642      367
 19.71864      367
 19.75086      368
 19.78308      369
 19.78308      370
 19.8153       371
 19.84752      372
 19.87974      372
 19.91196      374
 19.94418      375
 19.94418      376
 19.9764       377
 20.00862      378
 20.04084      379
 20.07306      381
 20.10528      382
 20.1375       383
 20.16972      385
 20.16972      386
 20.20194      388
 20.23416      390
 20.26638      391
 20.2986       393
 20.33082      395
 20.33082      397
 20.36304      399
 20.39526      401
 20.42748      404
 20.4597       406
 20.49192      408
 20.49192      410
 20.52414      413
 20.55636      415
 20.58858      417
 20.6208       420
 20.65302      422
 20.68524      425
 20.68524      427
 20.71746      430
 20.74968      432
 20.7819       435
 20.81412      438
 20.84634      440
 20.84634      443
 20.87856      446
 20.91078      449
 20.943        457
 20.97522      458
 21.00744      459
 21.03966      461
 21.03966      463
 21.07188      465
 21.1041       467
 21.13632      470
 21.16854      472
 21.20076      475
 21.20076      478
 21.23298      480
 21.2652       483
 21.29742      486
 21.32964      489
 21.36186      492
 21.36186      495
 21.39408      497
 21.4263       500
 21.45852      503
 21.49074      507
 21.52296      510
 21.55518      513
 21.55518      516
 21.5874       519
 21.61962      521
 21.65184      524
 21.68406      527
 21.71628      530
 21.71628      533
 21.7485       535
 21.78072      538
 21.81294      541
 21.84516      543
 21.87738      546
 21.87738      549
 21.9096       551
 21.94182      554
 21.97404      556
 22.00626      559
 22.00626      561
 22.03848      564
 22.0707       566
 22.10292      568
 22.13514      570
 22.16736      573
 22.19958      575
 22.2318       577
 22.2318       579
 22.26402      581
 22.29624      582
 22.32846      584
 22.36068      586
 22.36068      588
 22.3929       589
 22.42512      591
 22.45734      592
 22.48956      591
 22.52178      590
 22.52178      584
 22.554        576
 22.58622      571
 22.61844      569
 22.65066      570
 22.68288      571
 22.68288      573
 22.7151       575
 22.77954      577
 22.81176      579
 22.84398      581
 22.84398      582
 22.8762       584
 22.90842      586
 22.94064      587
 22.97286      588
 23.00508      589
 23.00508      590
 23.0373       592
 23.06952      592
 23.10174      593
 23.13396      594
 23.13396      594
 23.16618      595
 23.1984       595
 23.23062      596
 23.26284      596
 23.29506      596
 23.29506      596
 23.32728      597
 23.3595       597
 23.39172      597
 23.42394      597
 23.45616      597
 23.45616      597
 23.48838      598
 23.5206       598
 23.55282      598
 23.58504      598
 23.58504      598
 23.61726      598
 23.64948      598
 23.6817       598
 23.71392      598
 23.74614      598
 23.74614      598
 23.77836      598
 23.81058      598
 23.8428       598
 23.87502      598
 23.90724      598
 23.90724      598
 23.93946      598
 23.97168      598
 24.0039       598
 24.03612      598
 24.03612      598
 24.06834      598
 24.10056      598
 24.13278      598
 24.165        598
 24.19722      598
 24.19722      598
 24.22944      598
 24.26166      598
 24.29388      598
 24.3261       599
 24.3261       598
 24.35832      598
 24.39054      598
 24.42276      598
 24.45498      598
 24.4872       598
 24.4872       598
 24.51942      598
 24.55164      598
 24.58386      598
 24.61608      598
 24.61608      598
 24.6483       598
 24.68052      598
 24.71274      598
 24.74496      599
 24.77718      599
 24.77718      599
 24.8094       599
 24.84162      599
 24.87384      599
 24.90606      600
 24.90606      600
 24.93828      600
 24.9705       601
 25.00272      601
 25.00272      601
 25.03494      601
 25.06716      602
 25.09938      602
 25.1316       603
 25.16382      603
 25.16382      604
 25.19604      606
 25.22826      606
 25.26048      607
 25.2927       608
 25.2927       609
 25.32492      610
 25.35714      611
 25.38936      612
 25.42158      613
 25.4538       614
 25.4538       615
 25.48602      617
 25.51824      618
 25.55046      619
 25.58268      620
 25.58268      622
 25.6149       623
 25.64712      624
 25.67934      626
 25.71156      627
 25.71156      629
 25.74378      630
 25.776        632
 25.80822      633
 25.84044      635
 25.87266      637
 25.87266      638
 25.90488      640
 25.9371       642
 25.96932      643
 26.00154      645
 26.03376      647
 26.06598      649
 26.0982       651
 26.13042      653
 26.13042      654
 26.16264      656
 26.19486      658
 26.22708      660
 26.2593       662
 26.2593       663
 26.29152      665
 26.32374      667
 26.35596      669
 26.38818      671
 26.38818      673
 26.4204       674
 26.45262      676
 26.48484      678
 26.51706      680
 26.51706      682
 26.54928      684
 26.5815       686
 26.61372      688
 26.64594      690
 26.64594      691
 26.67816      693
 26.71038      695
 26.7426       697
 26.77482      699
 26.77482      701
 26.80704      703
 26.83926      704
 26.87148      707
 26.9037       709
 26.9037       711
 26.93592      712
 26.96814      714
 27.00036      716
 27.00036      718
 27.03258      720
 27.0648       722
 27.09702      724
 27.12924      725
 27.12924      727
 27.16146      729
 27.19368      731
 27.2259       733
 27.25812      735
 27.29034      736
 27.29034      738
 27.32256      740
 27.35478      742
 27.387        744
 27.387        746
 27.41922      748
 27.45144      749
 27.48366      751
 27.51588      753
 27.51588      755
 27.5481       756
 27.58032      758
 27.61254      760
 27.64476      762
 27.64476      764
 27.67698      765
 27.7092       767
 27.74142      769
 27.74142      770
 27.77364      772
 27.80586      774
 27.83808      775
 27.8703       777
 27.8703       778
 27.90252      780
 27.93474      781
 27.96696      783
 27.99918      784
 27.99918      786
 28.0314       787
 28.06362      789
 28.09584      790
 28.09584      792
 28.12806      793
 28.16028      795
 28.1925       796
 28.22472      798
 28.22472      799
 28.25694      800
 28.28916      802
 28.32138      803
 28.3536       805
 28.3536       806
 28.38582      808
 28.41804      810
 28.45026      811
 28.45026      813
 28.48248      814
 28.5147       815
 28.54692      816
 28.54692      818
 28.57914      819
 28.61136      820
 28.64358      821
 28.6758       823
 28.6758       824
 28.70802      825
 28.74024      826
 28.77246      828
