 0             0
 0             0
 0             0
 0             0
 3.222e-002    0
 6.444e-002    0
 6.444e-002    0
 9.666e-002    0
 0.1611        0
 0.1611        0
 0.19332       0
 0.22554       0
 0.22554       0
 0.25776       0
 0.28998       0
 0.28998       0
 0.35442       0
 0.35442       0
 0.38664       0
 0.41886       0
 0.45108       0
 0.45108       0
 0.51552       0
 0.51552       0
 0.54774       0
 0.57996       0
 0.57996       0
 0.6444        0
 0.67662       0
 0.67662       0
 0.70884       0
 0.74106       0
 0.74106       0
 0.8055        0
 0.8055        0
 0.83772       0
 0.90216       0
 0.90216       0
 0.93438       0
 0.9666        0
 0.9666        0
 0.99882       0
 1.03104       0
 1.06326       0
 1.09548       0
 1.1277        0
 1.1277        0
 1.19214       0
 1.19214       0
 1.22436       0
 1.25658       0
 1.2888        0
 1.2888        0
 1.35324       0
 1.35324       0
 1.38546       0
 1.41768       0
 1.4499        0
 1.48212       0
 1.51434       0
 1.51434       0
 1.57878       0
 1.57878       0
 1.611         0
 1.64322       0
 1.67544       0
 1.67544       0
 1.73988       0
 1.73988       0
 1.7721        0
 1.80432       0
 1.83654       0
 1.86876       0
 1.90098       0
 1.90098       0
 1.96542       0
 1.96542       0
 1.99764       0
 2.02986       0
 2.06208       0
 2.06208       0
 2.12652       0
 2.12652       0
 2.15874       0
 2.19096       0
 2.22318       0
 2.2554        0
 2.28762       0
 2.28762       0
 2.35206       0
 2.35206       0
 2.38428       0
 2.4165        0
 2.44872       0
 2.44872       0
 2.51316       0
 2.51316       0
 2.54538       0
 2.5776        0
 2.60982       0
 2.64204       0
 2.67426       0
 2.67426       0
 2.7387        0
 2.7387        0
 2.77092       0
 2.80314       0
 2.83536       0
 2.86758       0
 2.8998        0
 2.8998        0
 2.93202       0
 2.96424       0
 2.99646       0
 3.02868       0
 3.0609        0
 3.09312       0
 3.12534       0
 3.12534       0
 3.15756       0
 3.18978       0
 3.25422       0
 3.25422       0
 3.31866       0
 3.31866       0
 3.35088       0
 3.3831        0
 3.41532       0
 3.44754       0
 3.47976       0
 3.47976       0
 3.51198       1
 3.5442        1
 3.57642       1
 3.60864       1
 3.64086       1
 3.67308       1
 3.7053        1
 3.73752       1
 3.73752       2
 3.80196       2
 3.80196       2
 3.83418       2
 3.8664        2
 3.89862       2
 3.93084       3
 3.96306       3
 3.96306       3
 4.0275        3
 4.0275        3
 4.05972       3
 4.09194       4
 4.12416       4
 4.15638       4
 4.1886        4
 4.1886        4
 4.22082       5
 4.25304       5
 4.28526       5
 4.31748       6
 4.3497        6
 4.38192       6
 4.41414       6
 4.44636       6
 4.44636       7
 4.47858       7
 4.5108        7
 4.54302       8
 4.57524       8
 4.60746       8
 4.63968       9
 4.6719        9
 4.6719        9
 4.70412       10
 4.73634       10
 4.76856       10
 4.80078       11
 4.833         11
 4.86522       12
 4.89744       12
 4.89744       12
 4.92966       13
 4.96188       14
 4.9941        14
 5.02632       15
 5.05854       15
 5.09076       15
 5.12298       16
 5.1552        15
 5.1552        16
 5.18742       16
 5.21964       16
 5.25186       17
 5.28408       18
 5.3163        18
 5.34852       19
 5.38074       19
 5.38074       20
 5.41296       21
 5.44518       22
 5.4774        23
 5.50962       23
 5.54184       24
 5.57406       25
 5.60628       26
 5.6385        27
 5.67072       27
 5.67072       28
 5.70294       29
 5.73516       30
 5.76738       31
 5.7996        32
 5.83182       33
 5.86404       37
 5.89626       40
 5.92848       41
 5.92848       42
 5.9607        42
 5.99292       43
 6.02514       44
 6.05736       44
 6.08958       44
 6.1218        45
 6.15402       46
 6.15402       46
 6.18624       47
 6.21846       48
 6.25068       49
 6.2829        50
 6.31512       50
 6.34734       51
 6.37956       52
 6.37956       53
 6.41178       54
 6.444         55
 6.50844       57
 6.54066       58
 6.57288       59
 6.6051        60
 6.6051        61
 6.66954       62
 6.66954       64
 6.70176       65
 6.73398       66
 6.7662        67
 6.79842       68
 6.83064       69
 6.86286       70
 6.89508       71
 6.89508       72
 6.9273        73
 6.95952       74
 6.99174       74
 7.02396       75
 7.05618       75
 7.0884        76
 7.12062       76
 7.12062       76
 7.15284       76
 7.18506       76
 7.21728       76
 7.2495        76
 7.28172       75
 7.31394       75
 7.34616       75
 7.37838       74
 7.37838       73
 7.4106        73
 7.44282       72
 7.47504       71
 7.50726       70
 7.53948       70
 7.5717        69
 7.60392       68
 7.60392       67
 7.63614       66
 7.66836       65
 7.70058       64
 7.7328        63
 7.76502       62
 7.79724       61
 7.82946       60
 7.86168       59
 7.86168       58
 7.8939        57
 7.92612       57
 7.95834       59
 7.99056       59
 8.02278       58
 8.055         57
 8.08722       56
 8.08722       55
 8.11944       54
 8.15166       52
 8.18388       51
 8.2161        50
 8.24832       49
 8.28054       48
 8.31276       47
 8.31276       46
 8.34498       45
 8.3772        44
 8.40942       44
 8.44164       43
 8.47386       43
 8.50608       42
 8.5383        42
 8.57052       41
 8.57052       41
 8.60274       40
 8.63496       40
 8.66718       40
 8.6994        39
 8.73162       39
 8.76384       39
 8.79606       39
 8.79606       39
 8.82828       39
 8.8605        39
 8.89272       39
 8.92494       40
 8.95716       40
 8.98938       40
 9.0216        40
 9.0216        41
 9.05382       41
 9.08604       41
 9.11826       42
 9.15048       42
 9.1827        43
 9.21492       43
 9.24714       44
 9.27936       45
 9.27936       45
 9.31158       46
 9.3438        47
 9.37602       48
 9.40824       48
 9.44046       49
 9.47268       50
 9.5049        51
 9.5049        52
 9.53712       53
 9.56934       54
 9.60156       55
 9.63378       57
 9.666         57
 9.69822       58
 9.73044       60
 9.76266       61
 9.79488       62
 9.8271        63
 9.85932       64
 9.89154       66
 9.92376       67
 9.92376       68
 9.95598       70
 9.9882        71
 10.02042      73
 10.05264      74
 10.08486      76
 10.11708      77
 10.1493       79
 10.18152      80
 10.18152      82
 10.21374      83
 10.24596      85
 10.27818      87
 10.3104       88
 10.34262      90
 10.37484      92
 10.37484      94
 10.40706      95
 10.43928      97
 10.4715       99
 10.50372      102
 10.53594      104
 10.56816      106
 10.56816      108
 10.60038      110
 10.6326       112
 10.66482      114
 10.69704      116
 10.72926      118
 10.76148      120
 10.7937       123
 10.7937       125
 10.82592      127
 10.85814      129
 10.89036      131
 10.92258      134
 10.9548       136
 10.98702      139
 11.01924      141
 11.01924      143
 11.05146      146
 11.08368      149
 11.1159       151
 11.14812      154
 11.18034      156
 11.21256      159
 11.21256      161
 11.24478      163
 11.277        166
 11.30922      169
 11.34144      171
 11.37366      173
 11.40588      176
 11.4381       178
 11.4381       181
 11.47032      184
 11.50254      186
 11.53476      189
 11.56698      191
 11.5992       194
 11.63142      196
 11.66364      198
 11.66364      200
 11.69586      203
 11.72808      205
 11.7603       206
 11.79252      208
 11.82474      209
 11.82474      210
 11.85696      211
 11.88918      211
 11.9214       212
 11.95362      212
 11.98584      211
 12.01806      210
 12.05028      209
 12.05028      208
 12.0825       207
 12.11472      205
 12.14694      203
 12.17916      200
 12.21138      198
 12.2436       195
 12.27582      193
 12.27582      190
 12.30804      187
 12.34026      184
 12.37248      181
 12.4047       178
 12.43692      175
 12.43692      172
 12.46914      169
 12.50136      166
 12.53358      163
 12.5658       161
 12.59802      158
 12.63024      155
 12.66246      152
 12.66246      148
 12.69468      145
 12.7269       142
 12.75912      138
 12.79134      135
 12.82356      132
 12.85578      129
 12.888        126
 12.888        123
 12.92022      120
 12.95244      117
 13.01688      115
 13.0491       112
 13.0491       110
 13.08132      108
 13.11354      106
 13.14576      103
 13.17798      101
 13.2102       99
 13.24242      97
 13.24242      95
 13.27464      94
 13.30686      92
 13.33908      91
 13.3713       90
 13.40352      88
 13.43574      87
 13.43574      86
 13.46796      85
 13.50018      85
 13.5324       84
 13.56462      83
 13.59684      83
 13.59684      82
 13.62906      82
 13.66128      82
 13.6935       81
 13.72572      82
 13.75794      82
 13.79016      82
 13.79016      82
 13.82238      82
 13.8546       82
 13.88682      83
 13.91904      83
 13.95126      84
 13.98348      84
 13.98348      85
 14.0157       86
 14.04792      87
 14.08014      87
 14.11236      88
 14.14458      89
 14.1768       90
 14.1768       92
 14.20902      93
 14.24124      94
 14.27346      95
 14.30568      96
 14.3379       98
 14.37012      99
 14.37012      101
 14.40234      103
 14.43456      105
 14.46678      106
 14.499        108
 14.53122      110
 14.53122      111
 14.56344      113
 14.59566      115
 14.62788      117
 14.6601       119
 14.69232      121
 14.69232      124
 14.72454      123
 14.75676      124
 14.78898      125
 14.8212       127
 14.85342      129
 14.85342      131
 14.88564      133
 14.91786      136
 14.95008      139
 14.9823       141
 15.01452      144
 15.04674      147
 15.04674      149
 15.07896      152
 15.11118      155
 15.1434       157
 15.17562      160
 15.20784      163
 15.24006      165
 15.24006      168
 15.27228      171
 15.3045       174
 15.33672      177
 15.36894      180
 15.40116      182
 15.40116      185
 15.43338      188
 15.4656       191
 15.49782      194
 15.53004      197
 15.56226      200
 15.59448      204
 15.59448      207
 15.6267       210
 15.65892      213
 15.69114      216
 15.72336      220
 15.75558      223
 15.75558      226
 15.7878       230
 15.82002      233
 15.85224      236
 15.88446      240
 15.91668      243
 15.91668      247
 15.9489       250
 15.98112      253
 16.01334      257
 16.04556      261
 16.07778      264
 16.07778      268
 16.11         271
 16.14222      274
 16.17444      278
 16.20666      282
 16.23888      285
 16.2711       289
 16.30332      292
 16.33554      295
 16.36776      299
 16.39998      303
 16.39998      306
 16.4322       309
 16.46442      312
 16.49664      315
 16.52886      318
 16.56108      320
 16.56108      323
 16.5933       325
 16.62552      327
 16.65774      330
 16.68996      331
 16.72218      333
 16.7544       334
 16.7544       335
 16.78662      336
 16.81884      336
 16.85106      336
 16.88328      336
 16.9155       336
 16.9155       335
 16.94772      335
 16.97994      333
 17.01216      332
 17.04438      331
 17.0766       329
 17.0766       327
 17.10882      326
 17.14104      322
 17.17326      319
 17.20548      316
 17.20548      313
 17.2377       310
 17.26992      306
 17.30214      302
 17.33436      298
 17.36658      294
 17.36658      290
 17.3988       286
 17.43102      282
 17.46324      278
 17.49546      274
 17.52768      269
 17.52768      265
 17.5599       260
 17.59212      255
 17.62434      251
 17.65656      246
 17.68878      241
 17.68878      237
 17.721        232
 17.75322      227
 17.78544      223
 17.81766      218
 17.81766      214
 17.84988      210
 17.8821       206
 17.91432      202
 17.94654      198
 17.97876      194
 17.97876      190
 18.01098      187
 18.0432       184
 18.07542      181
 18.10764      177
 18.13986      174
 18.13986      172
 18.17208      169
 18.2043       166
 18.23652      164
 18.26874      161
 18.30096      159
 18.33318      157
 18.33318      155
 18.3654       153
 18.39762      152
 18.42984      150
 18.46206      149
 18.46206      147
 18.49428      146
 18.5265       145
 18.55872      144
 18.59094      143
 18.62316      142
 18.62316      141
 18.65538      141
 18.6876       140
 18.71982      140
 18.75204      139
 18.75204      139
 18.78426      139
 18.81648      139
 18.8487       139
 18.88092      139
 18.88092      139
 18.91314      140
 18.94536      140
 18.97758      141
 19.0098       141
 19.0098       142
 19.04202      143
 19.07424      143
 19.10646      144
 19.13868      145
 19.1709       146
 19.1709       147
 19.20312      148
 19.23534      150
 19.26756      151
 19.29978      152
 19.332        153
 19.36422      155
 19.36422      156
 19.39644      158
 19.42866      160
 19.46088      161
 19.4931       163
 19.52532      165
 19.55754      166
 19.58976      168
 19.62198      170
 19.62198      172
 19.6542       174
 19.68642      176
 19.71864      178
 19.75086      180
 19.78308      182
 19.78308      185
 19.8153       187
 19.84752      189
 19.87974      192
 19.91196      194
 19.91196      196
 19.94418      199
 19.9764       202
 20.00862      205
 20.04084      208
 20.07306      210
 20.07306      213
 20.10528      216
 20.1375       218
 20.16972      221
 20.20194      224
 20.20194      227
 20.23416      230
 20.26638      233
 20.2986       236
 20.33082      239
 20.33082      242
 20.36304      245
 20.39526      248
 20.42748      251
 20.4597       254
 20.4597       258
 20.49192      261
 20.52414      264
 20.55636      268
 20.58858      271
 20.58858      274
 20.6208       278
 20.65302      281
 20.68524      285
 20.71746      288
 20.74968      292
 20.74968      296
 20.7819       299
 20.81412      303
 20.84634      307
 20.87856      311
 20.87856      314
 20.91078      318
 20.943        322
 20.97522      325
 21.00744      338
 21.00744      351
 21.03966      359
 21.07188      365
 21.1041       370
 21.13632      373
 21.16854      374
 21.16854      375
 21.20076      376
 21.23298      377
 21.2652       378
 21.29742      380
 21.29742      381
 21.32964      383
 21.36186      385
 21.39408      386
 21.4263       388
 21.4263       390
 21.45852      391
 21.49074      393
 21.52296      395
 21.55518      397
 21.55518      399
 21.5874       400
 21.61962      401
 21.65184      402
 21.68406      404
 21.68406      404
 21.71628      404
 21.7485       404
 21.78072      404
 21.81294      405
 21.81294      405
 21.84516      405
 21.87738      405
 21.9096       405
 21.94182      405
 21.94182      405
 21.97404      404
 22.00626      404
 22.03848      402
 22.0707       401
 22.0707       400
 22.10292      398
 22.13514      396
 22.16736      395
 22.19958      392
 22.19958      390
 22.2318       388
 22.26402      385
 22.29624      382
 22.32846      379
 22.32846      376
 22.36068      373
 22.3929       369
 22.42512      365
 22.45734      362
 22.45734      358
 22.48956      354
 22.52178      350
 22.554        345
 22.58622      341
 22.58622      337
 22.61844      332
 22.65066      328
 22.68288      324
 22.7151       319
 22.7151       315
 22.77954      311
 22.81176      307
 22.84398      303
 22.84398      298
 22.8762       294
 22.90842      290
 22.94064      286
 22.94064      282
 22.97286      279
 23.00508      275
 23.0373       271
 23.06952      268
 23.06952      264
 23.10174      261
 23.13396      258
 23.16618      254
 23.1984       252
 23.1984       248
 23.23062      246
 23.26284      243
 23.29506      240
 23.32728      238
 23.32728      236
 23.3595       233
 23.39172      231
 23.42394      229
 23.42394      227
 23.45616      226
 23.48838      224
 23.5206       223
 23.55282      221
 23.55282      220
 23.58504      218
 23.61726      217
 23.64948      216
 23.6817       215
 23.6817       214
 23.71392      213
 23.74614      212
 23.77836      211
 23.81058      211
 23.81058      210
 23.8428       210
 23.87502      210
 23.90724      209
 23.93946      209
 23.93946      209
 23.97168      209
 24.0039       209
 24.03612      209
 24.06834      209
 24.06834      209
 24.10056      210
 24.13278      210
 24.165        210
 24.165        211
 24.19722      211
 24.22944      212
 24.26166      213
 24.29388      213
 24.29388      214
 24.3261       215
 24.35832      215
 24.39054      216
 24.39054      217
 24.42276      218
 24.45498      219
 24.4872       220
 24.4872       221
 24.51942      223
 24.55164      224
 24.58386      225
 24.61608      227
 24.61608      228
 24.6483       230
 24.68052      232
 24.71274      233
 24.71274      235
 24.74496      237
 24.77718      238
 24.8094       241
 24.84162      242
 24.84162      244
 24.87384      247
 24.90606      248
 24.93828      250
 24.9705       252
 24.9705       254
 25.00272      256
 25.03494      259
 25.06716      261
 25.06716      264
 25.09938      266
 25.1316       269
 25.16382      271
 25.19604      274
 25.19604      276
 25.22826      279
 25.26048      282
 25.26048      284
 25.2927       288
 25.32492      290
 25.35714      293
 25.38936      296
 25.38936      298
 25.42158      301
 25.4538       304
 25.48602      306
 25.51824      309
 25.51824      312
 25.55046      315
 25.58268      319
 25.6149       322
 25.6149       325
 25.64712      329
 25.67934      332
 25.71156      336
 25.74378      339
 25.74378      343
 25.776        346
 25.80822      350
 25.84044      352
 25.84044      356
 25.87266      359
 25.90488      362
 25.9371       366
 25.96932      370
 25.96932      373
 26.03376      377
 26.06598      380
 26.06598      383
 26.0982       387
 26.13042      390
 26.16264      393
 26.16264      397
 26.19486      400
 26.22708      404
 26.2593       407
 26.2593       410
 26.29152      413
 26.32374      417
 26.35596      419
 26.38818      422
 26.38818      425
 26.4204       428
 26.45262      431
 26.48484      433
 26.48484      436
 26.51706      438
 26.54928      440
 26.5815       443
 26.61372      444
 26.61372      446
 26.64594      448
 26.67816      450
 26.71038      452
 26.71038      453
 26.7426       455
 26.77482      456
 26.80704      458
 26.80704      459
 26.83926      460
 26.87148      461
 26.9037       462
 26.9037       462
 26.93592      463
 26.96814      464
 27.00036      465
 27.03258      465
 27.03258      465
 27.0648       465
 27.09702      464
 27.09702      464
 27.12924      463
 27.16146      462
 27.19368      462
 27.2259       467
 27.2259       449
 27.25812      438
 27.29034      432
 27.32256      429
 27.32256      427
 27.35478      426
 27.387        425
 27.41922      425
 27.41922      425
 27.45144      425
 27.48366      424
 27.51588      423
 27.51588      422
 27.5481       421
 27.58032      420
 27.61254      419
 27.61254      417
 27.64476      415
 27.67698      414
