 0             0
 0             0
 0             0
 0             0
 3.222e-002    0
 3.222e-002    0
 9.666e-002    0
 0.12888       0
 0.12888       0
 0.1611        0
 0.19332       0
 0.19332       0
 0.25776       0
 0.25776       0
 0.28998       0
 0.3222        0
 0.3222        0
 0.35442       0
 0.41886       0
 0.41886       0
 0.45108       0
 0.4833        0
 0.4833        0
 0.54774       0
 0.54774       0
 0.57996       0
 0.6444        0
 0.6444        0
 0.67662       0
 0.70884       0
 0.70884       0
 0.74106       0
 0.77328       0
 0.8055        0
 0.83772       0
 0.86994       0
 0.86994       0
 0.93438       0
 0.93438       0
 0.9666        0
 1.03104       0
 1.03104       0
 1.06326       0
 1.09548       0
 1.09548       0
 1.15992       0
 1.15992       0
 1.19214       0
 1.22436       0
 1.25658       0
 1.2888        0
 1.32102       0
 1.32102       0
 1.35324       0
 1.41768       0
 1.41768       0
 1.4499        0
 1.48212       0
 1.51434       0
 1.54656       0
 1.57878       0
 1.57878       0
 1.64322       0
 1.64322       0
 1.67544       0
 1.70766       0
 1.73988       0
 1.7721        0
 1.80432       0
 1.80432       0
 1.86876       0
 1.86876       0
 1.90098       0
 1.9332        0
 1.96542       0
 1.99764       0
 2.02986       0
 2.02986       0
 2.0943        0
 2.0943        0
 2.12652       0
 2.15874       0
 2.19096       0
 2.22318       0
 2.2554        0
 2.2554        0
 2.31984       0
 2.35206       0
 2.35206       0
 2.38428       0
 2.4165        0
 2.44872       0
 2.48094       0
 2.51316       0
 2.54538       0
 2.5776        0
 2.5776        0
 2.60982       0
 2.64204       0
 2.67426       0
 2.70648       0
 2.7387        0
 2.7387        0
 2.80314       0
 2.80314       0
 2.83536       0
 2.86758       0
 2.8998        0
 2.93202       0
 2.96424       0
 2.99646       0
 3.02868       0
 3.0609        0
 3.0609        0
 3.12534       0
 3.12534       0
 3.15756       0
 3.18978       0
 3.25422       0
 3.25422       0
 3.31866       0
 3.31866       0
 3.35088       0
 3.3831        0
 3.41532       0
 3.44754       0
 3.47976       0
 3.47976       0
 3.5442        0
 3.5442        0
 3.60864       0
 3.60864       0
 3.64086       0
 3.67308       0
 3.7053        0
 3.73752       0
 3.76974       0
 3.80196       0
 3.83418       0
 3.8664        0
 3.8664        0
 3.89862       0
 3.93084       0
 3.96306       0
 3.99528       0
 4.0275        0
 4.05972       0
 4.09194       0
 4.12416       0
 4.12416       0
 4.1886        0
 4.1886        0
 4.22082       0
 4.25304       0
 4.28526       0
 4.31748       0
 4.3497        0
 4.38192       0
 4.41414       0
 4.41414       0
 4.44636       0
 4.47858       0
 4.5108        0
 4.54302       1
 4.57524       1
 4.60746       1
 4.63968       1
 4.6719        1
 4.6719        1
 4.73634       1
 4.73634       2
 4.76856       2
 4.80078       2
 4.833         2
 4.86522       2
 4.89744       2
 4.92966       3
 4.96188       3
 4.9941        3
 4.9941        3
 5.05854       4
 5.05854       4
 5.09076       4
 5.12298       4
 5.1552        4
 5.18742       5
 5.21964       5
 5.25186       5
 5.28408       5
 5.3163        6
 5.3163        6
 5.38074       6
 5.38074       6
 5.41296       7
 5.44518       7
 5.4774        7
 5.50962       8
 5.54184       8
 5.57406       8
 5.60628       9
 5.6385        9
 5.6385        9
 5.70294       10
 5.70294       10
 5.73516       10
 5.76738       11
 5.7996        11
 5.83182       11
 5.86404       12
 5.89626       12
 5.92848       12
 5.9607        13
 5.9607        13
 5.99292       14
 6.02514       14
 6.05736       14
 6.08958       15
 6.1218        15
 6.15402       16
 6.18624       16
 6.21846       16
 6.25068       17
 6.2829        17
 6.2829        18
 6.31512       18
 6.34734       19
 6.37956       19
 6.41178       20
 6.47622       20
 6.50844       21
 6.54066       21
 6.57288       22
 6.57288       22
 6.63732       23
 6.63732       23
 6.66954       24
 6.70176       24
 6.73398       25
 6.7662        25
 6.79842       26
 6.83064       26
 6.86286       26
 6.89508       27
 6.89508       27
 6.9273        27
 6.95952       27
 6.99174       28
 7.02396       28
 7.05618       28
 7.0884        28
 7.12062       28
 7.15284       28
 7.18506       28
 7.21728       28
 7.21728       28
 7.2495        28
 7.28172       27
 7.31394       27
 7.34616       27
 7.37838       26
 7.4106        26
 7.44282       26
 7.47504       25
 7.50726       25
 7.53948       24
 7.53948       24
 7.5717        24
 7.60392       23
 7.63614       23
 7.66836       22
 7.70058       22
 7.7328        21
 7.76502       21
 7.79724       20
 7.82946       20
 7.86168       19
 7.86168       19
 7.8939        18
 7.92612       18
 7.95834       17
 7.99056       17
 8.02278       16
 8.055         16
 8.08722       16
 8.11944       15
 8.11944       15
 8.18388       14
 8.18388       14
 8.2161        14
 8.24832       13
 8.28054       13
 8.31276       13
 8.34498       13
 8.3772        12
 8.40942       12
 8.44164       12
 8.44164       12
 8.47386       12
 8.50608       11
 8.5383        11
 8.57052       11
 8.60274       11
 8.63496       11
 8.66718       11
 8.6994        11
 8.73162       11
 8.73162       11
 8.76384       11
 8.79606       11
 8.82828       11
 8.8605        11
 8.89272       11
 8.92494       11
 8.95716       12
 8.98938       12
 8.98938       12
 9.0216        12
 9.05382       12
 9.08604       12
 9.11826       13
 9.15048       13
 9.1827        13
 9.21492       13
 9.24714       14
 9.27936       14
 9.31158       14
 9.31158       15
 9.3438        15
 9.37602       15
 9.40824       16
 9.44046       16
 9.47268       16
 9.5049        17
 9.53712       17
 9.56934       18
 9.60156       18
 9.63378       18
 9.63378       19
 9.666         20
 9.69822       20
 9.76266       21
 9.79488       21
 9.8271        21
 9.85932       22
 9.89154       23
 9.89154       23
 9.92376       24
 9.95598       24
 9.9882        25
 10.02042      25
 10.05264      26
 10.08486      27
 10.11708      27
 10.1493       28
 10.1493       29
 10.18152      29
 10.21374      30
 10.24596      31
 10.27818      31
 10.3104       32
 10.34262      33
 10.37484      33
 10.40706      34
 10.43928      35
 10.43928      35
 10.4715       36
 10.50372      37
 10.53594      38
 10.56816      39
 10.60038      39
 10.6326       40
 10.66482      41
 10.69704      42
 10.69704      43
 10.72926      44
 10.76148      44
 10.7937       45
 10.82592      46
 10.85814      47
 10.89036      48
 10.92258      49
 10.9548       50
 10.9548       51
 10.98702      52
 11.01924      53
 11.05146      54
 11.08368      55
 11.1159       56
 11.14812      57
 11.18034      58
 11.21256      59
 11.24478      60
 11.24478      61
 11.277        62
 11.30922      63
 11.34144      64
 11.37366      65
 11.40588      66
 11.4381       67
 11.47032      68
 11.47032      69
 11.50254      70
 11.53476      71
 11.56698      72
 11.5992       73
 11.63142      74
 11.66364      74
 11.69586      75
 11.72808      76
 11.72808      76
 11.7603       77
 11.79252      77
 11.82474      78
 11.85696      78
 11.88918      78
 11.9214       78
 11.95362      78
 11.98584      78
 11.98584      78
 12.01806      77
 12.05028      77
 12.0825       77
 12.11472      76
 12.14694      75
 12.17916      75
 12.21138      74
 12.2436       73
 12.2436       73
 12.27582      72
 12.30804      71
 12.34026      70
 12.37248      69
 12.4047       69
 12.43692      68
 12.46914      67
 12.50136      66
 12.50136      65
 12.53358      64
 12.5658       63
 12.59802      62
 12.63024      61
 12.66246      60
 12.69468      59
 12.7269       58
 12.75912      56
 12.75912      55
 12.79134      54
 12.82356      53
 12.85578      52
 12.888        51
 12.92022      50
 12.95244      49
 12.98466      48
 13.01688      47
 13.0491       46
 13.08132      45
 13.11354      44
 13.14576      44
 13.17798      43
 13.17798      42
 13.2102       41
 13.24242      41
 13.27464      40
 13.30686      40
 13.33908      39
 13.3713       38
 13.40352      38
 13.43574      37
 13.43574      37
 13.46796      36
 13.50018      36
 13.5324       36
 13.56462      35
 13.59684      35
 13.62906      35
 13.66128      35
 13.66128      34
 13.6935       34
 13.72572      34
 13.75794      34
 13.79016      34
 13.82238      34
 13.8546       34
 13.88682      34
 13.88682      34
 13.91904      35
 13.95126      35
 13.98348      35
 14.0157       35
 14.04792      35
 14.08014      35
 14.11236      36
 14.11236      36
 14.14458      36
 14.1768       37
 14.20902      37
 14.24124      38
 14.27346      38
 14.30568      38
 14.3379       39
 14.3379       39
 14.37012      40
 14.40234      40
 14.43456      41
 14.46678      42
 14.499        42
 14.53122      43
 14.53122      43
 14.56344      44
 14.59566      44
 14.62788      45
 14.6601       46
 14.69232      47
 14.72454      47
 14.75676      48
 14.75676      49
 14.78898      50
 14.8212       50
 14.85342      51
 14.88564      52
 14.91786      53
 14.95008      54
 14.9823       55
 14.9823       55
 15.01452      57
 15.04674      57
 15.07896      58
 15.11118      59
 15.1434       60
 15.17562      61
 15.20784      62
 15.20784      63
 15.24006      64
 15.27228      65
 15.3045       66
 15.33672      67
 15.36894      68
 15.36894      69
 15.40116      72
 15.43338      73
 15.4656       73
 15.49782      73
 15.53004      73
 15.56226      74
 15.59448      75
 15.59448      76
 15.6267       78
 15.65892      79
 15.69114      80
 15.72336      81
 15.75558      82
 15.7878       84
 15.82002      85
 15.82002      86
 15.85224      88
 15.88446      89
 15.91668      90
 15.9489       92
 15.98112      93
 15.98112      94
 16.01334      96
 16.04556      97
 16.07778      99
 16.11         101
 16.14222      102
 16.17444      104
 16.20666      105
 16.20666      105
 16.2711       107
 16.30332      108
 16.33554      110
 16.36776      111
 16.39998      112
 16.39998      114
 16.4322       115
 16.46442      116
 16.49664      118
 16.52886      119
 16.56108      120
 16.5933       121
 16.5933       122
 16.62552      123
 16.65774      124
 16.68996      124
 16.72218      125
 16.7544       126
 16.78662      126
 16.78662      126
 16.81884      127
 16.85106      127
 16.88328      127
 16.9155       127
 16.94772      127
 16.94772      127
 16.97994      127
 17.01216      127
 17.04438      127
 17.0766       126
 17.10882      126
 17.14104      126
 17.14104      125
 17.17326      125
 17.20548      124
 17.2377       123
 17.26992      123
 17.30214      122
 17.33436      121
 17.33436      120
 17.36658      119
 17.3988       118
 17.43102      116
 17.46324      114
 17.49546      113
 17.52768      112
 17.5599       110
 17.5599       109
 17.59212      108
 17.62434      106
 17.65656      105
 17.68878      104
 17.721        103
 17.721        101
 17.75322      99
 17.78544      98
 17.81766      97
 17.84988      96
 17.8821       95
 17.91432      94
 17.91432      93
 17.94654      92
 17.97876      91
 18.01098      90
 18.0432       89
 18.07542      88
 18.10764      87
 18.10764      86
 18.13986      86
 18.17208      84
 18.2043       81
 18.23652      79
 18.26874      77
 18.26874      75
 18.30096      74
 18.33318      72
 18.3654       71
 18.39762      70
 18.42984      69
 18.46206      68
 18.46206      68
 18.49428      67
 18.5265       66
 18.55872      66
 18.59094      65
 18.62316      65
 18.65538      65
 18.65538      65
 18.6876       65
 18.71982      64
 18.75204      64
 18.78426      64
 18.81648      64
 18.81648      64
 18.8487       65
 18.88092      66
 18.91314      66
 18.94536      66
 18.97758      66
 18.97758      66
 19.0098       66
 19.04202      66
 19.07424      67
 19.10646      67
 19.13868      67
 19.1709       67
 19.1709       68
 19.20312      68
 19.23534      68
 19.26756      68
 19.29978      69
 19.332        69
 19.332        69
 19.36422      70
 19.39644      70
 19.42866      70
 19.46088      71
 19.52532      71
 19.52532      72
 19.55754      72
 19.58976      73
 19.62198      73
 19.6542       74
 19.6542       74
 19.68642      75
 19.71864      75
 19.75086      76
 19.78308      77
 19.8153       77
 19.8153       78
 19.84752      79
 19.87974      79
 19.91196      80
 19.94418      81
 19.9764       81
 20.00862      82
 20.00862      83
 20.04084      83
 20.07306      85
 20.10528      85
 20.1375       86
 20.16972      87
 20.16972      88
 20.20194      89
 20.23416      90
 20.26638      91
 20.2986       92
 20.33082      93
 20.33082      94
 20.36304      96
 20.39526      97
 20.42748      98
 20.4597       99
 20.49192      101
 20.49192      102
 20.52414      103
 20.55636      104
 20.58858      106
 20.6208       107
 20.65302      108
 20.65302      109
 20.68524      111
 20.71746      112
 20.74968      113
 20.7819       114
 20.81412      115
 20.81412      117
 20.84634      118
 20.87856      119
 20.91078      121
 20.943        122
 20.97522      123
 20.97522      125
 21.00744      126
 21.03966      127
 21.07188      129
 21.1041       130
 21.1041       132
 21.13632      133
 21.16854      134
 21.20076      136
 21.23298      137
 21.2652       138
 21.29742      140
 21.29742      141
 21.32964      142
 21.36186      143
 21.39408      145
 21.4263       146
 21.45852      147
 21.45852      148
 21.49074      149
 21.52296      150
 21.55518      151
 21.5874       152
 21.61962      153
 21.61962      154
 21.65184      155
 21.68406      156
 21.71628      156
 21.7485       157
 21.7485       158
 21.78072      158
 21.81294      159
 21.84516      159
 21.87738      160
 21.9096       160
 21.9096       161
 21.94182      161
 21.97404      161
 22.00626      162
 22.03848      162
 22.0707       162
 22.0707       162
 22.10292      162
 22.13514      162
 22.16736      162
 22.19958      162
 22.19958      162
 22.2318       162
 22.26402      161
 22.29624      161
 22.32846      160
 22.36068      160
 22.36068      159
 22.3929       159
 22.42512      158
 22.45734      157
 22.48956      157
 22.48956      156
 22.52178      155
 22.554        154
 22.58622      154
 22.61844      153
 22.65066      152
 22.65066      151
 22.68288      151
 22.7151       150
 22.77954      149
 22.81176      148
 22.81176      147
 22.84398      147
 22.8762       146
 22.90842      145
 22.90842      145
 22.94064      144
 22.97286      143
 23.00508      142
 23.0373       142
 23.06952      141
 23.06952      140
 23.10174      139
 23.13396      139
 23.16618      138
 23.1984       137
 23.1984       137
 23.23062      136
 23.26284      135
 23.29506      135
 23.32728      134
 23.3595       134
 23.3595       133
 23.39172      133
 23.42394      132
 23.45616      132
 23.48838      131
 23.48838      131
 23.5206       131
 23.55282      130
 23.58504      130
 23.61726      130
 23.61726      129
 23.64948      129
 23.6817       129
 23.71392      128
 23.74614      128
 23.77836      128
 23.77836      128
 23.81058      127
 23.8428       127
 23.87502      127
 23.90724      127
 23.90724      127
 23.93946      127
 23.97168      127
 24.0039       127
 24.03612      127
 24.06834      126
 24.06834      126
 24.10056      126
 24.13278      126
 24.165        126
 24.19722      126
 24.19722      126
 24.22944      126
 24.26166      126
 24.29388      126
 24.3261       127
 24.3261       126
 24.35832      126
 24.39054      127
 24.42276      127
 24.45498      127
 24.45498      127
 24.4872       127
 24.51942      127
 24.55164      127
 24.58386      128
 24.58386      128
 24.61608      128
 24.6483       129
 24.68052      129
 24.71274      129
 24.71274      130
 24.74496      130
 24.77718      131
 24.8094       131
 24.84162      132
 24.84162      132
 24.87384      133
 24.90606      133
 24.93828      134
 24.9705       134
 24.9705       135
 25.00272      136
 25.03494      137
 25.06716      137
 25.09938      138
 25.09938      138
 25.1316       139
 25.16382      140
 25.19604      141
 25.22826      141
 25.22826      142
 25.26048      143
 25.2927       144
 25.32492      145
 25.35714      146
 25.35714      147
 25.38936      148
 25.42158      148
 25.4538       150
 25.48602      151
 25.48602      151
 25.51824      153
 25.55046      153
 25.58268      154
 25.6149       156
 25.6149       157
 25.64712      158
 25.67934      159
 25.71156      159
 25.74378      160
 25.74378      161
 25.776        162
 25.80822      164
 25.84044      165
 25.87266      166
 25.87266      167
 25.90488      168
 25.9371       171
 25.96932      170
 26.00154      159
 26.03376      161
 26.06598      164
 26.0982       166
 26.0982       168
 26.13042      170
 26.16264      172
 26.19486      174
 26.22708      175
 26.22708      177
 26.2593       179
 26.29152      180
 26.32374      182
 26.35596      183
 26.35596      184
 26.38818      186
 26.4204       187
 26.45262      188
 26.45262      190
 26.48484      191
 26.51706      192
 26.54928      193
 26.5815       194
 26.5815       195
 26.61372      196
 26.64594      197
 26.67816      198
 26.71038      199
 26.71038      200
 26.7426       202
 26.77482      203
 26.80704      203
 26.83926      204
 26.83926      205
 26.87148      206
 26.9037       207
 26.93592      207
 26.93592      208
 26.96814      209
 27.00036      209
 27.03258      210
 27.0648       210
 27.0648       211
 27.09702      211
 27.12924      212
 27.16146      212
 27.19368      213
 27.19368      213
 27.2259       213
 27.25812      213
 27.29034      214
 27.29034      214
 27.32256      214
 27.35478      214
 27.387        214
 27.41922      214
 27.41922      214
 27.45144      214
 27.48366      214
 27.51588      214
 27.5481       215
 27.5481       213
 27.58032      213
 27.61254      213
 27.64476      213
 27.64476      213
 27.67698      213
 27.7092       213
 27.74142      213
 27.77364      213
 27.77364      213
 27.80586      213
 27.83808      213
 27.8703       213
 27.8703       213
 27.90252      212
 27.93474      212
 27.96696      211
 27.99918      211
 27.99918      211
 28.0314       211
 28.06362      210
 28.09584      209
 28.09584      209
 28.12806      208
 28.16028      209
 28.1925       208
 28.1925       208
 28.22472      207
 28.25694      207
 28.28916      207
 28.32138      207
 28.32138      206
 28.3536       206
