 0             0
 0             0
 0             0
 0             0
 0             0
 0             0
 6.444e-002    0
 6.444e-002    0
 9.666e-002    0
 0.12888       0
 0.12888       0
 0.19332       0
 0.22554       0
 0.22554       0
 0.25776       0
 0.28998       0
 0.3222        0
 0.35442       0
 0.35442       0
 0.38664       0
 0.45108       0
 0.45108       0
 0.4833        0
 0.51552       0
 0.51552       0
 0.57996       0
 0.61218       0
 0.61218       0
 0.67662       0
 0.67662       0
 0.70884       0
 0.74106       0
 0.77328       0
 0.8055        0
 0.83772       0
 0.83772       0
 0.86994       0
 0.93438       0
 0.93438       0
 0.9666        0
 0.99882       0
 1.03104       0
 1.06326       0
 1.09548       0
 1.09548       0
 1.15992       0
 1.15992       0
 1.19214       0
 1.25658       0
 1.25658       0
 1.2888        0
 1.32102       0
 1.32102       0
 1.38546       0
 1.41768       0
 1.41768       0
 1.48212       0
 1.48212       0
 1.51434       0
 1.54656       0
 1.57878       0
 1.611         0
 1.64322       0
 1.67544       0
 1.70766       0
 1.73988       0
 1.73988       0
 1.80432       0
 1.80432       0
 1.83654       0
 1.86876       0
 1.90098       0
 1.9332        0
 1.96542       0
 1.99764       0
 2.02986       0
 2.06208       0
 2.06208       0
 2.0943        0
 2.12652       0
 2.15874       0
 2.19096       0
 2.22318       0
 2.2554        0
 2.28762       0
 2.31984       0
 2.31984       0
 2.38428       0
 2.38428       0
 2.4165        0
 2.44872       0
 2.48094       0
 2.51316       0
 2.54538       0
 2.5776        0
 2.60982       0
 2.64204       0
 2.64204       0
 2.70648       0
 2.70648       0
 2.7387        0
 2.80314       0
 2.80314       0
 2.83536       0
 2.86758       0
 2.8998        0
 2.93202       0
 2.96424       0
 2.99646       0
 3.02868       0
 3.0609        0
 3.0609        0
 3.12534       0
 3.12534       0
 3.15756       0
 3.18978       0
 3.222         0
 3.28644       0
 3.31866       0
 3.35088       0
 3.3831        0
 3.41532       0
 3.41532       0
 3.47976       0
 3.47976       0
 3.51198       0
 3.5442        0
 3.57642       0
 3.60864       0
 3.64086       0
 3.67308       0
 3.7053        0
 3.73752       0
 3.76974       0
 3.80196       0
 3.83418       0
 3.83418       0
 3.89862       0
 3.89862       0
 3.93084       0
 3.96306       0
 3.99528       0
 4.0275        0
 4.05972       0
 4.09194       0
 4.12416       0
 4.15638       0
 4.1886        0
 4.22082       0
 4.25304       0
 4.28526       0
 4.31748       0
 4.3497        0
 4.3497        1
 4.38192       1
 4.41414       1
 4.44636       1
 4.47858       1
 4.5108        1
 4.54302       1
 4.57524       2
 4.60746       2
 4.63968       2
 4.6719        2
 4.70412       2
 4.73634       3
 4.76856       3
 4.76856       3
 4.833         3
 4.833         3
 4.86522       4
 4.89744       4
 4.92966       4
 4.96188       4
 4.9941        4
 5.02632       5
 5.05854       5
 5.09076       5
 5.12298       6
 5.1552        6
 5.18742       6
 5.21964       6
 5.25186       7
 5.25186       7
 5.28408       7
 5.3163        7
 5.34852       8
 5.38074       8
 5.41296       8
 5.44518       9
 5.4774        9
 5.50962       9
 5.54184       10
 5.57406       10
 5.60628       10
 5.6385        11
 5.67072       11
 5.70294       11
 5.70294       12
 5.76738       12
 5.76738       13
 5.7996        13
 5.83182       13
 5.86404       14
 5.89626       14
 5.92848       14
 5.9607        15
 5.99292       15
 6.02514       16
 6.05736       16
 6.08958       17
 6.1218        17
 6.15402       18
 6.18624       18
 6.21846       18
 6.21846       19
 6.25068       19
 6.2829        20
 6.31512       20
 6.34734       21
 6.37956       21
 6.41178       22
 6.444         22
 6.50844       23
 6.54066       23
 6.57288       24
 6.6051        24
 6.63732       25
 6.63732       25
 6.66954       26
 6.70176       26
 6.73398       27
 6.7662        27
 6.79842       28
 6.83064       28
 6.86286       29
 6.89508       29
 6.9273        30
 6.95952       30
 6.99174       31
 7.02396       31
 7.05618       32
 7.0884        32
 7.0884        32
 7.12062       33
 7.15284       33
 7.18506       33
 7.21728       33
 7.2495        34
 7.28172       34
 7.31394       34
 7.34616       34
 7.37838       34
 7.4106        34
 7.44282       34
 7.47504       34
 7.50726       33
 7.50726       33
 7.5717        33
 7.5717        33
 7.60392       33
 7.63614       33
 7.66836       33
 7.70058       32
 7.7328        32
 7.76502       32
 7.79724       32
 7.82946       31
 7.86168       31
 7.8939        31
 7.92612       30
 7.95834       30
 7.99056       30
 7.99056       29
 8.02278       29
 8.055         28
 8.08722       28
 8.11944       28
 8.15166       27
 8.18388       27
 8.2161        27
 8.24832       26
 8.28054       26
 8.31276       26
 8.34498       25
 8.34498       25
 8.40942       25
 8.40942       25
 8.44164       24
 8.47386       24
 8.50608       24
 8.5383        24
 8.57052       24
 8.60274       24
 8.63496       24
 8.66718       23
 8.6994        23
 8.73162       23
 8.76384       23
 8.76384       23
 8.79606       23
 8.82828       23
 8.8605        23
 8.89272       23
 8.92494       23
 8.95716       24
 8.98938       24
 9.0216        24
 9.05382       24
 9.08604       24
 9.11826       24
 9.15048       25
 9.1827        25
 9.1827        25
 9.21492       25
 9.24714       25
 9.27936       26
 9.31158       26
 9.3438        26
 9.37602       27
 9.40824       27
 9.44046       27
 9.47268       28
 9.5049        28
 9.53712       28
 9.56934       29
 9.60156       29
 9.60156       29
 9.63378       30
 9.666         30
 9.69822       31
 9.76266       31
 9.79488       31
 9.8271        32
 9.85932       32
 9.89154       33
 9.92376       33
 9.95598       34
 9.95598       34
 9.9882        35
 10.02042      35
 10.05264      36
 10.08486      36
 10.11708      37
 10.1493       37
 10.18152      38
 10.21374      38
 10.24596      39
 10.27818      39
 10.3104       40
 10.3104       41
 10.34262      41
 10.37484      42
 10.40706      42
 10.43928      43
 10.4715       43
 10.50372      44
 10.53594      45
 10.56816      45
 10.60038      46
 10.6326       47
 10.6326       47
 10.66482      48
 10.69704      49
 10.72926      49
 10.76148      50
 10.7937       51
 10.82592      51
 10.85814      52
 10.89036      53
 10.92258      53
 10.9548       54
 10.98702      55
 11.01924      56
 11.01924      56
 11.05146      57
 11.08368      58
 11.1159       59
 11.14812      59
 11.18034      60
 11.21256      61
 11.24478      62
 11.277        62
 11.30922      63
 11.34144      64
 11.34144      65
 11.37366      66
 11.40588      66
 11.4381       67
 11.47032      68
 11.50254      69
 11.53476      70
 11.56698      70
 11.5992       71
 11.63142      72
 11.66364      73
 11.69586      74
 11.69586      74
 11.72808      75
 11.7603       76
 11.79252      77
 11.82474      77
 11.85696      78
 11.88918      79
 11.9214       80
 11.95362      80
 11.98584      81
 12.01806      81
 12.01806      82
 12.05028      83
 12.0825       83
 12.11472      84
 12.14694      84
 12.17916      84
 12.21138      85
 12.2436       85
 12.27582      85
 12.30804      85
 12.34026      85
 12.34026      86
 12.37248      86
 12.4047       86
 12.43692      86
 12.46914      86
 12.50136      86
 12.53358      86
 12.5658       86
 12.59802      86
 12.63024      86
 12.63024      86
 12.66246      86
 12.69468      86
 12.7269       86
 12.75912      85
 12.79134      85
 12.82356      85
 12.85578      84
 12.888        84
 12.92022      83
 12.95244      83
 12.95244      82
 13.01688      82
 13.0491       82
 13.08132      81
 13.11354      81
 13.14576      80
 13.17798      80
 13.2102       80
 13.24242      79
 13.24242      79
 13.27464      79
 13.30686      78
 13.33908      78
 13.3713       78
 13.40352      78
 13.43574      78
 13.46796      77
 13.50018      77
 13.5324       77
 13.5324       77
 13.56462      77
 13.59684      77
 13.62906      77
 13.66128      77
 13.6935       77
 13.72572      77
 13.75794      77
 13.79016      77
 13.82238      77
 13.82238      77
 13.8546       77
 13.88682      77
 13.91904      77
 13.95126      77
 13.98348      78
 14.0157       78
 14.04792      78
 14.08014      78
 14.08014      79
 14.11236      79
 14.14458      79
 14.1768       79
 14.20902      80
 14.24124      80
 14.27346      80
 14.30568      81
 14.3379       81
 14.37012      81
 14.37012      82
 14.40234      82
 14.43456      82
 14.46678      83
 14.499        83
 14.53122      84
 14.56344      84
 14.59566      85
 14.62788      85
 14.62788      85
 14.6601       86
 14.69232      86
 14.72454      87
 14.75676      87
 14.78898      88
 14.8212       88
 14.85342      89
 14.85342      89
 14.88564      90
 14.91786      90
 14.95008      91
 14.9823       91
 15.01452      92
 15.04674      93
 15.07896      93
 15.11118      94
 15.11118      95
 15.1434       95
 15.17562      96
 15.20784      97
 15.24006      97
 15.27228      98
 15.3045       99
 15.33672      99
 15.36894      101
 15.36894      102
 15.40116      103
 15.43338      103
 15.4656       104
 15.49782      105
 15.53004      106
 15.56226      107
 15.59448      107
 15.6267       108
 15.6267       109
 15.65892      110
 15.69114      111
 15.72336      112
 15.75558      113
 15.7878       114
 15.82002      114
 15.85224      115
 15.88446      116
 15.88446      117
 15.91668      118
 15.9489       119
 15.98112      120
 16.01334      121
 16.04556      122
 16.07778      123
 16.11         124
 16.14222      125
 16.14222      126
 16.17444      127
 16.20666      128
 16.2711       128
 16.30332      129
 16.33554      130
 16.36776      131
 16.36776      132
 16.39998      133
 16.4322       134
 16.46442      135
 16.49664      136
 16.52886      137
 16.56108      138
 16.5933       139
 16.62552      140
 16.62552      141
 16.65774      142
 16.68996      143
 16.72218      144
 16.7544       145
 16.78662      146
 16.81884      147
 16.81884      148
 16.85106      149
 16.88328      150
 16.9155       150
 16.94772      151
 16.97994      152
 17.01216      153
 17.04438      153
 17.0766       154
 17.0766       155
 17.10882      155
 17.14104      156
 17.17326      157
 17.20548      157
 17.2377       158
 17.26992      158
 17.30214      159
 17.30214      159
 17.33436      160
 17.36658      160
 17.3988       160
 17.43102      161
 17.46324      161
 17.49546      161
 17.52768      162
 17.52768      162
 17.5599       162
 17.59212      162
 17.62434      162
 17.65656      163
 17.68878      163
 17.721        163
 17.721        163
 17.75322      163
 17.78544      163
 17.81766      163
 17.84988      163
 17.8821       163
 17.91432      162
 17.94654      162
 17.94654      162
 17.97876      162
 18.01098      162
 18.0432       162
 18.07542      162
 18.10764      162
 18.13986      162
 18.17208      161
 18.17208      161
 18.2043       161
 18.23652      161
 18.26874      161
 18.30096      161
 18.33318      161
 18.3654       161
 18.39762      161
 18.42984      161
 18.42984      161
 18.46206      161
 18.49428      161
 18.5265       161
 18.55872      161
 18.59094      162
 18.62316      162
 18.62316      162
 18.65538      162
 18.6876       162
 18.71982      162
 18.75204      162
 18.78426      163
 18.81648      163
 18.8487       163
 18.8487       163
 18.88092      163
 18.91314      164
 18.94536      164
 18.97758      164
 19.0098       164
 19.0098       165
 19.04202      165
 19.07424      165
 19.10646      165
 19.13868      166
 19.1709       166
 19.20312      166
 19.23534      166
 19.23534      167
 19.26756      167
 19.29978      167
 19.332        168
 19.36422      168
 19.39644      168
 19.42866      168
 19.46088      169
 19.46088      169
 19.52532      169
 19.55754      170
 19.58976      170
 19.62198      170
 19.6542       171
 19.6542       171
 19.68642      171
 19.71864      172
 19.75086      172
 19.78308      172
 19.8153       173
 19.84752      173
 19.87974      173
 19.87974      174
 19.91196      174
 19.94418      175
 19.9764       175
 20.00862      176
 20.04084      176
 20.04084      177
 20.07306      177
 20.10528      178
 20.1375       178
 20.16972      179
 20.20194      179
 20.23416      180
 20.26638      181
 20.26638      181
 20.2986       182
 20.33082      183
 20.36304      183
 20.39526      184
 20.42748      185
 20.42748      186
 20.4597       186
 20.49192      187
 20.52414      188
 20.55636      189
 20.58858      190
 20.6208       191
 20.65302      192
 20.65302      193
 20.68524      194
 20.71746      195
 20.74968      196
 20.7819       197
 20.81412      198
 20.81412      199
 20.84634      200
 20.87856      201
 20.91078      203
 20.943        204
 20.97522      205
 20.97522      206
 21.00744      207
 21.03966      208
 21.07188      209
 21.1041       210
 21.13632      211
 21.16854      212
 21.20076      213
 21.20076      214
 21.23298      215
 21.2652       216
 21.29742      217
 21.32964      218
 21.36186      219
 21.36186      220
 21.39408      222
 21.4263       223
 21.45852      224
 21.49074      225
 21.52296      226
 21.55518      227
 21.55518      228
 21.5874       229
 21.61962      230
 21.65184      231
 21.68406      232
 21.71628      234
 21.71628      235
 21.7485       236
 21.78072      237
 21.81294      238
 21.84516      239
 21.87738      240
 21.87738      241
 21.9096       242
 21.94182      243
 21.97404      244
 22.00626      245
 22.03848      247
 22.0707       248
 22.0707       249
 22.10292      250
 22.13514      251
 22.16736      252
 22.19958      253
 22.2318       254
 22.26402      255
 22.26402      256
 22.29624      257
 22.32846      258
 22.36068      259
 22.3929       260
 22.42512      261
 22.42512      262
 22.45734      263
 22.48956      264
 22.52178      265
 22.554        266
 22.58622      267
 22.58622      268
 22.61844      269
 22.65066      270
 22.68288      271
 22.7151       272
 22.77954      273
 22.77954      274
 22.81176      275
 22.84398      276
 22.8762       277
 22.90842      278
 22.90842      279
 22.94064      280
 22.97286      281
 23.00508      282
 23.0373       283
 23.06952      284
 23.06952      285
 23.10174      286
 23.13396      286
 23.16618      287
 23.1984       288
 23.23062      289
 23.23062      290
 23.26284      291
 23.29506      292
 23.32728      293
 23.3595       294
 23.39172      295
 23.42394      296
 23.42394      297
 23.45616      298
 23.48838      299
 23.5206       300
 23.55282      301
 23.58504      303
 23.58504      304
 23.61726      305
 23.64948      303
 23.6817       304
 23.71392      305
 23.71392      306
 23.74614      306
 23.77836      307
 23.81058      307
 23.8428       307
 23.87502      307
 23.87502      307
 23.90724      306
 23.93946      306
 23.97168      305
 24.0039       304
 24.03612      304
 24.03612      303
 24.06834      301
 24.10056      301
 24.13278      300
 24.165        299
 24.19722      299
 24.19722      298
 24.22944      298
 24.26166      297
 24.29388      297
 24.3261       296
 24.3261       296
 24.35832      295
 24.39054      295
 24.42276      295
 24.45498      294
 24.4872       294
 24.4872       294
 24.51942      294
 24.55164      294
 24.58386      294
 24.61608      294
 24.6483       294
 24.6483       294
 24.68052      294
 24.71274      294
 24.74496      294
 24.77718      294
 24.8094       294
 24.8094       294
 24.84162      295
 24.87384      295
 24.90606      295
 24.93828      295
 24.93828      295
 24.9705       295
 25.00272      296
 25.03494      296
 25.06716      296
 25.09938      296
 25.09938      296
 25.1316       296
 25.16382      297
 25.19604      297
 25.22826      297
 25.22826      297
 25.26048      297
 25.2927       297
 25.32492      297
 25.35714      297
 25.38936      297
 25.38936      297
 25.42158      297
 25.4538       297
 25.48602      297
 25.51824      297
 25.51824      297
 25.55046      297
 25.58268      297
 25.6149       297
 25.64712      297
 25.67934      297
 25.67934      297
 25.71156      297
 25.74378      297
 25.776        297
 25.80822      297
 25.80822      297
 25.84044      297
 25.87266      297
 25.90488      297
 25.9371       297
 25.96932      297
 26.00154      297
 26.03376      297
 26.06598      297
 26.0982       297
 26.0982       297
 26.13042      297
 26.16264      297
 26.19486      297
 26.22708      297
 26.22708      297
 26.2593       298
 26.29152      298
 26.32374      298
 26.35596      298
 26.35596      299
 26.38818      299
 26.4204       299
 26.45262      300
 26.48484      300
 26.51706      300
 26.51706      301
 26.54928      301
 26.5815       303
 26.61372      303
 26.64594      304
 26.64594      304
 26.67816      305
 26.71038      305
 26.7426       306
 26.77482      307
 26.77482      307
 26.80704      308
 26.83926      308
 26.87148      309
 26.9037       309
 26.93592      310
 26.93592      311
 26.96814      311
 27.00036      311
 27.03258      312
 27.03258      312
 27.0648       312
 27.09702      313
 27.12924      313
 27.16146      313
 27.19368      313
 27.19368      313
 27.2259       314
 27.25812      314
 27.29034      314
 27.29034      314
 27.32256      314
 27.35478      314
 27.387        314
 27.41922      314
 27.45144      314
 27.45144      314
 27.48366      314
 27.51588      315
 27.5481       315
 27.5481       315
 27.58032      315
 27.61254      315
 27.64476      316
 27.67698      316
 27.67698      316
 27.7092       316
 27.74142      317
 27.77364      317
 27.80586      318
 27.80586      318
 27.83808      318
 27.8703       319
 27.90252      319
 27.93474      319
 27.93474      320
 27.96696      320
 27.99918      321
 28.0314       321
 28.06362      321
 28.06362      322
 28.09584      322
 28.12806      323
 28.16028      323
 28.16028      323
 28.1925       324
 28.22472      324
 28.25694      325
 28.28916      325
 28.32138      325
 28.32138      326
 28.3536       326
 28.38582      327
 28.41804      327
 28.41804      328
 28.45026      328
 28.48248      328
 28.5147       329
 28.5147       330
 28.54692      330
 28.57914      331
 28.61136      331
 28.64358      332
 28.64358      332
 28.6758       333
 28.70802      333
 28.74024      334
 28.77246      334
 28.77246      335
 28.80468      336
 28.8369       336
 28.86912      336
 28.90134      337
 28.90134      338
 28.93356      338
 28.96578      339
 28.998        339
 28.998        340
