 0             0
 0             0
 0             0
 0             0
 0             0
 3.222e-002    0
 3.222e-002    0
 9.666e-002    0
 9.666e-002    0
 0.12888       0
 0.1611        0
 0.1611        0
 0.19332       0
 0.22554       0
 0.25776       0
 0.28998       0
 0.28998       0
 0.35442       0
 0.38664       0
 0.38664       0
 0.41886       0
 0.45108       0
 0.4833        0
 0.51552       0
 0.54774       0
 0.54774       0
 0.61218       0
 0.61218       0
 0.6444        0
 0.67662       0
 0.70884       0
 0.74106       0
 0.77328       0
 0.77328       0
 0.83772       0
 0.83772       0
 0.86994       0
 0.90216       0
 0.93438       0
 0.9666        0
 0.99882       0
 0.99882       0
 1.03104       0
 1.09548       0
 1.09548       0
 1.1277        0
 1.15992       0
 1.19214       0
 1.22436       0
 1.25658       0
 1.25658       0
 1.32102       0
 1.32102       0
 1.35324       0
 1.41768       0
 1.41768       0
 1.4499        0
 1.48212       0
 1.51434       0
 1.54656       0
 1.57878       0
 1.57878       0
 1.64322       0
 1.64322       0
 1.67544       0
 1.70766       0
 1.73988       0
 1.7721        0
 1.80432       0
 1.83654       0
 1.86876       0
 1.90098       0
 1.90098       0
 1.9332        0
 1.96542       0
 1.99764       0
 2.02986       0
 2.06208       0
 2.0943        0
 2.12652       0
 2.15874       0
 2.15874       0
 2.22318       0
 2.22318       0
 2.2554        0
 2.28762       0
 2.31984       0
 2.35206       0
 2.38428       0
 2.4165        0
 2.44872       0
 2.48094       0
 2.48094       0
 2.54538       0
 2.54538       0
 2.5776        0
 2.60982       0
 2.64204       0
 2.67426       0
 2.70648       0
 2.7387        0
 2.77092       0
 2.80314       0
 2.80314       0
 2.86758       0
 2.86758       0
 2.8998        0
 2.93202       0
 2.96424       0
 2.99646       0
 3.02868       0
 3.0609        0
 3.09312       0
 3.12534       0
 3.15756       0
 3.18978       0
 3.222         0
 3.25422       0
 3.28644       0
 3.31866       0
 3.35088       0
 3.3831        0
 3.41532       0
 3.44754       0
 3.47976       0
 3.51198       0
 3.5442        0
 3.57642       0
 3.57642       0
 3.60864       0
 3.64086       0
 3.67308       0
 3.7053        0
 3.73752       0
 3.76974       0
 3.80196       0
 3.83418       0
 3.8664        1
 3.89862       1
 3.93084       1
 3.96306       1
 3.99528       1
 3.99528       2
 4.0275        2
 4.05972       2
 4.09194       3
 4.12416       3
 4.15638       3
 4.1886        4
 4.22082       4
 4.25304       4
 4.28526       5
 4.31748       5
 4.3497        5
 4.38192       6
 4.41414       6
 4.41414       6
 4.44636       7
 4.5108        7
 4.5108        8
 4.54302       8
 4.57524       8
 4.60746       9
 4.63968       10
 4.6719        10
 4.70412       11
 4.73634       11
 4.76856       11
 4.80078       12
 4.833         13
 4.86522       13
 4.89744       14
 4.92966       14
 4.92966       15
 4.96188       16
 4.9941        16
 5.02632       17
 5.05854       17
 5.09076       18
 5.12298       19
 5.1552        19
 5.18742       20
 5.21964       21
 5.25186       22
 5.28408       22
 5.3163        23
 5.34852       24
 5.34852       25
 5.41296       26
 5.41296       26
 5.44518       27
 5.4774        28
 5.50962       29
 5.54184       30
 5.57406       31
 5.60628       31
 5.6385        32
 5.67072       33
 5.70294       34
 5.73516       35
 5.76738       36
 5.7996        37
 5.83182       38
 5.83182       39
 5.86404       40
 5.89626       41
 5.92848       42
 5.9607        43
 5.99292       44
 6.02514       45
 6.05736       46
 6.08958       47
 6.1218        49
 6.15402       50
 6.18624       51
 6.21846       52
 6.25068       53
 6.2829        54
 6.2829        55
 6.34734       57
 6.34734       58
 6.37956       59
 6.41178       61
 6.444         62
 6.50844       63
 6.54066       64
 6.57288       66
 6.6051        67
 6.63732       68
 6.66954       70
 6.70176       71
 6.73398       72
 6.73398       74
 6.7662        75
 6.79842       76
 6.83064       78
 6.86286       79
 6.89508       80
 6.9273        82
 6.95952       83
 6.99174       84
 7.02396       85
 7.05618       86
 7.0884        87
 7.12062       88
 7.15284       89
 7.15284       89
 7.18506       90
 7.21728       90
 7.2495        91
 7.28172       91
 7.31394       91
 7.34616       91
 7.37838       91
 7.4106        90
 7.44282       90
 7.47504       89
 7.50726       89
 7.53948       88
 7.5717        87
 7.5717        86
 7.63614       86
 7.63614       85
 7.66836       84
 7.70058       83
 7.7328        82
 7.76502       81
 7.79724       80
 7.82946       79
 7.86168       78
 7.8939        77
 7.92612       76
 7.95834       75
 7.99056       73
 7.99056       72
 8.055         71
 8.055         70
 8.08722       69
 8.11944       67
 8.15166       66
 8.18388       65
 8.2161        64
 8.24832       63
 8.28054       62
 8.31276       61
 8.34498       60
 8.3772        60
 8.40942       59
 8.40942       58
 8.44164       58
 8.47386       57
 8.50608       57
 8.5383        56
 8.57052       56
 8.60274       56
 8.63496       56
 8.66718       55
 8.6994        55
 8.73162       55
 8.76384       55
 8.79606       55
 8.82828       55
 8.82828       55
 8.8605        55
 8.89272       55
 8.92494       56
 8.95716       56
 8.98938       56
 9.0216        57
 9.05382       54
 9.08604       53
 9.11826       53
 9.15048       54
 9.1827        55
 9.21492       56
 9.24714       57
 9.24714       58
 9.27936       59
 9.31158       59
 9.3438        61
 9.37602       61
 9.40824       62
 9.44046       63
 9.47268       64
 9.5049        65
 9.53712       66
 9.56934       67
 9.60156       68
 9.63378       69
 9.63378       70
 9.666         72
 9.69822       73
 9.76266       74
 9.79488       75
 9.8271        76
 9.85932       77
 9.89154       78
 9.92376       79
 9.95598       81
 9.9882        82
 9.9882        83
 10.02042      85
 10.05264      86
 10.08486      87
 10.11708      89
 10.1493       90
 10.18152      91
 10.21374      93
 10.24596      94
 10.27818      96
 10.3104       97
 10.34262      98
 10.34262      101
 10.37484      102
 10.40706      104
 10.43928      105
 10.4715       107
 10.50372      108
 10.53594      110
 10.56816      112
 10.60038      113
 10.6326       115
 10.66482      117
 10.66482      118
 10.69704      120
 10.72926      122
 10.76148      124
 10.7937       125
 10.82592      127
 10.85814      129
 10.89036      130
 10.92258      132
 10.9548       134
 10.98702      136
 11.01924      138
 11.05146      139
 11.05146      141
 11.08368      143
 11.1159       145
 11.14812      147
 11.18034      149
 11.21256      151
 11.24478      153
 11.277        155
 11.30922      156
 11.34144      158
 11.37366      160
 11.40588      162
 11.40588      164
 11.4381       166
 11.47032      168
 11.50254      170
 11.53476      172
 11.56698      174
 11.5992       176
 11.63142      178
 11.66364      180
 11.69586      182
 11.72808      183
 11.72808      185
 11.7603       187
 11.79252      189
 11.82474      191
 11.85696      193
 11.88918      194
 11.9214       196
 11.95362      198
 11.98584      199
 12.01806      200
 12.05028      202
 12.05028      204
 12.0825       205
 12.11472      206
 12.14694      206
 12.17916      207
 12.21138      208
 12.2436       208
 12.27582      208
 12.30804      209
 12.34026      209
 12.37248      209
 12.37248      208
 12.4047       208
 12.43692      208
 12.46914      208
 12.50136      207
 12.53358      207
 12.5658       206
 12.59802      205
 12.63024      204
 12.63024      203
 12.66246      202
 12.69468      200
 12.7269       199
 12.75912      198
 12.79134      197
 12.82356      195
 12.85578      194
 12.888        192
 12.92022      191
 12.95244      189
 12.95244      187
 13.01688      186
 13.0491       184
 13.08132      183
 13.11354      181
 13.14576      180
 13.17798      178
 13.2102       177
 13.24242      175
 13.24242      174
 13.27464      173
 13.30686      172
 13.33908      171
 13.3713       169
 13.40352      168
 13.43574      168
 13.46796      165
 13.50018      160
 13.5324       160
 13.5324       160
 13.56462      160
 13.59684      160
 13.62906      160
 13.66128      160
 13.6935       161
 13.72572      161
 13.75794      161
 13.79016      161
 13.79016      161
 13.82238      162
 13.8546       162
 13.88682      162
 13.91904      162
 13.95126      163
 13.98348      163
 14.0157       164
 14.04792      164
 14.08014      165
 14.08014      165
 14.11236      166
 14.14458      166
 14.1768       167
 14.20902      167
 14.24124      168
 14.27346      169
 14.30568      170
 14.3379       170
 14.37012      171
 14.37012      172
 14.40234      173
 14.43456      173
 14.46678      174
 14.499        175
 14.53122      176
 14.56344      177
 14.59566      178
 14.59566      179
 14.62788      180
 14.6601       181
 14.69232      182
 14.72454      183
 14.75676      184
 14.78898      185
 14.8212       187
 14.85342      188
 14.85342      189
 14.88564      190
 14.91786      191
 14.95008      193
 14.9823       194
 15.01452      195
 15.04674      197
 15.07896      198
 15.11118      199
 15.11118      202
 15.1434       203
 15.17562      205
 15.20784      206
 15.24006      208
 15.27228      209
 15.3045       211
 15.33672      212
 15.36894      214
 15.40116      216
 15.40116      217
 15.43338      219
 15.4656       221
 15.49782      223
 15.53004      225
 15.56226      227
 15.59448      228
 15.6267       231
 15.6267       232
 15.65892      234
 15.69114      236
 15.72336      238
 15.75558      240
 15.7878       242
 15.82002      244
 15.85224      247
 15.88446      248
 15.88446      250
 15.91668      253
 15.9489       254
 15.98112      256
 16.01334      259
 16.04556      261
 16.07778      263
 16.11         265
 16.14222      267
 16.14222      269
 16.17444      271
 16.20666      273
 16.2711       276
 16.30332      278
 16.33554      280
 16.36776      282
 16.39998      284
 16.39998      286
 16.4322       289
 16.46442      291
 16.49664      293
 16.52886      295
 16.56108      297
 16.5933       299
 16.62552      302
 16.62552      304
 16.65774      306
 16.68996      309
 16.72218      311
 16.7544       313
 16.78662      315
 16.81884      316
 16.81884      319
 16.85106      320
 16.88328      322
 16.9155       324
 16.94772      326
 16.97994      327
 17.01216      329
 17.04438      331
 17.04438      332
 17.0766       334
 17.10882      335
 17.14104      336
 17.17326      338
 17.20548      339
 17.2377       340
 17.26992      341
 17.30214      342
 17.30214      343
 17.33436      344
 17.36658      345
 17.3988       346
 17.43102      346
 17.46324      347
 17.49546      347
 17.52768      347
 17.52768      348
 17.5599       348
 17.59212      348
 17.62434      348
 17.65656      348
 17.68878      347
 17.721        347
 17.721        347
 17.75322      346
 17.78544      345
 17.81766      346
 17.84988      344
 17.8821       343
 17.91432      353
 17.94654      352
 17.94654      350
 17.97876      348
 18.01098      346
 18.0432       345
 18.07542      343
 18.10764      342
 18.13986      340
 18.17208      339
 18.17208      338
 18.2043       336
 18.23652      335
 18.26874      334
 18.30096      333
 18.33318      332
 18.3654       331
 18.3654       330
 18.39762      329
 18.42984      328
 18.46206      327
 18.49428      327
 18.5265       326
 18.55872      326
 18.59094      326
 18.59094      325
 18.62316      325
 18.65538      325
 18.6876       325
 18.71982      324
 18.75204      324
 18.78426      324
 18.78426      324
 18.81648      325
 18.8487       324
 18.88092      325
 18.91314      325
 18.94536      325
 18.97758      325
 19.0098       325
 19.0098       325
 19.04202      326
 19.07424      326
 19.10646      326
 19.13868      327
 19.1709       327
 19.20312      327
 19.20312      328
 19.23534      328
 19.26756      328
 19.29978      329
 19.332        329
 19.36422      330
 19.39644      330
 19.39644      330
 19.42866      330
 19.46088      330
 19.52532      330
 19.55754      331
 19.58976      331
 19.58976      331
 19.62198      332
 19.6542       332
 19.68642      332
 19.71864      333
 19.75086      333
 19.78308      333
 19.8153       334
 19.8153       334
 19.84752      335
 19.87974      336
 19.91196      336
 19.94418      337
 19.9764       338
 20.00862      338
 20.00862      339
 20.04084      340
 20.07306      341
 20.10528      342
 20.1375       342
 20.16972      343
 20.20194      344
 20.20194      345
 20.23416      346
 20.26638      347
 20.2986       348
 20.33082      350
 20.36304      351
 20.39526      352
 20.39526      353
 20.42748      355
 20.4597       356
 20.49192      358
 20.52414      359
 20.55636      361
 20.55636      362
 20.58858      364
 20.6208       366
 20.65302      367
 20.68524      369
 20.71746      371
 20.74968      373
 20.7819       375
 20.7819       377
 20.81412      378
 20.84634      380
 20.87856      382
 20.91078      384
 20.943        386
 20.943        388
 20.97522      390
 21.00744      392
 21.03966      394
 21.07188      396
 21.1041       398
 21.13632      400
 21.13632      402
 21.16854      404
 21.20076      406
 21.23298      408
 21.2652       410
 21.29742      412
 21.29742      414
 21.32964      416
 21.36186      418
 21.39408      420
 21.4263       422
 21.45852      424
 21.49074      426
 21.49074      428
 21.52296      430
 21.55518      432
 21.5874       434
 21.61962      436
 21.65184      438
 21.68406      440
 21.68406      442
 21.71628      444
 21.7485       446
 21.78072      448
 21.81294      450
 21.84516      451
 21.84516      453
 21.87738      455
 21.9096       457
 21.94182      459
 21.97404      461
 22.00626      463
 22.00626      465
 22.03848      467
 22.0707       468
 22.10292      470
 22.13514      472
 22.16736      474
 22.16736      475
 22.19958      477
 22.2318       479
 22.26402      481
 22.29624      482
 22.32846      484
 22.36068      485
 22.36068      487
 22.3929       488
 22.42512      490
 22.45734      491
 22.48956      493
 22.52178      494
 22.52178      496
 22.554        497
 22.58622      499
 22.61844      500
 22.65066      501
 22.68288      502
 22.7151       504
 22.7151       506
 22.77954      507
 22.81176      508
 22.84398      510
 22.8762       511
 22.8762       512
 22.90842      513
 22.94064      514
 22.97286      515
 23.00508      516
 23.0373       517
 23.0373       518
 23.06952      520
 23.10174      520
 23.13396      522
 23.16618      522
 23.16618      523
 23.1984       524
 23.23062      525
 23.26284      526
 23.29506      527
 23.32728      528
 23.32728      529
 23.3595       530
 23.39172      530
 23.42394      531
 23.45616      532
 23.48838      533
 23.5206       534
 23.5206       534
 23.55282      535
 23.58504      536
 23.61726      537
 23.64948      537
 23.6817       538
 23.6817       539
 23.71392      539
 23.74614      540
 23.77836      541
 23.81058      542
 23.8428       543
 23.8428       543
 23.87502      544
 23.90724      545
 23.93946      546
 23.97168      546
 23.97168      547
 24.0039       548
 24.03612      549
 24.06834      550
 24.10056      550
 24.13278      551
 24.13278      552
 24.165        553
 24.19722      554
 24.22944      554
 24.26166      555
 24.29388      556
 24.29388      556
 24.3261       557
 24.35832      558
 24.39054      558
 24.42276      559
 24.45498      560
 24.45498      560
 24.4872       561
 24.51942      561
 24.55164      562
 24.58386      563
 24.61608      563
 24.61608      564
 24.6483       564
 24.68052      565
 24.71274      566
 24.74496      566
 24.74496      567
 24.77718      567
 24.8094       568
 24.84162      568
 24.87384      569
 24.90606      570
 24.90606      570
 24.93828      571
 24.9705       571
 25.00272      572
 25.03494      573
 25.03494      573
 25.06716      574
 25.09938      575
 25.1316       575
 25.16382      576
 25.19604      577
 25.19604      577
 25.22826      578
 25.26048      579
 25.2927       580
 25.32492      581
 25.32492      582
 25.35714      583
 25.38936      584
 25.42158      585
 25.4538       586
 25.4538       587
 25.48602      587
 25.51824      588
 25.55046      590
 25.58268      591
 25.6149       592
 25.6149       593
 25.64712      594
 25.67934      595
 25.71156      597
 25.74378      598
 25.74378      600
 25.776        606
 25.80822      608
 25.84044      608
 25.87266      608
 25.87266      609
 25.90488      610
 25.9371       610
 25.96932      611
 26.03376      612
 26.03376      613
 26.06598      614
 26.0982       615
 26.13042      617
 26.16264      618
 26.19486      619
 26.19486      620
 26.22708      622
 26.2593       623
 26.29152      624
 26.32374      626
 26.32374      627
 26.35596      628
 26.38818      629
 26.4204       631
 26.45262      632
 26.45262      633
 26.48484      635
 26.51706      636
 26.54928      637
 26.5815       639
 26.5815       640
 26.61372      641
 26.64594      643
 26.67816      644
 26.71038      645
 26.71038      647
 26.7426       648
 26.77482      650
 26.80704      651
 26.83926      652
 26.83926      654
 26.87148      655
 26.9037       657
 26.93592      658
 26.96814      659
 27.00036      661
 27.00036      662
 27.03258      664
 27.0648       665
 27.09702      666
 27.12924      668
 27.12924      669
 27.16146      671
 27.19368      672
 27.2259       673
 27.25812      675
 27.25812      676
 27.29034      678
 27.32256      680
 27.35478      681
 27.387        683
 27.41922      683
 27.41922      683
 27.45144      684
 27.48366      685
 27.51588      686
 27.51588      688
 27.5481       690
 27.58032      692
 27.61254      693
 27.64476      695
 27.64476      697
 27.67698      699
 27.7092       700
 27.74142      702
 27.77364      704
 27.77364      705
 27.80586      708
 27.83808      710
 27.8703       711
 27.8703       713
 27.90252      715
 27.93474      716
 27.96696      718
 27.99918      719
 27.99918      721
 28.0314       723
 28.06362      724
 28.09584      726
 28.12806      728
 28.12806      729
 28.16028      731
 28.1925       732
 28.22472      734
 28.25694      735
 28.25694      737
 28.28916      738
 28.32138      740
 28.3536       741
 28.38582      743
 28.38582      744
 28.41804      746
 28.45026      747
 28.48248      748
 28.5147       749
 28.5147       751
 28.54692      752
 28.57914      754
 28.61136      755
 28.64358      757
 28.64358      758
 28.6758       759
 28.70802      761
 28.74024      762
 28.74024      764
 28.77246      765
 28.80468      766
 28.8369       768
 28.86912      769
 28.86912      770
 28.90134      772
 28.93356      773
 28.96578      774
 28.998        775
