 0             0
 0             0
 0             0
 0             0
 3.222e-002    0
 6.444e-002    0
 6.444e-002    0
 9.666e-002    0
 0.12888       0
 0.1611        0
 0.19332       0
 0.22554       0
 0.22554       0
 0.28998       0
 0.28998       0
 0.3222        0
 0.35442       0
 0.35442       0
 0.38664       0
 0.45108       0
 0.45108       0
 0.4833        0
 0.51552       0
 0.51552       0
 0.57996       0
 0.57996       0
 0.61218       0
 0.67662       0
 0.67662       0
 0.70884       0
 0.74106       0
 0.74106       0
 0.77328       0
 0.83772       0
 0.83772       0
 0.86994       0
 0.90216       0
 0.90216       0
 0.9666        0
 0.99882       0
 0.99882       0
 1.06326       0
 1.06326       0
 1.09548       0
 1.1277        0
 1.1277        0
 1.19214       0
 1.22436       0
 1.22436       0
 1.25658       0
 1.2888        0
 1.32102       2
 1.35324       4
 1.38546       4
 1.41768       4
 1.41768       4
 1.48212       3
 1.51434       2
 1.51434       2
 1.54656       1
 1.57878       1
 1.611         1
 1.64322       0
 1.67544       0
 1.67544       0
 1.73988       0
 1.73988       0
 1.7721        0
 1.80432       0
 1.83654       0
 1.86876       0
 1.90098       0
 1.90098       0
 1.96542       0
 1.96542       0
 1.99764       0
 2.02986       0
 2.06208       0
 2.0943        0
 2.12652       0
 2.15874       0
 2.19096       0
 2.22318       0
 2.22318       0
 2.2554        0
 2.28762       0
 2.31984       0
 2.35206       0
 2.38428       0
 2.38428       0
 2.44872       0
 2.44872       0
 2.48094       0
 2.54538       0
 2.54538       0
 2.5776        0
 2.60982       0
 2.64204       0
 2.67426       0
 2.70648       0
 2.70648       0
 2.77092       2
 2.77092       2
 2.80314       3
 2.83536       3
 2.86758       3
 2.8998        3
 2.93202       3
 2.93202       3
 2.99646       2
 2.99646       2
 3.02868       2
 3.0609        2
 3.09312       1
 3.12534       1
 3.15756       1
 3.15756       1
 3.222         1
 3.25422       1
 3.28644       1
 3.31866       1
 3.35088       0
 3.3831        1
 3.41532       0
 3.44754       0
 3.44754       1
 3.51198       0
 3.51198       0
 3.5442        1
 3.57642       0
 3.60864       1
 3.64086       1
 3.67308       1
 3.7053        1
 3.73752       1
 3.76974       1
 3.76974       1
 3.83418       1
 3.83418       1
 3.8664        2
 3.89862       2
 3.93084       2
 3.96306       2
 3.99528       2
 4.0275        2
 4.05972       2
 4.09194       3
 4.09194       3
 4.15638       3
 4.15638       3
 4.1886        3
 4.22082       3
 4.25304       4
 4.28526       4
 4.31748       4
 4.3497        4
 4.38192       5
 4.41414       5
 4.41414       5
 4.44636       5
 4.47858       6
 4.5108        6
 4.54302       6
 4.57524       6
 4.60746       6
 4.63968       6
 4.6719        7
 4.70412       7
 4.73634       7
 4.73634       8
 4.76856       8
 4.80078       8
 4.833         9
 4.86522       9
 4.89744       9
 4.92966       10
 4.96188       11
 4.9941        11
 5.02632       12
 5.05854       12
 5.05854       12
 5.09076       13
 5.12298       13
 5.1552        14
 5.18742       15
 5.21964       15
 5.25186       16
 5.28408       16
 5.3163        17
 5.3163        17
 5.38074       18
 5.38074       19
 5.41296       19
 5.44518       20
 5.4774        20
 5.50962       21
 5.54184       21
 5.57406       22
 5.60628       25
 5.6385        26
 5.67072       27
 5.70294       28
 5.70294       28
 5.73516       29
 5.76738       30
 5.7996        30
 5.83182       31
 5.86404       31
 5.89626       32
 5.92848       33
 5.9607        34
 5.99292       34
 6.02514       35
 6.02514       36
 6.05736       37
 6.08958       38
 6.1218        38
 6.15402       40
 6.18624       40
 6.21846       41
 6.25068       43
 6.2829        43
 6.31512       44
 6.34734       46
 6.37956       46
 6.37956       48
 6.41178       49
 6.444         50
 6.50844       51
 6.54066       52
 6.57288       53
 6.6051        54
 6.63732       55
 6.63732       57
 6.66954       58
 6.70176       59
 6.73398       60
 6.7662        61
 6.79842       62
 6.83064       63
 6.86286       64
 6.89508       65
 6.9273        66
 6.95952       67
 6.99174       67
 6.99174       68
 7.02396       69
 7.05618       69
 7.0884        70
 7.12062       70
 7.15284       70
 7.18506       70
 7.21728       69
 7.2495        69
 7.28172       69
 7.28172       68
 7.31394       68
 7.34616       67
 7.37838       66
 7.4106        66
 7.44282       65
 7.47504       64
 7.50726       63
 7.53948       62
 7.5717        61
 7.60392       60
 7.63614       59
 7.63614       58
 7.70058       57
 7.70058       55
 7.7328        54
 7.76502       53
 7.79724       52
 7.82946       51
 7.86168       50
 7.8939        48
 7.92612       47
 7.95834       46
 7.95834       45
 7.99056       44
 8.02278       43
 8.055         42
 8.08722       41
 8.11944       40
 8.15166       39
 8.18388       38
 8.2161        37
 8.24832       37
 8.28054       36
 8.28054       35
 8.31276       34
 8.34498       34
 8.3772        33
 8.40942       33
 8.44164       32
 8.47386       32
 8.50608       31
 8.5383        31
 8.57052       31
 8.60274       30
 8.60274       30
 8.63496       30
 8.66718       30
 8.6994        30
 8.73162       30
 8.76384       30
 8.79606       30
 8.82828       30
 8.8605        30
 8.8605        30
 8.92494       30
 8.92494       31
 8.95716       31
 8.98938       31
 9.0216        32
 9.05382       32
 9.08604       32
 9.11826       33
 9.15048       33
 9.1827        34
 9.1827        34
 9.24714       35
 9.24714       35
 9.27936       36
 9.31158       37
 9.3438        38
 9.37602       39
 9.40824       39
 9.44046       40
 9.47268       41
 9.5049        42
 9.5049        43
 9.53712       44
 9.56934       45
 9.60156       46
 9.63378       47
 9.666         48
 9.69822       49
 9.76266       50
 9.76266       51
 9.79488       53
 9.8271        54
 9.85932       55
 9.89154       56
 9.92376       57
 9.95598       59
 9.9882        60
 10.02042      61
 10.05264      63
 10.08486      64
 10.08486      65
 10.11708      67
 10.1493       68
 10.18152      70
 10.21374      71
 10.24596      73
 10.27818      74
 10.3104       76
 10.34262      77
 10.37484      79
 10.37484      81
 10.40706      82
 10.43928      84
 10.4715       86
 10.50372      87
 10.53594      89
 10.56816      91
 10.60038      93
 10.6326       95
 10.66482      97
 10.66482      99
 10.69704      101
 10.72926      103
 10.76148      105
 10.7937       107
 10.82592      109
 10.85814      111
 10.89036      113
 10.92258      115
 10.92258      118
 10.9548       120
 10.98702      122
 11.01924      124
 11.05146      126
 11.08368      128
 11.1159       131
 11.14812      133
 11.18034      135
 11.21256      138
 11.21256      140
 11.24478      142
 11.277        144
 11.30922      146
 11.34144      149
 11.37366      151
 11.40588      153
 11.4381       156
 11.47032      158
 11.47032      161
 11.50254      163
 11.53476      165
 11.56698      167
 11.5992       170
 11.63142      171
 11.66364      174
 11.69586      176
 11.72808      177
 11.72808      179
 11.7603       181
 11.79252      182
 11.82474      183
 11.85696      184
 11.88918      185
 11.9214       186
 11.95362      186
 11.98584      186
 12.01806      186
 12.01806      186
 12.05028      185
 12.0825       185
 12.11472      184
 12.14694      183
 12.17916      181
 12.21138      180
 12.2436       178
 12.27582      176
 12.27582      174
 12.30804      172
 12.34026      170
 12.37248      168
 12.4047       166
 12.43692      163
 12.46914      161
 12.50136      159
 12.50136      156
 12.53358      154
 12.5658       151
 12.59802      148
 12.63024      146
 12.66246      143
 12.69468      140
 12.7269       137
 12.75912      134
 12.75912      132
 12.79134      131
 12.82356      128
 12.85578      126
 12.888        123
 12.92022      120
 12.95244      118
 13.01688      115
 13.01688      112
 13.0491       110
 13.08132      107
 13.11354      105
 13.14576      103
 13.17798      101
 13.2102       98
 13.24242      96
 13.24242      94
 13.27464      93
 13.30686      91
 13.33908      89
 13.3713       88
 13.40352      87
 13.43574      85
 13.46796      84
 13.50018      83
 13.50018      82
 13.5324       81
 13.56462      80
 13.59684      80
 13.62906      79
 13.66128      79
 13.6935       78
 13.72572      78
 13.72572      78
 13.75794      78
 13.79016      78
 13.82238      77
 13.8546       78
 13.88682      78
 13.91904      78
 13.95126      78
 13.98348      79
 13.98348      79
 14.0157       79
 14.04792      80
 14.08014      81
 14.11236      81
 14.14458      82
 14.1768       83
 14.20902      83
 14.20902      84
 14.24124      85
 14.27346      86
 14.30568      87
 14.3379       88
 14.37012      89
 14.40234      90
 14.43456      92
 14.43456      93
 14.46678      94
 14.499        95
 14.53122      96
 14.56344      98
 14.59566      100
 14.62788      101
 14.62788      103
 14.6601       104
 14.69232      106
 14.72454      108
 14.75676      109
 14.78898      111
 14.8212       113
 14.85342      114
 14.85342      116
 14.88564      118
 14.91786      120
 14.95008      122
 14.9823       124
 15.01452      126
 15.04674      128
 15.07896      130
 15.07896      132
 15.11118      135
 15.1434       136
 15.17562      137
 15.20784      138
 15.24006      140
 15.27228      143
 15.3045       145
 15.3045       147
 15.33672      149
 15.36894      151
 15.40116      153
 15.43338      156
 15.4656       158
 15.49782      161
 15.53004      164
 15.53004      166
 15.56226      169
 15.59448      171
 15.6267       174
 15.65892      177
 15.69114      179
 15.72336      182
 15.72336      185
 15.75558      188
 15.7878       190
 15.82002      193
 15.85224      196
 15.88446      199
 15.91668      203
 15.9489       205
 15.9489       208
 15.98112      211
 16.01334      214
 16.04556      217
 16.07778      220
 16.11         223
 16.14222      226
 16.17444      229
 16.17444      232
 16.20666      235
 16.2711       238
 16.30332      241
 16.33554      244
 16.36776      247
 16.36776      250
 16.39998      253
 16.4322       255
 16.46442      259
 16.49664      261
 16.52886      264
 16.52886      267
 16.56108      269
 16.5933       271
 16.62552      274
 16.65774      276
 16.68996      278
 16.72218      280
 16.7544       281
 16.7544       283
 16.78662      284
 16.81884      285
 16.85106      287
 16.88328      287
 16.9155       288
 16.9155       289
 16.94772      289
 16.97994      289
 17.01216      289
 17.04438      289
 17.0766       288
 17.10882      288
 17.14104      287
 17.14104      286
 17.17326      285
 17.20548      283
 17.2377       282
 17.26992      281
 17.30214      279
 17.33436      277
 17.33436      275
 17.36658      273
 17.3988       271
 17.43102      269
 17.46324      266
 17.49546      264
 17.52768      262
 17.52768      264
 17.5599       262
 17.59212      258
 17.62434      254
 17.65656      248
 17.68878      243
 17.721        239
 17.721        234
 17.75322      229
 17.78544      226
 17.81766      222
 17.84988      218
 17.8821       215
 17.91432      211
 17.91432      208
 17.94654      205
 17.97876      202
 18.01098      199
 18.0432       196
 18.07542      193
 18.07542      191
 18.10764      188
 18.13986      186
 18.17208      184
 18.2043       181
 18.23652      179
 18.26874      177
 18.30096      175
 18.30096      173
 18.33318      171
 18.3654       169
 18.39762      168
 18.42984      166
 18.46206      165
 18.46206      164
 18.49428      162
 18.5265       161
 18.55872      160
 18.59094      159
 18.62316      158
 18.65538      157
 18.65538      157
 18.6876       156
 18.71982      155
 18.75204      155
 18.78426      154
 18.81648      154
 18.8487       153
 18.8487       153
 18.88092      153
 18.91314      153
 18.94536      153
 18.97758      152
 19.0098       152
 19.0098       153
 19.04202      153
 19.07424      153
 19.10646      154
 19.13868      153
 19.1709       154
 19.20312      154
 19.20312      154
 19.23534      155
 19.26756      156
 19.29978      156
 19.332        157
 19.36422      158
 19.36422      158
 19.39644      159
 19.42866      160
 19.46088      161
 19.52532      162
 19.52532      163
 19.55754      164
 19.58976      165
 19.62198      165
 19.6542       167
 19.68642      168
 19.68642      169
 19.71864      170
 19.75086      171
 19.78308      173
 19.8153       174
 19.84752      176
 19.87974      177
 19.91196      179
 19.91196      180
 19.94418      182
 19.9764       184
 20.00862      185
 20.04084      187
 20.07306      189
 20.07306      191
 20.10528      193
 20.1375       195
 20.16972      197
 20.20194      199
 20.23416      201
 20.23416      203
 20.26638      206
 20.2986       208
 20.33082      210
 20.36304      212
 20.39526      214
 20.39526      217
 20.42748      219
 20.4597       221
 20.49192      224
 20.52414      226
 20.55636      229
 20.55636      231
 20.58858      233
 20.6208       236
 20.65302      239
 20.68524      241
 20.71746      244
 20.74968      246
 20.74968      249
 20.7819       252
 20.81412      255
 20.84634      257
 20.87856      260
 20.91078      263
 20.91078      265
 20.943        268
 20.97522      271
 21.00744      274
 21.03966      277
 21.03966      279
 21.07188      282
 21.1041       291
 21.13632      274
 21.16854      259
 21.20076      252
 21.20076      251
 21.23298      254
 21.2652       258
 21.29742      263
 21.32964      269
 21.36186      275
 21.36186      281
 21.39408      287
 21.4263       292
 21.45852      297
 21.49074      302
 21.52296      306
 21.52296      311
 21.55518      315
 21.5874       318
 21.61962      322
 21.65184      325
 21.68406      328
 21.71628      332
 21.71628      334
 21.7485       336
 21.78072      339
 21.81294      341
 21.84516      343
 21.84516      345
 21.87738      346
 21.9096       348
 21.94182      349
 21.97404      350
 22.00626      351
 22.00626      352
 22.03848      353
 22.0707       353
 22.10292      354
 22.13514      354
 22.16736      354
 22.16736      354
 22.19958      354
 22.2318       354
 22.26402      354
 22.29624      354
 22.32846      353
 22.32846      352
 22.36068      351
 22.3929       350
 22.42512      349
 22.45734      347
 22.48956      346
 22.48956      344
 22.52178      342
 22.554        340
 22.58622      338
 22.61844      336
 22.61844      334
 22.65066      332
 22.68288      330
 22.7151       328
 22.77954      326
 22.77954      323
 22.81176      321
 22.84398      319
 22.8762       317
 22.90842      315
 22.90842      312
 22.94064      310
 22.97286      308
 23.00508      306
 23.0373       304
 23.06952      301
 23.06952      298
 23.10174      296
 23.13396      294
 23.16618      292
 23.1984       290
 23.1984       288
 23.23062      286
 23.26284      284
 23.29506      282
 23.32728      281
 23.3595       279
 23.3595       278
 23.39172      276
 23.42394      275
 23.45616      273
 23.48838      272
 23.5206       271
 23.5206       269
 23.55282      269
 23.58504      267
 23.61726      266
 23.64948      265
 23.64948      264
 23.6817       263
 23.71392      262
 23.74614      261
 23.77836      261
 23.81058      260
 23.81058      259
 23.8428       258
 23.87502      258
 23.90724      257
 23.93946      257
 23.93946      256
 23.97168      256
 24.0039       255
 24.03612      255
 24.06834      255
 24.06834      255
 24.10056      254
 24.13278      254
 24.165        254
 24.19722      253
 24.19722      254
 24.22944      253
 24.26166      253
 24.29388      253
 24.3261       253
 24.3261       253
 24.35832      253
 24.39054      253
 24.42276      253
 24.45498      256
 24.45498      258
 24.4872       258
 24.51942      257
 24.55164      256
 24.58386      255
 24.61608      254
 24.61608      254
 24.6483       254
 24.68052      254
 24.71274      254
 24.74496      254
 24.74496      255
 24.77718      255
 24.8094       256
 24.84162      257
 24.87384      258
 24.87384      259
 24.90606      260
 24.93828      261
 24.9705       262
 25.00272      263
 25.00272      264
 25.03494      265
 25.06716      267
 25.09938      268
 25.1316       270
 25.1316       271
 25.16382      273
 25.19604      274
 25.22826      276
 25.26048      277
 25.26048      279
 25.2927       281
 25.32492      282
 25.35714      284
 25.38936      286
 25.38936      288
 25.42158      290
 25.4538       293
 25.48602      295
 25.51824      297
 25.51824      299
 25.55046      300
 25.58268      302
 25.6149       304
 25.64712      305
 25.64712      308
 25.67934      310
 25.71156      312
 25.74378      314
 25.776        316
 25.776        318
 25.80822      321
 25.84044      323
 25.87266      325
 25.90488      328
 25.90488      330
 25.9371       332
 25.96932      334
 26.03376      337
 26.03376      339
 26.06598      341
 26.0982       344
 26.13042      346
 26.16264      348
 26.16264      351
 26.19486      353
 26.22708      355
 26.2593       358
 26.29152      360
 26.29152      362
 26.32374      365
 26.35596      367
 26.38818      369
 26.4204       371
 26.4204       373
 26.45262      376
 26.48484      378
 26.51706      380
 26.51706      382
 26.54928      384
 26.5815       386
 26.61372      388
 26.64594      390
 26.67816      392
 26.67816      394
 26.71038      396
 26.7426       398
 26.77482      399
 26.77482      401
 26.80704      403
 26.83926      405
 26.87148      406
 26.9037       408
 26.93592      409
 26.93592      410
 26.96814      412
 27.00036      413
 27.03258      414
 27.03258      416
 27.0648       417
 27.09702      417
 27.12924      419
 27.16146      419
 27.16146      420
 27.19368      421
 27.2259       421
 27.25812      422
 27.25812      423
 27.29034      423
 27.32256      423
 27.35478      424
 27.35478      424
 27.387        424
 27.41922      424
 27.45144      424
 27.48366      425
 27.48366      424
 27.51588      424
 27.5481       424
 27.58032      424
 27.61254      424
 27.61254      424
 27.64476      423
 27.67698      423
 27.7092       423
 27.7092       422
 27.74142      422
 27.77364      421
 27.80586      421
 27.83808      420
 27.83808      420
 27.8703       419
 27.90252      419
 27.93474      418
 27.96696      417
 27.96696      416
 27.99918      416
 28.0314       415
 28.06362      414
 28.06362      413
 28.09584      413
 28.12806      412
 28.16028      411
 28.16028      411
 28.1925       410
 28.22472      409
 28.25694      409
 28.28916      408
 28.28916      407
 28.32138      407
 28.3536       406
 28.38582      406
 28.38582      405
 28.41804      404
 28.45026      404
 28.48248      402
