 0             0
 0             0
 0             0
 0             0
 3.222e-002    0
 3.222e-002    0
 9.666e-002    0
 9.666e-002    0
 0.12888       0
 0.1611        0
 0.19332       0
 0.19332       0
 0.25776       0
 0.25776       0
 0.28998       0
 0.35442       0
 0.35442       0
 0.38664       0
 0.41886       0
 0.41886       0
 0.4833        0
 0.4833        0
 0.51552       0
 0.54774       0
 0.57996       0
 0.57996       0
 0.6444        0
 0.6444        0
 0.67662       0
 0.74106       0
 0.74106       0
 0.77328       0
 0.8055        0
 0.8055        0
 0.86994       0
 0.86994       0
 0.90216       0
 0.93438       0
 0.9666        0
 0.99882       0
 1.03104       0
 1.03104       0
 1.06326       0
 1.1277        0
 1.1277        0
 1.15992       0
 1.19214       0
 1.22436       0
 1.25658       0
 1.2888        0
 1.2888        0
 1.35324       0
 1.35324       0
 1.38546       0
 1.4499        0
 1.4499        0
 1.48212       0
 1.51434       0
 1.54656       0
 1.57878       0
 1.611         0
 1.611         0
 1.67544       0
 1.67544       0
 1.70766       0
 1.73988       0
 1.7721        0
 1.80432       0
 1.83654       0
 1.83654       0
 1.86876       0
 1.9332        0
 1.9332        0
 1.96542       0
 1.99764       0
 2.02986       0
 2.06208       0
 2.0943        0
 2.0943        0
 2.15874       0
 2.15874       0
 2.19096       0
 2.2554        0
 2.2554        0
 2.28762       0
 2.31984       0
 2.35206       0
 2.38428       0
 2.4165        0
 2.4165        0
 2.48094       0
 2.48094       0
 2.51316       0
 2.54538       0
 2.5776        0
 2.60982       0
 2.64204       0
 2.67426       0
 2.70648       0
 2.7387        0
 2.7387        0
 2.77092       0
 2.80314       0
 2.83536       0
 2.86758       0
 2.8998        0
 2.93202       0
 2.96424       0
 2.99646       0
 2.99646       0
 3.0609        0
 3.0609        0
 3.09312       0
 3.12534       0
 3.15756       0
 3.18978       0
 3.25422       0
 3.25422       0
 3.31866       0
 3.31866       0
 3.35088       0
 3.3831        0
 3.41532       0
 3.44754       0
 3.47976       0
 3.51198       0
 3.5442        0
 3.57642       0
 3.57642       0
 3.60864       0
 3.64086       0
 3.67308       0
 3.7053        0
 3.73752       0
 3.76974       0
 3.80196       0
 3.83418       0
 3.8664        0
 3.89862       0
 3.89862       0
 3.93084       0
 3.99528       0
 3.99528       0
 4.0275        0
 4.05972       0
 4.09194       0
 4.12416       0
 4.15638       0
 4.1886        0
 4.22082       0
 4.25304       0
 4.25304       0
 4.31748       0
 4.31748       0
 4.3497        0
 4.38192       0
 4.41414       0
 4.44636       0
 4.47858       0
 4.5108        0
 4.54302       0
 4.57524       0
 4.57524       0
 4.63968       0
 4.63968       0
 4.6719        1
 4.70412       1
 4.73634       1
 4.76856       1
 4.80078       1
 4.833         1
 4.86522       2
 4.89744       2
 4.92966       2
 4.96188       2
 4.9941        2
 4.9941        2
 5.05854       3
 5.05854       3
 5.09076       3
 5.12298       3
 5.1552        3
 5.18742       4
 5.21964       4
 5.25186       4
 5.28408       4
 5.3163        4
 5.3163        5
 5.38074       5
 5.38074       5
 5.41296       5
 5.44518       6
 5.4774        6
 5.50962       6
 5.54184       6
 5.57406       6
 5.60628       7
 5.6385        7
 5.67072       7
 5.70294       8
 5.73516       8
 5.73516       8
 5.7996        9
 5.7996        9
 5.83182       9
 5.86404       9
 5.89626       10
 5.92848       10
 5.9607        10
 5.99292       11
 6.02514       11
 6.05736       11
 6.08958       12
 6.1218        12
 6.15402       12
 6.15402       13
 6.18624       13
 6.21846       14
 6.25068       14
 6.2829        14
 6.31512       15
 6.34734       15
 6.37956       16
 6.41178       16
 6.444         17
 6.50844       17
 6.50844       17
 6.54066       18
 6.57288       18
 6.6051        19
 6.63732       19
 6.66954       19
 6.70176       20
 6.73398       20
 6.7662        21
 6.79842       21
 6.83064       22
 6.83064       22
 6.86286       22
 6.89508       23
 6.9273        23
 6.95952       23
 6.99174       24
 7.02396       24
 7.05618       24
 7.0884        24
 7.12062       24
 7.15284       24
 7.18506       24
 7.18506       25
 7.2495        24
 7.2495        24
 7.28172       24
 7.31394       24
 7.34616       24
 7.37838       24
 7.4106        23
 7.44282       23
 7.47504       23
 7.50726       23
 7.53948       23
 7.5717        22
 7.5717        22
 7.60392       22
 7.63614       21
 7.66836       21
 7.70058       21
 7.7328        20
 7.76502       20
 7.79724       19
 7.82946       19
 7.86168       19
 7.8939        18
 7.92612       17
 7.95834       17
 7.99056       17
 7.99056       16
 8.02278       16
 8.055         15
 8.08722       15
 8.11944       15
 8.15166       14
 8.18388       14
 8.2161        14
 8.24832       13
 8.28054       13
 8.31276       13
 8.31276       12
 8.34498       12
 8.3772        12
 8.40942       12
 8.44164       12
 8.47386       11
 8.50608       11
 8.5383        11
 8.57052       11
 8.60274       11
 8.63496       11
 8.66718       11
 8.66718       11
 8.6994        11
 8.73162       10
 8.76384       11
 8.79606       11
 8.82828       10
 8.8605        11
 8.89272       11
 8.92494       11
 8.95716       11
 8.98938       11
 8.98938       11
 9.0216        11
 9.05382       11
 9.08604       11
 9.11826       12
 9.15048       12
 9.1827        12
 9.21492       12
 9.24714       12
 9.27936       12
 9.31158       13
 9.3438        13
 9.3438        13
 9.37602       13
 9.40824       14
 9.44046       14
 9.47268       14
 9.5049        15
 9.53712       15
 9.56934       15
 9.60156       16
 9.63378       16
 9.666         16
 9.69822       17
 9.73044       17
 9.76266       17
 9.79488       18
 9.8271        18
 9.85932       19
 9.89154       19
 9.92376       20
 9.95598       20
 9.9882        21
 10.02042      21
 10.02042      22
 10.05264      22
 10.08486      22
 10.11708      23
 10.1493       23
 10.18152      24
 10.21374      24
 10.24596      25
 10.27818      25
 10.3104       26
 10.34262      26
 10.34262      27
 10.37484      28
 10.40706      28
 10.43928      29
 10.4715       29
 10.50372      30
 10.53594      31
 10.56816      31
 10.60038      32
 10.6326       33
 10.66482      33
 10.66482      34
 10.69704      34
 10.72926      35
 10.76148      36
 10.7937       36
 10.82592      37
 10.85814      38
 10.89036      38
 10.92258      39
 10.9548       40
 10.98702      40
 10.98702      41
 11.01924      42
 11.05146      43
 11.08368      43
 11.1159       44
 11.14812      45
 11.18034      46
 11.21256      46
 11.24478      47
 11.24478      48
 11.30922      49
 11.30922      49
 11.34144      50
 11.37366      51
 11.40588      52
 11.4381       53
 11.47032      53
 11.50254      54
 11.53476      55
 11.56698      56
 11.56698      57
 11.5992       57
 11.63142      58
 11.66364      59
 11.69586      59
 11.72808      60
 11.7603       61
 11.79252      61
 11.82474      62
 11.85696      62
 11.85696      62
 11.88918      63
 11.9214       63
 11.95362      63
 11.98584      63
 12.01806      64
 12.05028      64
 12.0825       64
 12.11472      64
 12.11472      63
 12.14694      63
 12.17916      63
 12.21138      63
 12.2436       63
 12.27582      62
 12.30804      62
 12.34026      62
 12.37248      61
 12.4047       61
 12.43692      60
 12.43692      60
 12.46914      60
 12.50136      59
 12.53358      58
 12.5658       58
 12.59802      57
 12.63024      57
 12.66246      56
 12.69468      55
 12.69468      55
 12.7269       54
 12.75912      53
 12.79134      52
 12.82356      52
 12.85578      51
 12.888        50
 12.92022      49
 12.95244      48
 12.95244      48
 13.01688      47
 13.0491       46
 13.08132      46
 13.11354      45
 13.14576      44
 13.17798      44
 13.2102       43
 13.2102       43
 13.24242      43
 13.27464      42
 13.30686      41
 13.33908      41
 13.3713       41
 13.40352      40
 13.43574      40
 13.46796      39
 13.46796      39
 13.5324       39
 13.5324       38
 13.56462      38
 13.59684      38
 13.62906      38
 13.66128      38
 13.6935       37
 13.72572      37
 13.75794      37
 13.75794      37
 13.79016      37
 13.82238      37
 13.8546       37
 13.88682      37
 13.91904      37
 13.95126      37
 13.98348      37
 14.0157       37
 14.0157       37
 14.04792      37
 14.08014      37
 14.11236      38
 14.14458      38
 14.1768       38
 14.20902      38
 14.24124      38
 14.24124      39
 14.27346      39
 14.30568      39
 14.3379       39
 14.37012      40
 14.40234      40
 14.43456      40
 14.46678      41
 14.499        41
 14.499        42
 14.53122      42
 14.56344      42
 14.59566      43
 14.62788      43
 14.6601       44
 14.69232      44
 14.72454      45
 14.72454      45
 14.75676      46
 14.78898      46
 14.8212       46
 14.85342      47
 14.88564      48
 14.91786      48
 14.95008      49
 14.9823       49
 14.9823       50
 15.01452      51
 15.04674      51
 15.07896      52
 15.11118      52
 15.1434       53
 15.17562      54
 15.20784      54
 15.20784      55
 15.24006      56
 15.27228      57
 15.3045       57
 15.33672      58
 15.36894      59
 15.40116      60
 15.43338      60
 15.4656       61
 15.4656       62
 15.49782      63
 15.53004      63
 15.56226      64
 15.59448      65
 15.6267       66
 15.65892      67
 15.69114      68
 15.69114      68
 15.72336      70
 15.75558      70
 15.7878       71
 15.82002      72
 15.85224      73
 15.88446      74
 15.88446      75
 15.91668      76
 15.9489       77
 15.98112      78
 16.01334      78
 16.04556      79
 16.07778      80
 16.11         81
 16.14222      82
 16.14222      83
 16.17444      84
 16.20666      85
 16.2711       86
 16.30332      87
 16.33554      88
 16.33554      89
 16.36776      90
 16.39998      91
 16.4322       92
 16.46442      93
 16.49664      94
 16.52886      95
 16.56108      96
 16.56108      96
 16.5933       97
 16.62552      98
 16.65774      99
 16.68996      100
 16.72218      101
 16.7544       102
 16.7544       102
 16.78662      103
 16.81884      103
 16.85106      104
 16.88328      104
 16.9155       104
 16.94772      105
 16.97994      105
 16.97994      105
 17.01216      106
 17.04438      106
 17.0766       106
 17.10882      106
 17.14104      106
 17.17326      106
 17.20548      106
 17.20548      106
 17.2377       106
 17.26992      106
 17.30214      106
 17.33436      106
 17.36658      106
 17.3988       105
 17.3988       105
 17.43102      105
 17.46324      104
 17.49546      104
 17.52768      103
 17.5599       103
 17.59212      102
 17.62434      101
 17.62434      101
 17.65656      100
 17.68878      99
 17.721        98
 17.75322      97
 17.78544      96
 17.81766      96
 17.84988      95
 17.84988      94
 17.8821       94
 17.91432      93
 17.94654      93
 17.97876      92
 18.01098      91
 18.01098      91
 18.0432       91
 18.07542      90
 18.10764      89
 18.13986      89
 18.17208      88
 18.2043       88
 18.23652      87
 18.23652      87
 18.26874      86
 18.30096      86
 18.33318      85
 18.3654       85
 18.39762      84
 18.39762      84
 18.42984      84
 18.46206      83
 18.49428      83
 18.5265       83
 18.55872      82
 18.59094      82
 18.62316      82
 18.62316      82
 18.65538      82
 18.6876       82
 18.71982      81
 18.75204      81
 18.78426      81
 18.78426      81
 18.81648      81
 18.8487       81
 18.88092      81
 18.91314      81
 18.94536      80
 18.97758      80
 19.0098       80
 19.0098       80
 19.04202      80
 19.07424      80
 19.10646      80
 19.13868      81
 19.1709       81
 19.1709       81
 19.20312      81
 19.23534      81
 19.26756      81
 19.29978      81
 19.332        81
 19.36422      81
 19.39644      82
 19.39644      81
 19.42866      82
 19.46088      82
 19.52532      82
 19.55754      82
 19.55754      82
 19.58976      82
 19.62198      83
 19.6542       83
 19.68642      83
 19.71864      84
 19.75086      84
 19.75086      84
 19.78308      85
 19.8153       85
 19.84752      85
 19.87974      86
 19.91196      86
 19.91196      87
 19.94418      87
 19.9764       87
 20.00862      88
 20.04084      88
 20.07306      89
 20.10528      90
 20.1375       90
 20.1375       91
 20.16972      91
 20.20194      92
 20.23416      92
 20.26638      93
 20.2986       93
 20.2986       94
 20.33082      95
 20.36304      96
 20.39526      96
 20.42748      97
 20.4597       98
 20.49192      98
 20.49192      99
 20.52414      101
 20.55636      102
 20.58858      103
 20.6208       103
 20.65302      104
 20.68524      105
 20.68524      106
 20.71746      106
 20.74968      107
 20.7819       108
 20.81412      109
 20.84634      110
 20.84634      111
 20.87856      112
 20.91078      112
 20.943        113
 20.97522      114
 21.00744      115
 21.03966      116
 21.03966      117
 21.07188      118
 21.1041       119
 21.13632      120
 21.16854      120
 21.20076      122
 21.23298      122
 21.23298      123
 21.2652       124
 21.29742      125
 21.32964      126
 21.36186      127
 21.36186      128
 21.39408      129
 21.4263       130
 21.45852      131
 21.49074      132
 21.52296      132
 21.55518      133
 21.55518      134
 21.5874       135
 21.61962      136
 21.65184      137
 21.68406      137
 21.71628      138
 21.71628      139
 21.7485       139
 21.78072      140
 21.81294      141
 21.84516      141
 21.87738      142
 21.87738      142
 21.9096       143
 21.94182      143
 21.97404      144
 22.00626      144
 22.03848      145
 22.03848      146
 22.0707       146
 22.10292      147
 22.13514      147
 22.16736      147
 22.19958      148
 22.2318       148
 22.2318       148
 22.26402      149
 22.29624      149
 22.32846      149
 22.36068      149
 22.36068      149
 22.3929       149
 22.42512      149
 22.45734      150
 22.48956      163
 22.52178      157
 22.52178      155
 22.554        154
 22.58622      152
 22.61844      152
 22.65066      151
 22.68288      150
 22.68288      150
 22.7151       149
 22.77954      149
 22.81176      148
 22.84398      148
 22.84398      148
 22.8762       148
 22.90842      147
 22.94064      147
 22.97286      147
 23.00508      146
 23.00508      146
 23.0373       146
 23.06952      146
 23.10174      146
 23.13396      145
 23.13396      145
 23.16618      145
 23.1984       145
 23.23062      145
 23.26284      145
 23.29506      144
 23.29506      144
 23.32728      144
 23.3595       144
 23.39172      144
 23.42394      144
 23.45616      144
 23.45616      144
 23.48838      144
 23.5206       144
 23.55282      144
 23.58504      144
 23.61726      144
 23.61726      144
 23.64948      143
 23.6817       144
 23.71392      144
 23.74614      143
 23.74614      144
 23.77836      143
 23.81058      143
 23.8428       144
 23.87502      143
 23.90724      143
 23.93946      144
 23.93946      143
 23.97168      143
 24.0039       144
 24.03612      144
 24.06834      144
 24.06834      144
 24.10056      144
 24.13278      144
 24.165        144
 24.19722      144
 24.19722      144
 24.22944      144
 24.26166      144
 24.29388      144
 24.3261       144
 24.35832      144
 24.35832      144
 24.39054      144
 24.42276      144
 24.45498      144
 24.4872       144
 24.4872       144
 24.51942      144
 24.55164      144
 24.58386      144
 24.61608      144
 24.6483       144
 24.6483       145
 24.68052      145
 24.71274      145
 24.74496      145
 24.77718      146
 24.77718      146
 24.8094       146
 24.84162      146
 24.87384      146
 24.90606      146
 24.93828      146
 24.93828      146
 24.9705       147
 25.00272      147
 25.03494      148
 25.06716      148
 25.06716      148
 25.09938      149
 25.1316       149
 25.16382      150
 25.19604      150
 25.19604      151
 25.22826      151
 25.26048      152
 25.2927       152
 25.32492      153
 25.35714      154
 25.35714      154
 25.38936      155
 25.42158      155
 25.4538       156
 25.4538       157
 25.48602      157
 25.51824      158
 25.55046      159
 25.58268      159
 25.6149       160
 25.6149       161
 25.64712      161
 25.67934      162
 25.71156      163
 25.74378      163
 25.74378      164
 25.776        165
 25.80822      165
 25.84044      166
 25.87266      167
 25.87266      168
 25.90488      168
 25.9371       169
 25.96932      170
 26.00154      171
 26.03376      171
 26.06598      172
 26.0982       173
 26.13042      174
 26.16264      174
 26.16264      175
 26.19486      176
 26.22708      177
 26.2593       177
 26.2593       178
 26.29152      179
 26.32374      180
 26.35596      180
 26.38818      181
 26.4204       181
 26.4204       182
 26.45262      183
 26.48484      184
 26.51706      185
 26.54928      185
 26.54928      186
 26.5815       187
 26.61372      187
 26.64594      188
 26.67816      189
 26.67816      190
 26.71038      190
 26.7426       191
 26.77482      192
 26.77482      192
 26.80704      193
 26.83926      194
 26.87148      195
 26.9037       195
 26.93592      196
 26.93592      197
 26.96814      197
 27.00036      198
 27.03258      199
 27.0648       199
 27.0648       200
 27.09702      202
 27.12924      202
 27.16146      203
 27.19368      204
 27.19368      204
 27.2259       205
 27.25812      205
 27.29034      206
 27.29034      206
 27.32256      207
 27.35478      207
 27.387        208
 27.41922      208
 27.41922      209
 27.45144      209
 27.48366      210
 27.51588      210
 27.5481       211
 27.5481       211
 27.58032      212
 27.61254      212
 27.64476      212
 27.64476      213
 27.67698      213
 27.7092       214
 27.74142      214
 27.77364      214
 27.77364      215
 27.80586      215
 27.83808      215
 27.8703       216
 27.90252      216
 27.90252      216
 27.93474      217
 27.96696      217
 27.99918      217
 27.99918      218
 28.0314       218
 28.06362      218
 28.09584      219
 28.12806      219
 28.12806      219
 28.16028      219
 28.1925       220
 28.22472      220
 28.25694      221
 28.25694      221
 28.28916      221
 28.32138      222
 28.3536       222
 28.3536       222
 28.38582      222
 28.41804      222
 28.45026      223
 28.48248      223
 28.48248      223
 28.5147       223
 28.54692      223
 28.57914      223
 28.57914      224
 28.61136      224
 28.64358      224
 28.6758       224
 28.70802      224
 28.70802      225
 28.74024      225
