 0             0
 0             0
 0             0
 0             0
 3.222e-002    0
 6.444e-002    0
 6.444e-002    0
 0.12888       0
 0.12888       0
 0.1611        0
 0.19332       0
 0.19332       0
 0.22554       0
 0.25776       0
 0.28998       0
 0.3222        0
 0.35442       0
 0.35442       0
 0.41886       0
 0.41886       0
 0.41886       0
 0.4833        0
 0.4833        0
 0.51552       0
 0.57996       0
 0.57996       0
 0.61218       0
 0.6444        0
 0.6444        0
 0.70884       0
 0.70884       0
 0.74106       0
 0.77328       0
 0.8055        0
 0.8055        0
 0.86994       0
 0.86994       0
 0.90216       0
 0.93438       0
 0.9666        0
 0.99882       0
 1.03104       0
 1.03104       0
 1.06326       0
 1.09548       0
 1.1277        0
 1.15992       0
 1.19214       0
 1.19214       0
 1.25658       0
 1.25658       0
 1.2888        0
 1.32102       0
 1.32102       0
 1.38546       0
 1.41768       0
 1.41768       0
 1.4499        0
 1.48212       0
 1.51434       0
 1.54656       0
 1.57878       0
 1.57878       0
 1.64322       0
 1.64322       0
 1.67544       0
 1.70766       0
 1.73988       0
 1.7721        0
 1.80432       0
 1.80432       0
 1.86876       0
 1.86876       0
 1.90098       0
 1.9332        0
 1.96542       0
 1.96542       0
 2.02986       0
 2.02986       0
 2.06208       0
 2.0943        0
 2.12652       0
 2.15874       0
 2.19096       0
 2.19096       0
 2.2554        0
 2.2554        0
 2.28762       0
 2.31984       0
 2.35206       0
 2.35206       0
 2.4165        0
 2.4165        0
 2.44872       0
 2.48094       0
 2.51316       0
 2.54538       0
 2.5776        0
 2.5776        0
 2.64204       0
 2.64204       0
 2.67426       0
 2.70648       0
 2.7387        0
 2.77092       0
 2.80314       0
 2.80314       0
 2.83536       0
 2.8998        0
 2.8998        0
 2.93202       0
 2.96424       0
 2.99646       0
 3.02868       0
 3.0609        0
 3.0609        0
 3.12534       0
 3.12534       0
 3.15756       0
 3.18978       0
 3.222         0
 3.25422       0
 3.28644       0
 3.31866       0
 3.35088       0
 3.3831        0
 3.41532       0
 3.44754       0
 3.47976       0
 3.47976       0
 3.5442        0
 3.5442        0
 3.57642       0
 3.60864       0
 3.64086       0
 3.67308       0
 3.7053        0
 3.7053        0
 3.73752       0
 3.76974       0
 3.80196       0
 3.83418       0
 3.8664        0
 3.89862       0
 3.93084       0
 3.93084       0
 3.96306       1
 3.99528       0
 4.0275        0
 4.05972       1
 4.09194       1
 4.12416       1
 4.15638       1
 4.1886        1
 4.1886        1
 4.22082       1
 4.25304       1
 4.28526       1
 4.31748       1
 4.3497        1
 4.38192       2
 4.41414       1
 4.41414       1
 4.44636       2
 4.47858       2
 4.5108        2
 4.54302       2
 4.57524       2
 4.60746       2
 4.63968       2
 4.6719        2
 4.6719        2
 4.73634       2
 4.73634       2
 4.76856       3
 4.80078       3
 4.833         3
 4.86522       3
 4.89744       3
 4.89744       2
 4.96188       0
 4.96188       0
 4.9941        0
 5.02632       0
 5.05854       0
 5.09076       0
 5.12298       0
 5.1552        0
 5.18742       0
 5.18742       0
 5.21964       0
 5.25186       0
 5.28408       0
 5.3163        0
 5.34852       0
 5.38074       0
 5.41296       0
 5.44518       0
 5.44518       0
 5.50962       0
 5.50962       0
 5.54184       1
 5.57406       2
 5.60628       2
 5.6385        3
 5.67072       3
 5.70294       4
 5.70294       4
 5.76738       5
 5.76738       5
 5.7996        6
 5.83182       6
 5.86404       6
 5.89626       7
 5.92848       7
 5.9607        7
 5.99292       8
 5.99292       8
 6.02514       8
 6.05736       9
 6.08958       9
 6.1218        9
 6.15402       10
 6.18624       10
 6.21846       10
 6.25068       10
 6.25068       11
 6.2829        11
 6.31512       11
 6.34734       12
 6.37956       12
 6.41178       12
 6.444         13
 6.50844       13
 6.50844       13
 6.54066       14
 6.57288       14
 6.6051        15
 6.63732       16
 6.66954       16
 6.70176       16
 6.73398       17
 6.7662        17
 6.7662        17
 6.79842       18
 6.83064       18
 6.86286       18
 6.89508       18
 6.9273        18
 6.95952       19
 6.99174       19
 6.99174       19
 7.02396       19
 7.05618       19
 7.0884        19
 7.12062       19
 7.15284       19
 7.18506       19
 7.21728       19
 7.2495        19
 7.2495        19
 7.31394       19
 7.31394       19
 7.34616       19
 7.37838       19
 7.4106        18
 7.44282       18
 7.47504       18
 7.50726       18
 7.53948       18
 7.53948       17
 7.5717        17
 7.60392       17
 7.63614       17
 7.66836       17
 7.70058       16
 7.7328        16
 7.7328        16
 7.79724       16
 7.79724       15
 7.82946       15
 7.86168       15
 7.8939        14
 7.92612       15
 7.95834       14
 7.99056       14
 8.02278       14
 8.02278       13
 8.055         13
 8.08722       13
 8.11944       13
 8.15166       13
 8.18388       13
 8.2161        12
 8.24832       12
 8.28054       12
 8.28054       12
 8.31276       12
 8.34498       11
 8.3772        11
 8.40942       11
 8.44164       11
 8.47386       11
 8.50608       11
 8.50608       11
 8.5383        11
 8.57052       11
 8.60274       11
 8.63496       11
 8.66718       11
 8.6994        11
 8.73162       11
 8.76384       11
 8.76384       11
 8.79606       11
 8.82828       11
 8.8605        11
 8.89272       11
 8.92494       11
 8.95716       11
 8.98938       11
 9.0216        11
 9.0216        12
 9.05382       12
 9.08604       12
 9.11826       12
 9.15048       12
 9.1827        12
 9.21492       12
 9.24714       12
 9.24714       12
 9.27936       12
 9.31158       12
 9.3438        12
 9.37602       12
 9.40824       12
 9.44046       12
 9.47268       13
 9.5049        13
 9.5049        13
 9.53712       14
 9.56934       14
 9.60156       14
 9.63378       15
 9.666         15
 9.69822       16
 9.73044       16
 9.76266       16
 9.79488       17
 9.8271        17
 9.85932       17
 9.89154       18
 9.92376       18
 9.95598       18
 9.9882        19
 9.9882        19
 10.02042      20
 10.05264      20
 10.08486      20
 10.11708      21
 10.1493       21
 10.18152      22
 10.21374      22
 10.21374      22
 10.24596      23
 10.27818      23
 10.3104       24
 10.34262      24
 10.37484      25
 10.40706      25
 10.43928      26
 10.43928      26
 10.4715       27
 10.50372      27
 10.53594      28
 10.56816      28
 10.60038      29
 10.6326       29
 10.66482      30
 10.66482      30
 10.69704      31
 10.72926      32
 10.76148      32
 10.7937       33
 10.82592      33
 10.85814      34
 10.89036      35
 10.92258      35
 10.92258      36
 10.9548       37
 10.98702      37
 11.01924      38
 11.05146      39
 11.08368      39
 11.1159       40
 11.14812      41
 11.14812      41
 11.18034      42
 11.21256      43
 11.24478      43
 11.277        44
 11.30922      45
 11.34144      45
 11.34144      46
 11.37366      47
 11.40588      47
 11.4381       48
 11.47032      49
 11.50254      50
 11.53476      50
 11.56698      51
 11.56698      52
 11.5992       52
 11.63142      53
 11.66364      53
 11.69586      54
 11.72808      54
 11.7603       55
 11.79252      55
 11.79252      55
 11.82474      56
 11.85696      56
 11.88918      56
 11.9214       56
 11.95362      55
 11.98584      55
 11.98584      55
 12.01806      55
 12.05028      55
 12.0825       54
 12.11472      54
 12.14694      53
 12.17916      53
 12.17916      52
 12.21138      52
 12.2436       51
 12.27582      50
 12.30804      50
 12.34026      49
 12.37248      48
 12.4047       48
 12.4047       47
 12.43692      46
 12.46914      45
 12.50136      45
 12.53358      44
 12.5658       43
 12.59802      42
 12.63024      42
 12.63024      41
 12.66246      40
 12.69468      39
 12.7269       38
 12.75912      38
 12.79134      37
 12.82356      36
 12.82356      35
 12.85578      35
 12.888        34
 12.92022      33
 12.95244      32
 12.98466      32
 13.01688      31
 13.0491       31
 13.08132      30
 13.11354      30
 13.14576      29
 13.17798      29
 13.2102       28
 13.2102       27
 13.24242      25
 13.27464      22
 13.30686      21
 13.33908      20
 13.3713       19
 13.40352      19
 13.43574      19
 13.43574      19
 13.46796      19
 13.50018      19
 13.5324       19
 13.56462      20
 13.59684      20
 13.59684      20
 13.62906      20
 13.66128      21
 13.6935       21
 13.72572      21
 13.75794      21
 13.79016      22
 13.82238      22
 13.82238      22
 13.8546       22
 13.88682      23
 13.91904      23
 13.95126      23
 13.98348      24
 14.0157       24
 14.0157       24
 14.04792      25
 14.08014      25
 14.11236      25
 14.14458      26
 14.1768       26
 14.20902      26
 14.20902      27
 14.24124      27
 14.27346      28
 14.30568      28
 14.3379       28
 14.37012      29
 14.40234      29
 14.40234      30
 14.43456      30
 14.46678      31
 14.499        31
 14.53122      32
 14.56344      32
 14.56344      33
 14.59566      33
 14.62788      34
 14.6601       34
 14.69232      35
 14.72454      35
 14.75676      36
 14.75676      37
 14.78898      37
 14.8212       38
 14.85342      38
 14.88564      39
 14.91786      40
 14.91786      40
 14.95008      41
 14.9823       42
 15.01452      42
 15.04674      43
 15.07896      44
 15.11118      44
 15.11118      45
 15.1434       46
 15.17562      47
 15.20784      47
 15.24006      48
 15.27228      49
 15.3045       50
 15.3045       50
 15.33672      51
 15.36894      52
 15.40116      53
 15.43338      54
 15.4656       54
 15.4656       55
 15.49782      56
 15.53004      57
 15.56226      58
 15.59448      59
 15.6267       60
 15.6267       61
 15.65892      62
 15.69114      62
 15.72336      64
 15.75558      64
 15.7878       65
 15.82002      66
 15.85224      67
 15.85224      68
 15.88446      69
 15.91668      70
 15.9489       71
 15.98112      72
 16.01334      73
 16.01334      74
 16.04556      75
 16.07778      76
 16.11         78
 16.14222      79
 16.17444      79
 16.20666      81
 16.23888      82
 16.2711       83
 16.30332      84
 16.33554      85
 16.33554      86
 16.36776      87
 16.39998      87
 16.4322       88
 16.46442      89
 16.49664      90
 16.52886      91
 16.52886      91
 16.56108      92
 16.5933       92
 16.62552      92
 16.65774      93
 16.68996      93
 16.68996      93
 16.72218      93
 16.7544       94
 16.78662      94
 16.81884      94
 16.85106      94
 16.85106      93
 16.88328      93
 16.9155       93
 16.94772      92
 16.97994      92
 17.01216      92
 17.01216      91
 17.04438      91
 17.0766       90
 17.10882      89
 17.14104      89
 17.17326      88
 17.17326      87
 17.20548      86
 17.2377       85
 17.26992      84
 17.30214      83
 17.33436      82
 17.33436      82
 17.36658      80
 17.3988       79
 17.43102      79
 17.46324      77
 17.49546      76
 17.52768      75
 17.52768      74
 17.5599       72
 17.59212      71
 17.62434      70
 17.65656      69
 17.68878      68
 17.68878      66
 17.721        65
 17.75322      64
 17.78544      63
 17.81766      62
 17.84988      61
 17.84988      60
 17.8821       59
 17.91432      58
 17.94654      57
 17.97876      56
 18.01098      55
 18.01098      54
 18.0432       53
 18.07542      52
 18.10764      52
 18.13986      51
 18.17208      50
 18.17208      50
 18.2043       49
 18.23652      48
 18.26874      48
 18.30096      47
 18.33318      47
 18.33318      46
 18.3654       45
 18.39762      45
 18.42984      45
 18.46206      44
 18.49428      44
 18.49428      43
 18.5265       43
 18.55872      43
 18.59094      43
 18.62316      43
 18.65538      42
 18.65538      41
 18.6876       41
 18.71982      41
 18.75204      41
 18.78426      41
 18.78426      41
 18.81648      41
 18.8487       41
 18.88092      41
 18.91314      41
 18.94536      41
 18.94536      40
 18.97758      41
 19.0098       41
 19.04202      41
 19.07424      42
 19.10646      42
 19.10646      42
 19.13868      43
 19.1709       43
 19.20312      44
 19.23534      47
 19.26756      49
 19.26756      50
 19.29978      51
 19.332        51
 19.36422      51
 19.39644      51
 19.39644      51
 19.42866      51
 19.46088      51
 19.52532      51
 19.52532      52
 19.55754      52
 19.58976      52
 19.62198      52
 19.6542       52
 19.68642      53
 19.68642      53
 19.71864      54
 19.75086      54
 19.78308      55
 19.8153       55
 19.8153       56
 19.84752      56
 19.87974      57
 19.91196      58
 19.94418      58
 19.9764       59
 19.9764       60
 20.00862      61
 20.04084      61
 20.07306      62
 20.10528      63
 20.1375       64
 20.16972      65
 20.16972      65
 20.20194      66
 20.23416      67
 20.26638      68
 20.26638      69
 20.2986       70
 20.33082      71
 20.36304      72
 20.39526      72
 20.42748      73
 20.42748      74
 20.4597       75
 20.49192      76
 20.52414      77
 20.55636      78
 20.55636      79
 20.58858      80
 20.6208       81
 20.65302      82
 20.68524      83
 20.71746      84
 20.71746      86
 20.74968      87
 20.7819       88
 20.81412      89
 20.84634      90
 20.84634      91
 20.87856      92
 20.91078      93
 20.943        94
 20.97522      96
 20.97522      96
 21.00744      98
 21.03966      99
 21.07188      100
 21.1041       102
 21.13632      103
 21.13632      104
 21.16854      105
 21.20076      106
 21.23298      107
 21.2652       108
 21.2652       109
 21.29742      110
 21.32964      111
 21.36186      111
 21.39408      112
 21.4263       113
 21.4263       114
 21.45852      114
 21.49074      115
 21.52296      115
 21.52296      116
 21.55518      117
 21.5874       117
 21.61962      117
 21.65184      117
 21.68406      118
 21.68406      118
 21.71628      118
 21.7485       118
 21.78072      118
 21.81294      118
 21.81294      118
 21.84516      118
 21.87738      117
 21.9096       117
 21.94182      117
 21.94182      117
 21.97404      116
 22.00626      116
 22.03848      115
 22.0707       115
 22.0707       114
 22.10292      114
 22.13514      113
 22.16736      112
 22.19958      112
 22.2318       111
 22.2318       110
 22.26402      109
 22.29624      108
 22.32846      107
 22.32846      106
 22.36068      105
 22.3929       104
 22.42512      103
 22.45734      102
 22.45734      101
 22.48956      99
 22.52178      98
 22.554        97
 22.58622      96
 22.61844      94
 22.61844      93
 22.65066      92
 22.68288      91
 22.7151       90
 22.74732      90
 22.77954      88
 22.81176      87
 22.84398      85
 22.84398      84
 22.8762       82
 22.90842      81
 22.94064      79
 22.97286      78
 22.97286      77
 23.00508      76
 23.0373       75
 23.06952      74
 23.10174      73
 23.10174      73
 23.13396      72
 23.16618      71
 23.1984       70
 23.23062      70
 23.23062      69
 23.26284      69
 23.29506      68
 23.32728      68
 23.3595       67
 23.3595       67
 23.39172      66
 23.42394      66
 23.45616      66
 23.48838      65
 23.48838      65
 23.5206       65
 23.55282      64
 23.58504      64
 23.58504      64
 23.61726      63
 23.64948      63
 23.6817       63
 23.71392      63
 23.71392      62
 23.74614      62
 23.77836      62
 23.81058      62
 23.8428       62
 23.8428       62
 23.87502      62
 23.90724      62
 23.93946      62
 23.97168      62
 23.97168      62
 24.0039       62
 24.03612      62
 24.06834      62
 24.10056      63
 24.10056      64
 24.13278      65
 24.165        65
 24.19722      65
 24.22944      65
 24.22944      65
 24.26166      65
 24.29388      65
 24.3261       66
 24.35832      66
 24.35832      66
 24.39054      66
 24.42276      66
 24.45498      66
 24.45498      67
 24.4872       67
 24.51942      67
 24.55164      68
 24.58386      68
 24.58386      68
 24.61608      69
 24.6483       69
 24.68052      70
 24.71274      70
 24.71274      70
 24.74496      71
 24.77718      72
 24.8094       72
 24.8094       73
 24.84162      73
 24.87384      74
 24.90606      75
 24.93828      75
 24.93828      76
 24.9705       77
 25.00272      78
 25.03494      78
 25.03494      79
 25.06716      80
 25.09938      81
 25.1316       81
 25.16382      82
 25.16382      83
 25.19604      83
 25.22826      84
 25.26048      85
 25.26048      86
 25.2927       87
 25.32492      87
 25.35714      89
 25.38936      89
 25.38936      90
 25.42158      91
 25.4538       92
 25.48602      93
 25.51824      94
 25.51824      95
 25.55046      96
 25.58268      97
 25.6149       98
 25.6149       99
 25.64712      101
 25.67934      101
 25.71156      103
 25.74378      104
 25.74378      104
 25.776        106
 25.80822      107
 25.84044      108
 25.87266      109
 25.87266      110
 25.90488      111
 25.9371       112
 25.96932      113
 25.96932      114
 26.03376      115
 26.06598      116
 26.06598      117
 26.0982       118
 26.13042      119
 26.16264      120
 26.19486      121
 26.19486      121
 26.22708      122
 26.2593       123
 26.29152      124
 26.29152      125
 26.32374      125
 26.35596      126
 26.38818      127
 26.4204       129
 26.4204       130
 26.45262      130
 26.48484      131
 26.51706      132
 26.51706      132
 26.54928      132
 26.5815       133
 26.61372      133
 26.61372      133
 26.64594      133
 26.67816      133
 26.71038      134
 26.7426       134
 26.7426       134
 26.77482      134
 26.80704      134
 26.83926      135
 26.83926      135
 26.87148      135
 26.9037       135
 26.93592      135
 26.93592      135
 26.96814      135
 27.00036      134
 27.03258      134
 27.0648       134
 27.0648       134
 27.09702      133
 27.12924      133
 27.16146      132
 27.16146      132
 27.19368      131
 27.2259       131
 27.25812      130
 27.25812      130
 27.29034      129
 27.32256      128
 27.35478      128
 27.35478      127
 27.387        127
 27.41922      126
 27.45144      125
 27.45144      125
 27.48366      124
 27.51588      123
 27.5481       123
 27.5481       122
 27.58032      121
 27.61254      120
 27.64476      119
 27.67698      119
 27.67698      118
 27.7092       117
 27.74142      117
 27.77364      116
 27.77364      115
 27.80586      114
 27.83808      113
