 0             0
 0             0
 0             0
 0             0
 3.222e-002    0
 3.222e-002    0
 9.666e-002    0
 9.666e-002    0
 0.12888       0
 0.19332       0
 0.19332       0
 0.22554       0
 0.25776       0
 0.25776       0
 0.28998       0
 0.3222        0
 0.3222        0
 0.38664       0
 0.38664       0
 0.41886       0
 0.4833        0
 0.4833        0
 0.4833        0
 0.54774       0
 0.54774       0
 0.57996       0
 0.6444        0
 0.6444        0
 0.67662       0
 0.70884       0
 0.70884       0
 0.77328       0
 0.77328       0
 0.8055        0
 0.83772       0
 0.86994       0
 0.86994       0
 0.93438       0
 0.93438       0
 0.9666        0
 0.99882       0
 1.03104       0
 1.06326       0
 1.09548       0
 1.09548       0
 1.1277        0
 1.15992       0
 1.19214       0
 1.22436       0
 1.25658       0
 1.25658       0
 1.32102       0
 1.32102       0
 1.35324       0
 1.38546       0
 1.41768       0
 1.4499        0
 1.48212       0
 1.48212       0
 1.51434       0
 1.54656       0
 1.57878       0
 1.611         0
 1.64322       0
 1.64322       0
 1.70766       0
 1.70766       0
 1.73988       0
 1.7721        0
 1.80432       0
 1.83654       0
 1.86876       0
 1.86876       0
 1.90098       0
 1.9332        0
 1.96542       0
 1.99764       0
 2.02986       0
 2.02986       0
 2.0943        0
 2.0943        0
 2.12652       0
 2.15874       0
 2.19096       0
 2.22318       0
 2.2554        0
 2.2554        0
 2.31984       0
 2.35206       0
 2.35206       0
 2.38428       0
 2.4165        0
 2.44872       0
 2.48094       0
 2.51316       0
 2.51316       0
 2.5776        0
 2.5776        0
 2.60982       0
 2.64204       0
 2.67426       0
 2.70648       0
 2.7387        0
 2.7387        0
 2.77092       0
 2.80314       0
 2.83536       0
 2.86758       0
 2.8998        0
 2.8998        0
 2.96424       0
 2.96424       0
 2.99646       0
 3.02868       0
 3.0609        0
 3.09312       0
 3.12534       0
 3.12534       0
 3.18978       0
 3.18978       0
 3.25422       0
 3.28644       0
 3.31866       0
 3.31866       0
 3.3831        0
 3.3831        0
 3.41532       0
 3.44754       0
 3.47976       0
 3.51198       0
 3.5442        0
 3.5442        0
 3.60864       0
 3.60864       0
 3.64086       0
 3.67308       0
 3.7053        0
 3.73752       0
 3.76974       0
 3.80196       0
 3.80196       0
 3.8664        0
 3.8664        0
 3.89862       0
 3.93084       0
 3.96306       0
 3.99528       0
 4.0275        0
 4.0275        0
 4.09194       0
 4.09194       0
 4.12416       0
 4.15638       0
 4.1886        0
 4.22082       0
 4.25304       0
 4.28526       1
 4.28526       1
 4.3497        1
 4.3497        1
 4.38192       1
 4.41414       1
 4.44636       1
 4.47858       1
 4.5108        1
 4.54302       1
 4.57524       1
 4.57524       1
 4.60746       2
 4.63968       2
 4.6719        2
 4.70412       2
 4.73634       2
 4.76856       2
 4.80078       2
 4.833         2
 4.833         2
 4.86522       2
 4.89744       2
 4.92966       3
 4.96188       3
 4.9941        3
 5.02632       3
 5.05854       3
 5.05854       3
 5.09076       3
 5.1552        3
 5.1552        4
 5.18742       4
 5.21964       4
 5.25186       4
 5.28408       4
 5.3163        4
 5.3163        5
 5.38074       5
 5.38074       5
 5.41296       5
 5.44518       5
 5.4774        5
 5.50962       6
 5.54184       6
 5.57406       6
 5.60628       6
 5.6385        6
 5.6385        7
 5.67072       7
 5.70294       7
 5.73516       7
 5.76738       7
 5.7996        7
 5.83182       8
 5.86404       8
 5.86404       8
 5.89626       8
 5.92848       9
 5.9607        9
 5.99292       9
 6.02514       9
 6.05736       10
 6.08958       10
 6.1218        10
 6.1218        11
 6.18624       11
 6.18624       11
 6.21846       12
 6.25068       12
 6.2829        12
 6.31512       13
 6.34734       13
 6.37956       13
 6.41178       13
 6.444         14
 6.444         14
 6.50844       14
 6.54066       15
 6.57288       15
 6.6051        15
 6.63732       16
 6.63732       16
 6.70176       16
 6.70176       17
 6.73398       17
 6.7662        17
 6.79842       17
 6.83064       18
 6.86286       18
 6.89508       18
 6.9273        18
 6.95952       18
 6.95952       19
 6.99174       19
 7.02396       19
 7.05618       19
 7.0884        19
 7.12062       19
 7.15284       19
 7.18506       19
 7.18506       19
 7.21728       19
 7.2495        19
 7.28172       19
 7.31394       19
 7.34616       18
 7.37838       18
 7.4106        18
 7.44282       18
 7.44282       18
 7.47504       18
 7.50726       17
 7.53948       17
 7.5717        17
 7.60392       17
 7.63614       17
 7.66836       16
 7.70058       16
 7.70058       16
 7.7328        15
 7.76502       15
 7.79724       15
 7.82946       15
 7.86168       14
 7.8939        14
 7.92612       14
 7.95834       14
 7.99056       13
 7.99056       13
 8.02278       13
 8.055         13
 8.08722       12
 8.11944       12
 8.15166       12
 8.18388       12
 8.2161        12
 8.24832       11
 8.24832       11
 8.28054       11
 8.31276       11
 8.34498       11
 8.3772        11
 8.40942       10
 8.44164       10
 8.47386       10
 8.47386       10
 8.50608       10
 8.5383        10
 8.57052       10
 8.60274       10
 8.63496       10
 8.66718       10
 8.6994        10
 8.73162       10
 8.73162       10
 8.76384       10
 8.79606       10
 8.82828       10
 8.8605        10
 8.89272       10
 8.92494       10
 8.95716       10
 8.95716       10
 8.98938       10
 9.0216        10
 9.05382       10
 9.08604       10
 9.11826       10
 9.15048       11
 9.1827        11
 9.21492       11
 9.24714       11
 9.24714       11
 9.27936       12
 9.31158       12
 9.3438        12
 9.37602       12
 9.40824       12
 9.44046       12
 9.47268       13
 9.5049        13
 9.5049        13
 9.53712       13
 9.56934       13
 9.60156       14
 9.63378       14
 9.666         14
 9.69822       15
 9.73044       15
 9.76266       15
 9.79488       16
 9.8271        16
 9.85932       16
 9.89154       17
 9.92376       17
 9.95598       17
 9.95598       18
 9.9882        18
 10.02042      19
 10.05264      19
 10.08486      19
 10.11708      20
 10.1493       20
 10.18152      21
 10.18152      21
 10.21374      21
 10.24596      21
 10.27818      22
 10.3104       22
 10.34262      22
 10.37484      23
 10.40706      23
 10.40706      24
 10.43928      24
 10.4715       25
 10.50372      26
 10.53594      26
 10.56816      27
 10.60038      27
 10.6326       28
 10.66482      28
 10.66482      29
 10.69704      30
 10.72926      30
 10.76148      31
 10.7937       31
 10.82592      32
 10.85814      33
 10.89036      33
 10.89036      34
 10.92258      35
 10.9548       35
 10.98702      36
 11.01924      37
 11.05146      37
 11.08368      38
 11.1159       39
 11.1159       39
 11.14812      40
 11.18034      41
 11.21256      41
 11.24478      42
 11.277        43
 11.30922      44
 11.34144      44
 11.34144      45
 11.37366      46
 11.40588      46
 11.4381       47
 11.47032      48
 11.50254      48
 11.53476      49
 11.56698      50
 11.56698      50
 11.5992       51
 11.63142      51
 11.66364      52
 11.69586      52
 11.72808      52
 11.7603       53
 11.7603       53
 11.79252      53
 11.82474      53
 11.85696      53
 11.88918      53
 11.9214       53
 11.95362      53
 11.98584      53
 11.98584      53
 12.01806      52
 12.05028      52
 12.0825       52
 12.11472      51
 12.14694      51
 12.17916      50
 12.21138      50
 12.21138      49
 12.2436       49
 12.27582      48
 12.30804      48
 12.34026      47
 12.37248      47
 12.4047       46
 12.43692      46
 12.43692      45
 12.46914      44
 12.50136      44
 12.53358      43
 12.5658       42
 12.59802      42
 12.63024      41
 12.63024      40
 12.66246      39
 12.69468      39
 12.7269       38
 12.75912      37
 12.79134      36
 12.82356      36
 12.85578      35
 12.85578      34
 12.888        34
 12.92022      33
 12.95244      32
 12.98466      32
 13.01688      31
 13.0491       31
 13.08132      30
 13.11354      30
 13.14576      29
 13.17798      29
 13.2102       28
 13.24242      28
 13.27464      27
 13.27464      27
 13.30686      27
 13.33908      26
 13.3713       26
 13.40352      26
 13.43574      25
 13.43574      25
 13.46796      25
 13.50018      25
 13.5324       24
 13.56462      24
 13.59684      24
 13.62906      24
 13.66128      24
 13.66128      24
 13.6935       24
 13.72572      24
 13.75794      24
 13.79016      24
 13.82238      24
 13.82238      24
 13.8546       24
 13.88682      24
 13.91904      24
 13.95126      24
 13.98348      24
 14.0157       24
 14.04792      24
 14.04792      25
 14.08014      25
 14.11236      25
 14.14458      25
 14.1768       26
 14.20902      26
 14.20902      26
 14.27346      26
 14.27346      27
 14.30568      27
 14.3379       27
 14.37012      28
 14.40234      28
 14.43456      29
 14.43456      29
 14.46678      29
 14.499        30
 14.53122      30
 14.56344      31
 14.59566      31
 14.59566      32
 14.62788      32
 14.6601       33
 14.69232      33
 14.72454      34
 14.75676      34
 14.78898      35
 14.78898      36
 14.8212       36
 14.85342      37
 14.88564      37
 14.91786      38
 14.95008      39
 14.9823       39
 14.9823       40
 15.01452      41
 15.04674      41
 15.07896      42
 15.11118      43
 15.1434       43
 15.1434       44
 15.17562      45
 15.20784      46
 15.24006      46
 15.27228      47
 15.3045       48
 15.33672      49
 15.33672      50
 15.36894      50
 15.40116      51
 15.43338      52
 15.4656       53
 15.49782      54
 15.49782      55
 15.53004      55
 15.56226      56
 15.59448      57
 15.6267       58
 15.65892      59
 15.69114      60
 15.72336      61
 15.72336      62
 15.75558      63
 15.7878       64
 15.82002      65
 15.85224      66
 15.88446      67
 15.88446      68
 15.91668      69
 15.9489       70
 15.98112      71
 16.01334      72
 16.04556      73
 16.04556      74
 16.07778      75
 16.11         76
 16.14222      77
 16.17444      78
 16.20666      79
 16.23888      80
 16.2711       81
 16.30332      82
 16.33554      83
 16.36776      84
 16.39998      85
 16.4322       86
 16.4322       87
 16.46442      87
 16.49664      88
 16.52886      89
 16.56108      90
 16.5933       90
 16.5933       91
 16.62552      91
 16.65774      92
 16.68996      92
 16.72218      93
 16.7544       93
 16.7544       93
 16.78662      93
 16.81884      93
 16.85106      93
 16.88328      93
 16.9155       93
 16.9155       93
 16.94772      92
 16.97994      92
 17.01216      92
 17.04438      91
 17.0766       91
 17.0766       90
 17.10882      90
 17.14104      89
 17.17326      89
 17.20548      88
 17.2377       88
 17.26992      87
 17.26992      86
 17.30214      86
 17.33436      85
 17.36658      84
 17.3988       83
 17.43102      82
 17.43102      81
 17.46324      81
 17.49546      80
 17.52768      79
 17.5599       78
 17.59212      77
 17.59212      76
 17.62434      74
 17.65656      73
 17.68878      72
 17.721        71
 17.75322      70
 17.75322      70
 17.78544      69
 17.81766      68
 17.84988      67
 17.8821       66
 17.91432      65
 17.91432      64
 17.94654      63
 17.97876      63
 18.01098      62
 18.0432       61
 18.07542      60
 18.07542      60
 18.10764      59
 18.13986      58
 18.17208      58
 18.2043       57
 18.23652      56
 18.23652      56
 18.26874      55
 18.30096      55
 18.33318      54
 18.3654       54
 18.39762      53
 18.39762      53
 18.42984      52
 18.46206      52
 18.49428      52
 18.5265       51
 18.55872      51
 18.55872      51
 18.59094      50
 18.62316      50
 18.65538      50
 18.6876       50
 18.71982      50
 18.71982      49
 18.75204      49
 18.78426      49
 18.81648      49
 18.8487       49
 18.8487       49
 18.88092      49
 18.91314      49
 18.94536      49
 18.97758      49
 19.0098       49
 19.0098       49
 19.04202      49
 19.07424      49
 19.10646      49
 19.13868      49
 19.1709       49
 19.1709       50
 19.20312      50
 19.23534      50
 19.26756      50
 19.29978      51
 19.332        51
 19.36422      51
 19.36422      52
 19.39644      52
 19.42866      52
 19.46088      53
 19.4931       53
 19.52532      53
 19.55754      54
 19.58976      54
 19.62198      55
 19.62198      55
 19.6542       56
 19.68642      56
 19.71864      55
 19.75086      54
 19.78308      54
 19.78308      55
 19.8153       55
 19.84752      55
 19.87974      56
 19.91196      57
 19.94418      57
 19.94418      58
 19.9764       59
 20.00862      60
 20.04084      61
 20.07306      62
 20.07306      62
 20.10528      63
 20.1375       64
 20.16972      65
 20.20194      66
 20.23416      67
 20.23416      68
 20.26638      69
 20.2986       70
 20.33082      71
 20.36304      72
 20.36304      73
 20.39526      74
 20.42748      75
 20.4597       76
 20.49192      77
 20.52414      78
 20.52414      79
 20.55636      80
 20.58858      81
 20.6208       82
 20.65302      83
 20.65302      84
 20.68524      85
 20.71746      86
 20.74968      87
 20.7819       88
 20.81412      90
 20.81412      91
 20.84634      92
 20.87856      93
 20.91078      94
 20.943        95
 20.943        96
 20.97522      97
 21.00744      98
 21.03966      100
 21.07188      101
 21.1041       102
 21.1041       104
 21.13632      105
 21.16854      106
 21.20076      107
 21.23298      108
 21.23298      109
 21.2652       110
 21.29742      111
 21.32964      112
 21.36186      113
 21.36186      114
 21.39408      115
 21.4263       116
 21.45852      116
 21.49074      117
 21.52296      118
 21.52296      119
 21.55518      119
 21.5874       120
 21.61962      121
 21.65184      121
 21.65184      122
 21.68406      122
 21.71628      122
 21.7485       123
 21.78072      123
 21.81294      123
 21.81294      123
 21.84516      124
 21.87738      124
 21.9096       124
 21.94182      124
 21.94182      124
 21.97404      124
 22.00626      124
 22.03848      124
 22.0707       124
 22.0707       123
 22.10292      123
 22.13514      123
 22.16736      122
 22.19958      122
 22.19958      121
 22.2318       121
 22.26402      120
 22.29624      120
 22.32846      119
 22.32846      118
 22.36068      118
 22.3929       117
 22.42512      116
 22.45734      115
 22.45734      114
 22.48956      113
 22.52178      113
 22.554        112
 22.58622      111
 22.58622      110
 22.61844      109
 22.65066      108
 22.68288      108
 22.7151       107
 22.74732      106
 22.77954      105
 22.81176      104
 22.84398      104
 22.84398      103
 22.8762       102
 22.90842      101
 22.94064      100
 22.97286      99
 22.97286      98
 23.00508      97
 23.0373       97
 23.06952      96
 23.10174      95
 23.10174      94
 23.13396      94
 23.16618      93
 23.1984       92
 23.23062      92
 23.23062      91
 23.26284      91
 23.29506      90
 23.32728      90
 23.3595       89
 23.3595       89
 23.39172      88
 23.42394      88
 23.45616      87
 23.48838      87
 23.48838      87
 23.5206       86
 23.55282      86
 23.58504      86
 23.61726      85
 23.61726      85
 23.64948      85
 23.6817       84
 23.71392      84
 23.74614      84
 23.74614      84
 23.77836      84
 23.81058      83
 23.8428       83
 23.8428       83
 23.87502      83
 23.90724      83
 23.93946      83
 23.97168      83
 24.0039       83
 24.0039       83
 24.03612      83
 24.06834      83
 24.10056      83
 24.10056      83
 24.13278      83
 24.165        83
 24.19722      83
 24.22944      83
 24.22944      83
 24.26166      83
 24.29388      84
 24.3261       84
 24.35832      84
 24.35832      84
 24.39054      84
 24.42276      84
 24.45498      85
 24.4872       85
 24.4872       85
 24.51942      86
 24.55164      86
 24.58386      86
 24.58386      87
 24.61608      87
 24.6483       88
 24.68052      88
 24.71274      88
 24.71274      89
 24.74496      89
 24.77718      90
 24.8094       91
 24.84162      91
 24.84162      92
 24.87384      92
 24.90606      93
 24.93828      93
 24.93828      94
 24.9705       95
 25.00272      96
 25.03494      95
 25.06716      95
 25.06716      95
 25.09938      95
 25.1316       95
 25.16382      95
 25.19604      96
 25.19604      96
 25.22826      97
 25.26048      98
 25.2927       99
 25.2927       100
 25.32492      101
 25.35714      102
 25.38936      104
 25.42158      105
 25.42158      106
 25.4538       107
 25.48602      108
 25.51824      109
 25.51824      110
 25.55046      112
 25.58268      113
 25.6149       114
 25.64712      115
 25.64712      116
 25.67934      118
 25.71156      119
 25.74378      120
 25.776        121
 25.776        122
 25.80822      124
 25.84044      125
 25.87266      126
 25.87266      127
 25.90488      129
 25.9371       130
 25.96932      131
 26.00154      132
 26.03376      134
 26.06598      135
 26.0982       136
 26.0982       137
 26.13042      138
 26.16264      140
 26.19486      141
 26.19486      142
 26.22708      143
 26.2593       144
 26.29152      146
 26.32374      147
 26.32374      148
 26.35596      149
 26.38818      150
 26.4204       151
 26.4204       152
 26.45262      153
 26.48484      154
 26.51706      155
 26.54928      156
 26.54928      157
 26.5815       157
 26.61372      158
 26.64594      159
 26.67816      160
 26.67816      161
 26.71038      161
 26.7426       162
 26.77482      163
 26.77482      164
 26.80704      164
 26.83926      165
 26.87148      165
 26.87148      166
 26.9037       167
 26.93592      167
 26.96814      168
 26.96814      168
 27.00036      168
 27.03258      169
 27.0648       169
 27.09702      170
 27.09702      170
 27.12924      170
 27.16146      170
 27.19368      170
 27.19368      171
 27.2259       171
 27.25812      171
 27.29034      171
 27.29034      171
 27.32256      171
 27.35478      171
 27.387        171
 27.387        171
 27.41922      171
 27.45144      171
 27.48366      171
 27.51588      171
 27.51588      171
 27.5481       171
 27.58032      171
 27.61254      171
 27.61254      171
 27.64476      171
 27.67698      171
 27.7092       171
 27.7092       171
 27.74142      171
 27.77364      171
 27.80586      171
 27.80586      171
 27.83808      171
 27.8703       171
 27.90252      171
