 0             0
 0             0
 0             0
 0             0
 0             0
 3.222e-002    0
 6.444e-002    0
 6.444e-002    0
 9.666e-002    0
 0.12888       0
 0.1611        0
 0.19332       0
 0.19332       0
 0.22554       0
 0.28998       0
 0.28998       0
 0.3222        0
 0.35442       0
 0.35442       0
 0.38664       0
 0.41886       0
 0.45108       0
 0.4833        0
 0.51552       0
 0.51552       0
 0.57996       0
 0.57996       0
 0.61218       0
 0.6444        0
 0.6444        0
 0.70884       0
 0.74106       0
 0.74106       0
 0.77328       0
 0.8055        0
 0.8055        0
 0.86994       0
 0.86994       0
 0.90216       0
 0.9666        0
 0.9666        0
 0.99882       0
 1.03104       0
 1.03104       0
 1.09548       0
 1.09548       0
 1.1277        0
 1.15992       0
 1.19214       0
 1.19214       0
 1.25658       0
 1.25658       0
 1.2888        0
 1.35324       0
 1.35324       0
 1.38546       0
 1.41768       0
 1.41768       0
 1.48212       0
 1.51434       0
 1.51434       0
 1.57878       0
 1.57878       0
 1.611         0
 1.64322       0
 1.67544       0
 1.70766       0
 1.73988       0
 1.73988       0
 1.7721        0
 1.80432       0
 1.83654       0
 1.86876       0
 1.90098       0
 1.90098       0
 1.96542       0
 1.96542       0
 1.99764       0
 2.02986       0
 2.06208       0
 2.0943        0
 2.12652       0
 2.12652       0
 2.19096       0
 2.19096       0
 2.22318       0
 2.2554        0
 2.28762       0
 2.31984       0
 2.35206       0
 2.35206       0
 2.38428       0
 2.4165        0
 2.44872       0
 2.48094       0
 2.51316       0
 2.51316       0
 2.5776        0
 2.5776        0
 2.60982       0
 2.64204       0
 2.67426       0
 2.70648       0
 2.7387        0
 2.77092       0
 2.80314       0
 2.83536       0
 2.83536       0
 2.86758       0
 2.8998        0
 2.93202       0
 2.96424       0
 2.99646       0
 2.99646       0
 3.0609        0
 3.0609        0
 3.09312       0
 3.12534       0
 3.15756       0
 3.18978       0
 3.25422       0
 3.25422       0
 3.31866       0
 3.31866       0
 3.35088       0
 3.3831        0
 3.41532       0
 3.44754       0
 3.47976       0
 3.47976       0
 3.51198       0
 3.5442        0
 3.57642       0
 3.60864       0
 3.64086       0
 3.67308       0
 3.7053        0
 3.73752       0
 3.73752       0
 3.80196       0
 3.80196       0
 3.83418       0
 3.8664        0
 3.89862       0
 3.93084       0
 3.96306       0
 3.99528       0
 4.0275        0
 4.0275        0
 4.05972       0
 4.09194       0
 4.12416       0
 4.15638       0
 4.1886        0
 4.22082       0
 4.25304       0
 4.28526       0
 4.28526       0
 4.31748       0
 4.3497        0
 4.38192       0
 4.41414       0
 4.44636       0
 4.47858       0
 4.5108        0
 4.54302       0
 4.54302       0
 4.60746       0
 4.60746       0
 4.63968       0
 4.6719        0
 4.70412       0
 4.73634       0
 4.76856       0
 4.80078       0
 4.833         0
 4.833         0
 4.86522       0
 4.89744       1
 4.92966       1
 4.96188       1
 4.9941        1
 5.02632       1
 5.05854       1
 5.09076       1
 5.09076       1
 5.1552        2
 5.1552        2
 5.18742       2
 5.21964       2
 5.25186       2
 5.28408       2
 5.3163        2
 5.34852       3
 5.38074       3
 5.41296       3
 5.41296       3
 5.44518       3
 5.4774        3
 5.50962       3
 5.54184       4
 5.57406       4
 5.60628       4
 5.6385        4
 5.6385        4
 5.67072       4
 5.70294       5
 5.73516       5
 5.76738       5
 5.7996        5
 5.83182       5
 5.86404       6
 5.89626       6
 5.89626       6
 5.9607        6
 5.9607        7
 5.99292       7
 6.02514       7
 6.05736       7
 6.08958       7
 6.1218        8
 6.15402       8
 6.18624       8
 6.21846       8
 6.21846       9
 6.25068       9
 6.2829        9
 6.31512       9
 6.34734       10
 6.37956       10
 6.41178       10
 6.444         10
 6.47622       11
 6.50844       11
 6.54066       11
 6.57288       11
 6.6051        12
 6.63732       12
 6.66954       12
 6.70176       12
 6.73398       13
 6.73398       13
 6.7662        13
 6.79842       13
 6.83064       14
 6.86286       14
 6.89508       14
 6.9273        14
 6.95952       15
 6.99174       15
 7.02396       15
 7.02396       15
 7.05618       15
 7.0884        15
 7.12062       16
 7.15284       16
 7.18506       16
 7.21728       16
 7.2495        16
 7.28172       16
 7.28172       16
 7.31394       16
 7.34616       16
 7.37838       16
 7.4106        16
 7.44282       15
 7.47504       15
 7.50726       15
 7.50726       15
 7.53948       15
 7.5717        15
 7.60392       15
 7.63614       15
 7.66836       14
 7.70058       14
 7.7328        14
 7.76502       14
 7.76502       14
 7.82946       14
 7.82946       13
 7.86168       13
 7.8939        13
 7.92612       13
 7.95834       13
 7.99056       12
 8.02278       12
 8.055         12
 8.055         12
 8.08722       11
 8.11944       11
 8.15166       11
 8.18388       11
 8.2161        11
 8.24832       11
 8.28054       10
 8.31276       10
 8.31276       10
 8.34498       10
 8.3772        10
 8.40942       10
 8.44164       10
 8.47386       9
 8.50608       9
 8.5383        9
 8.5383        9
 8.57052       9
 8.60274       9
 8.63496       9
 8.66718       9
 8.6994        9
 8.73162       9
 8.76384       9
 8.79606       9
 8.79606       9
 8.82828       9
 8.8605        9
 8.89272       9
 8.92494       9
 8.95716       9
 8.98938       9
 9.0216        9
 9.0216        9
 9.05382       9
 9.08604       9
 9.11826       9
 9.15048       10
 9.1827        10
 9.21492       10
 9.24714       10
 9.27936       10
 9.27936       10
 9.31158       10
 9.3438        10
 9.37602       11
 9.40824       11
 9.44046       11
 9.47268       11
 9.5049        11
 9.5049        12
 9.53712       12
 9.56934       12
 9.60156       12
 9.63378       12
 9.666         13
 9.69822       13
 9.76266       13
 9.76266       13
 9.79488       13
 9.8271        14
 9.85932       14
 9.89154       14
 9.92376       15
 9.95598       15
 9.9882        15
 10.02042      15
 10.02042      16
 10.05264      16
 10.08486      16
 10.11708      16
 10.1493       17
 10.18152      17
 10.21374      17
 10.24596      18
 10.24596      18
 10.27818      18
 10.3104       19
 10.34262      19
 10.37484      19
 10.40706      20
 10.43928      20
 10.4715       20
 10.4715       21
 10.50372      21
 10.53594      21
 10.56816      22
 10.60038      22
 10.6326       23
 10.66482      23
 10.69704      23
 10.69704      24
 10.72926      24
 10.76148      24
 10.7937       25
 10.82592      25
 10.85814      26
 10.89036      26
 10.89036      26
 10.92258      27
 10.9548       27
 10.98702      28
 11.01924      28
 11.05146      29
 11.08368      29
 11.1159       29
 11.1159       30
 11.14812      30
 11.18034      31
 11.21256      31
 11.24478      32
 11.277        32
 11.30922      33
 11.34144      33
 11.34144      34
 11.37366      34
 11.40588      34
 11.4381       35
 11.47032      35
 11.50254      36
 11.53476      36
 11.56698      37
 11.56698      37
 11.5992       38
 11.63142      38
 11.66364      39
 11.69586      39
 11.72808      40
 11.7603       40
 11.79252      41
 11.79252      41
 11.82474      41
 11.85696      42
 11.88918      42
 11.9214       42
 11.95362      43
 11.98584      43
 12.01806      43
 12.01806      44
 12.05028      44
 12.0825       44
 12.11472      44
 12.14694      44
 12.17916      44
 12.21138      44
 12.21138      44
 12.2436       45
 12.27582      45
 12.30804      45
 12.34026      45
 12.37248      45
 12.4047       45
 12.4047       44
 12.43692      44
 12.46914      44
 12.50136      44
 12.53358      44
 12.5658       44
 12.59802      44
 12.66246      43
 12.66246      43
 12.69468      43
 12.7269       42
 12.75912      42
 12.79134      42
 12.82356      42
 12.85578      41
 12.888        41
 12.92022      41
 12.92022      40
 12.95244      40
 13.01688      40
 13.0491       39
 13.08132      39
 13.11354      39
 13.11354      38
 13.14576      38
 13.17798      38
 13.2102       38
 13.24242      37
 13.27464      37
 13.27464      37
 13.30686      37
 13.33908      37
 13.3713       36
 13.40352      36
 13.43574      36
 13.46796      36
 13.50018      36
 13.50018      36
 13.5324       35
 13.56462      35
 13.59684      35
 13.62906      35
 13.66128      35
 13.66128      35
 13.6935       35
 13.72572      35
 13.75794      35
 13.79016      35
 13.82238      35
 13.8546       35
 13.88682      35
 13.88682      35
 13.91904      35
 13.95126      35
 13.98348      35
 14.0157       35
 14.04792      35
 14.04792      35
 14.08014      35
 14.11236      36
 14.14458      36
 14.1768       36
 14.20902      36
 14.24124      36
 14.27346      36
 14.27346      36
 14.30568      37
 14.3379       37
 14.37012      37
 14.40234      37
 14.43456      37
 14.43456      37
 14.46678      38
 14.499        38
 14.53122      38
 14.56344      38
 14.59566      39
 14.59566      39
 14.62788      39
 14.6601       39
 14.69232      40
 14.72454      40
 14.75676      40
 14.78898      41
 14.78898      41
 14.8212       41
 14.85342      42
 14.88564      42
 14.91786      42
 14.95008      43
 14.95008      43
 14.9823       43
 15.01452      44
 15.04674      44
 15.07896      45
 15.11118      45
 15.1434       45
 15.17562      46
 15.17562      46
 15.20784      47
 15.24006      47
 15.27228      48
 15.3045       48
 15.33672      49
 15.33672      49
 15.36894      50
 15.40116      50
 15.43338      51
 15.4656       51
 15.49782      52
 15.49782      52
 15.53004      53
 15.56226      53
 15.59448      54
 15.6267       54
 15.65892      55
 15.65892      55
 15.69114      56
 15.72336      57
 15.75558      57
 15.7878       58
 15.82002      58
 15.85224      59
 15.85224      60
 15.88446      60
 15.91668      61
 15.9489       61
 15.98112      62
 16.01334      63
 16.01334      63
 16.04556      64
 16.07778      65
 16.11         65
 16.14222      66
 16.17444      67
 16.17444      67
 16.20666      68
 16.2711       69
 16.30332      69
 16.33554      70
 16.36776      71
 16.36776      71
 16.39998      72
 16.4322       73
 16.46442      73
 16.49664      74
 16.52886      75
 16.56108      76
 16.56108      76
 16.5933       77
 16.62552      78
 16.65774      78
 16.68996      79
 16.68996      80
 16.72218      80
 16.7544       81
 16.78662      82
 16.81884      82
 16.85106      83
 16.85106      83
 16.88328      84
 16.9155       84
 16.94772      85
 16.97994      85
 17.01216      86
 17.01216      86
 17.04438      87
 17.0766       87
 17.10882      88
 17.14104      88
 17.17326      89
 17.17326      89
 17.20548      90
 17.2377       90
 17.26992      90
 17.30214      91
 17.33436      91
 17.33436      91
 17.36658      92
 17.3988       92
 17.43102      93
 17.46324      94
 17.46324      94
 17.49546      95
 17.52768      95
 17.5599       96
 17.59212      96
 17.62434      97
 17.62434      97
 17.65656      98
 17.68878      98
 17.721        99
 17.75322      99
 17.78544      100
 17.78544      101
 17.81766      101
 17.84988      102
 17.8821       102
 17.91432      102
 17.94654      102
 17.94654      103
 17.97876      103
 18.01098      103
 18.0432       103
 18.07542      104
 18.10764      104
 18.10764      104
 18.13986      104
 18.17208      104
 18.2043       104
 18.23652      104
 18.23652      104
 18.26874      104
 18.30096      104
 18.33318      103
 18.3654       103
 18.39762      103
 18.42984      102
 18.42984      102
 18.46206      101
 18.49428      101
 18.5265       99
 18.55872      99
 18.59094      98
 18.59094      98
 18.62316      97
 18.65538      97
 18.6876       96
 18.71982      96
 18.71982      95
 18.75204      95
 18.78426      94
 18.81648      94
 18.8487       93
 18.8487       93
 18.88092      92
 18.91314      91
 18.94536      91
 18.97758      90
 19.0098       90
 19.0098       89
 19.04202      89
 19.07424      88
 19.10646      88
 19.13868      87
 19.13868      87
 19.1709       87
 19.20312      87
 19.23534      87
 19.26756      86
 19.26756      86
 19.29978      86
 19.332        86
 19.36422      86
 19.39644      87
 19.42866      86
 19.46088      87
 19.46088      87
 19.52532      87
 19.55754      87
 19.58976      87
 19.58976      87
 19.62198      88
 19.6542       88
 19.68642      88
 19.71864      89
 19.71864      89
 19.75086      89
 19.78308      90
 19.8153       90
 19.84752      90
 19.87974      91
 19.87974      91
 19.91196      91
 19.94418      91
 19.9764       91
 20.00862      91
 20.00862      91
 20.04084      91
 20.07306      90
 20.10528      90
 20.1375       89
 20.16972      89
 20.16972      88
 20.20194      88
 20.23416      87
 20.26638      86
 20.2986       85
 20.2986       85
 20.33082      84
 20.36304      83
 20.39526      82
 20.42748      81
 20.42748      81
 20.4597       80
 20.49192      79
 20.52414      79
 20.55636      78
 20.58858      78
 20.58858      78
 20.6208       77
 20.65302      77
 20.68524      77
 20.68524      77
 20.71746      77
 20.74968      76
 20.7819       76
 20.81412      76
 20.81412      76
 20.84634      77
 20.87856      77
 20.91078      77
 20.943        77
 20.97522      77
 20.97522      77
 21.00744      78
 21.03966      78
 21.07188      78
 21.1041       78
 21.1041       79
 21.13632      79
 21.16854      79
 21.20076      79
 21.23298      80
 21.23298      80
 21.2652       80
 21.29742      81
 21.32964      81
 21.36186      81
 21.36186      82
 21.39408      82
 21.4263       82
 21.45852      83
 21.49074      83
 21.49074      83
 21.52296      84
 21.55518      84
 21.5874       85
 21.61962      85
 21.61962      85
 21.65184      86
 21.68406      86
 21.71628      87
 21.7485       87
 21.7485       88
 21.78072      88
 21.81294      89
 21.84516      89
 21.87738      89
 21.87738      90
 21.9096       90
 21.94182      90
 21.97404      91
 22.00626      91
 22.00626      92
 22.03848      92
 22.0707       92
 22.10292      93
 22.13514      93
 22.13514      93
 22.16736      94
 22.19958      94
 22.2318       94
 22.26402      95
 22.26402      95
 22.29624      95
 22.32846      96
 22.36068      96
 22.3929       96
 22.3929       96
 22.42512      96
 22.45734      97
 22.48956      97
 22.52178      97
 22.52178      98
 22.554        98
 22.58622      98
 22.61844      99
 22.65066      99
 22.65066      99
 22.68288      101
 22.7151       101
 22.77954      101
 22.77954      102
 22.81176      102
 22.84398      102
 22.8762       103
 22.8762       103
 22.90842      103
 22.94064      103
 22.97286      104
 23.00508      104
 23.00508      104
 23.0373       104
 23.06952      105
 23.10174      105
 23.13396      105
 23.13396      105
 23.16618      105
 23.1984       105
 23.23062      105
 23.23062      105
 23.26284      105
 23.29506      105
 23.32728      105
 23.3595       105
 23.3595       105
 23.39172      105
 23.42394      105
 23.45616      105
 23.48838      105
 23.48838      105
 23.5206       105
 23.55282      105
 23.58504      105
 23.58504      105
 23.61726      106
 23.64948      106
 23.6817       106
 23.71392      106
 23.71392      106
 23.74614      106
 23.77836      107
 23.81058      107
 23.8428       107
 23.8428       107
 23.87502      107
 23.90724      108
 23.93946      108
 23.93946      108
 23.97168      108
 24.0039       109
 24.03612      109
 24.06834      109
 24.06834      109
 24.10056      110
 24.13278      110
 24.165        110
 24.19722      111
 24.19722      111
 24.22944      111
 24.26166      111
 24.29388      112
 24.29388      112
 24.3261       112
 24.35832      112
 24.39054      113
 24.42276      113
 24.42276      113
 24.45498      113
 24.4872       113
 24.51942      113
 24.51942      113
 24.55164      114
 24.58386      114
 24.61608      114
 24.61608      114
 24.6483       114
 24.68052      114
 24.71274      114
 24.74496      114
 24.74496      114
 24.77718      114
 24.8094       114
 24.84162      114
 24.84162      114
 24.87384      114
 24.90606      114
 24.93828      113
 24.9705       113
 24.9705       113
 25.00272      113
 25.03494      113
 25.06716      113
 25.06716      113
 25.09938      112
 25.1316       112
 25.16382      112
 25.19604      112
 25.19604      112
 25.22826      112
 25.26048      112
 25.26048      111
 25.2927       111
 25.32492      111
 25.35714      111
 25.38936      111
 25.38936      111
 25.42158      110
 25.4538       110
 25.48602      110
 25.48602      110
 25.51824      110
 25.55046      110
 25.58268      110
 25.6149       110
 25.6149       109
 25.64712      109
 25.67934      110
 25.71156      109
 25.71156      109
 25.74378      109
 25.776        109
 25.80822      109
 25.80822      109
 25.84044      109
 25.87266      110
 25.90488      110
 25.9371       110
 25.9371       110
 25.96932      110
 26.03376      110
 26.03376      111
 26.06598      111
 26.0982       111
 26.13042      112
 26.13042      112
 26.16264      112
 26.19486      112
 26.22708      113
 26.2593       113
 26.2593       113
 26.29152      114
 26.32374      114
 26.32374      114
 26.35596      115
 26.38818      115
 26.4204       115
 26.45262      116
 26.45262      116
 26.48484      116
 26.51706      117
 26.54928      117
 26.54928      117
 26.5815       117
 26.61372      117
 26.64594      118
 26.67816      118
 26.67816      118
 26.71038      118
 26.7426       118
 26.7426       118
 26.77482      118
 26.80704      117
 26.83926      117
 26.83926      117
 26.87148      117
 26.9037       116
 26.93592      116
 26.93592      116
 26.96814      116
 27.00036      115
 27.03258      115
 27.0648       115
 27.0648       114
 27.09702      113
 27.12924      112
 27.16146      111
 27.16146      111
 27.19368      111
 27.2259       111
 27.2259       111
 27.25812      111
 27.29034      111
 27.32256      111
 27.35478      111
 27.35478      111
 27.387        111
 27.41922      111
 27.45144      111
 27.45144      111
 27.48366      112
 27.51588      112
 27.5481       112
 27.5481       112
 27.58032      112
 27.61254      112
 27.61254      113
 27.64476      113
 27.67698      113
 27.7092       113
 27.7092       113
 27.74142      114
 27.77364      114
