 0             0
 0             0
 0             0
 0             0
 3.222e-002    0
 3.222e-002    0
 9.666e-002    0
 9.666e-002    0
 0.12888       0
 0.19332       0
 0.19332       0
 0.19332       0
 0.25776       0
 0.25776       0
 0.28998       0
 0.3222        0
 0.3222        0
 0.38664       0
 0.38664       0
 0.41886       0
 0.4833        0
 0.4833        0
 0.4833        0
 0.54774       0
 0.54774       0
 0.57996       0
 0.6444        0
 0.6444        0
 0.67662       0
 0.70884       0
 0.70884       0
 0.77328       0
 0.77328       0
 0.8055        0
 0.83772       0
 0.86994       0
 0.86994       0
 0.93438       0
 0.93438       0
 0.9666        0
 1.03104       0
 1.03104       0
 1.06326       0
 1.09548       0
 1.09548       0
 1.15992       0
 1.19214       0
 1.19214       0
 1.25658       0
 1.25658       0
 1.2888        0
 1.32102       0
 1.35324       0
 1.38546       0
 1.41768       0
 1.41768       0
 1.4499        0
 1.48212       0
 1.51434       0
 1.54656       0
 1.57878       0
 1.57878       0
 1.64322       0
 1.64322       0
 1.67544       0
 1.70766       0
 1.73988       0
 1.7721        0
 1.80432       0
 1.83654       0
 1.86876       0
 1.86876       0
 1.90098       0
 1.96542       0
 1.96542       0
 1.99764       0
 2.02986       0
 2.06208       0
 2.0943        0
 2.12652       0
 2.12652       0
 2.19096       0
 2.19096       0
 2.22318       0
 2.2554        0
 2.28762       0
 2.31984       0
 2.35206       0
 2.35206       0
 2.4165        0
 2.4165        0
 2.44872       0
 2.48094       0
 2.51316       0
 2.54538       0
 2.5776        0
 2.60982       0
 2.60982       0
 2.67426       0
 2.67426       0
 2.70648       0
 2.7387        0
 2.77092       0
 2.80314       0
 2.83536       0
 2.83536       0
 2.8998        0
 2.8998        0
 2.93202       0
 2.96424       0
 2.99646       0
 3.02868       0
 3.0609        0
 3.09312       0
 3.12534       0
 3.15756       0
 3.15756       0
 3.18978       0
 3.25422       0
 3.28644       0
 3.31866       0
 3.35088       0
 3.35088       0
 3.41532       0
 3.41532       0
 3.44754       0
 3.47976       0
 3.51198       0
 3.5442        0
 3.57642       0
 3.60864       0
 3.64086       0
 3.67308       0
 3.67308       0
 3.7053        0
 3.73752       0
 3.76974       0
 3.80196       0
 3.83418       0
 3.8664        0
 3.89862       0
 3.89862       0
 3.93084       0
 3.99528       0
 3.99528       0
 4.0275        1
 4.05972       1
 4.09194       1
 4.12416       1
 4.15638       1
 4.15638       1
 4.22082       2
 4.22082       2
 4.25304       2
 4.28526       2
 4.31748       3
 4.3497        3
 4.38192       3
 4.41414       3
 4.44636       3
 4.47858       3
 4.47858       4
 4.54302       4
 4.54302       4
 4.57524       5
 4.60746       5
 4.63968       5
 4.6719        5
 4.70412       6
 4.73634       6
 4.76856       6
 4.80078       7
 4.833         7
 4.833         7
 4.86522       8
 4.89744       8
 4.92966       8
 4.96188       9
 4.9941        9
 5.02632       9
 5.05854       10
 5.09076       10
 5.12298       11
 5.1552        11
 5.1552        12
 5.21964       12
 5.21964       12
 5.25186       13
 5.28408       13
 5.3163        14
 5.34852       14
 5.38074       15
 5.41296       15
 5.44518       16
 5.4774        16
 5.4774        17
 5.54184       17
 5.54184       18
 5.57406       19
 5.60628       19
 5.6385        20
 5.67072       20
 5.70294       21
 5.73516       22
 5.76738       22
 5.7996        23
 5.7996        23
 5.86404       24
 5.86404       25
 5.89626       25
 5.92848       26
 5.9607        27
 5.99292       28
 6.02514       28
 6.05736       29
 6.08958       30
 6.1218        31
 6.1218        31
 6.18624       32
 6.18624       33
 6.21846       34
 6.25068       35
 6.2829        35
 6.31512       36
 6.34734       37
 6.37956       38
 6.41178       39
 6.444         40
 6.444         41
 6.50844       42
 6.54066       42
 6.57288       43
 6.6051        44
 6.63732       45
 6.66954       46
 6.70176       47
 6.73398       48
 6.73398       49
 6.79842       49
 6.79842       50
 6.83064       51
 6.86286       52
 6.89508       52
 6.9273        53
 6.95952       53
 6.99174       54
 7.02396       54
 7.05618       55
 7.05618       55
 7.0884        55
 7.12062       55
 7.15284       55
 7.18506       55
 7.21728       55
 7.2495        55
 7.28172       55
 7.31394       54
 7.34616       54
 7.37838       54
 7.37838       53
 7.4106        53
 7.44282       52
 7.47504       52
 7.50726       51
 7.53948       51
 7.5717        50
 7.60392       50
 7.63614       49
 7.66836       48
 7.70058       48
 7.70058       47
 7.7328        46
 7.76502       45
 7.79724       45
 7.82946       44
 7.86168       43
 7.8939        43
 7.92612       42
 7.95834       41
 7.99056       40
 8.02278       40
 8.02278       39
 8.055         38
 8.08722       37
 8.11944       37
 8.15166       36
 8.18388       35
 8.2161        35
 8.24832       34
 8.28054       34
 8.31276       33
 8.31276       33
 8.34498       32
 8.3772        32
 8.40942       31
 8.44164       31
 8.47386       31
 8.50608       30
 8.5383        30
 8.57052       30
 8.60274       29
 8.60274       29
 8.63496       29
 8.66718       29
 8.6994        29
 8.73162       29
 8.76384       29
 8.79606       29
 8.82828       29
 8.8605        29
 8.89272       29
 8.92494       29
 8.92494       29
 8.95716       29
 8.98938       29
 9.0216        30
 9.05382       30
 9.08604       30
 9.11826       30
 9.15048       31
 9.1827        31
 9.21492       31
 9.21492       32
 9.24714       32
 9.27936       33
 9.31158       33
 9.3438        34
 9.37602       34
 9.40824       35
 9.44046       35
 9.47268       36
 9.5049        37
 9.5049        37
 9.53712       38
 9.56934       39
 9.60156       39
 9.63378       40
 9.666         41
 9.69822       42
 9.76266       43
 9.79488       43
 9.79488       44
 9.8271        45
 9.85932       46
 9.89154       47
 9.92376       48
 9.95598       49
 9.9882        50
 10.02042      51
 10.05264      52
 10.05264      53
 10.08486      54
 10.11708      55
 10.1493       56
 10.18152      57
 10.21374      58
 10.24596      59
 10.27818      60
 10.3104       62
 10.34262      63
 10.37484      64
 10.40706      65
 10.40706      67
 10.43928      68
 10.4715       69
 10.50372      71
 10.53594      72
 10.56816      73
 10.60038      74
 10.6326       76
 10.6326       77
 10.66482      79
 10.69704      80
 10.72926      81
 10.76148      83
 10.7937       84
 10.82592      86
 10.85814      87
 10.89036      89
 10.92258      90
 10.92258      92
 10.9548       93
 10.98702      95
 11.01924      97
 11.05146      98
 11.08368      101
 11.1159       102
 11.14812      104
 11.18034      105
 11.21256      107
 11.21256      109
 11.24478      111
 11.277        112
 11.30922      114
 11.34144      116
 11.37366      117
 11.40588      119
 11.4381       121
 11.47032      122
 11.47032      124
 11.50254      126
 11.53476      128
 11.56698      129
 11.5992       131
 11.63142      132
 11.66364      134
 11.69586      135
 11.69586      137
 11.72808      138
 11.7603       139
 11.79252      140
 11.82474      141
 11.85696      142
 11.88918      143
 11.9214       144
 11.95362      144
 11.95362      144
 11.98584      145
 12.01806      145
 12.05028      145
 12.0825       145
 12.11472      144
 12.14694      144
 12.17916      144
 12.21138      143
 12.2436       142
 12.2436       141
 12.27582      141
 12.30804      140
 12.34026      139
 12.37248      138
 12.4047       137
 12.43692      135
 12.46914      134
 12.50136      133
 12.50136      132
 12.53358      130
 12.5658       129
 12.59802      127
 12.63024      126
 12.66246      124
 12.69468      123
 12.7269       121
 12.7269       120
 12.75912      118
 12.79134      116
 12.82356      115
 12.85578      113
 12.888        111
 12.92022      110
 12.95244      108
 12.98466      107
 13.01688      105
 13.0491       104
 13.08132      102
 13.11354      101
 13.14576      99
 13.17798      98
 13.17798      96
 13.2102       95
 13.24242      94
 13.27464      93
 13.30686      92
 13.33908      92
 13.3713       91
 13.40352      90
 13.43574      89
 13.43574      88
 13.46796      88
 13.50018      87
 13.5324       86
 13.56462      86
 13.59684      85
 13.62906      85
 13.66128      85
 13.66128      84
 13.6935       84
 13.72572      84
 13.75794      84
 13.79016      83
 13.82238      83
 13.8546       83
 13.88682      83
 13.88682      83
 13.91904      83
 13.95126      84
 13.98348      84
 14.0157       84
 14.04792      84
 14.08014      84
 14.11236      85
 14.14458      85
 14.14458      85
 14.1768       86
 14.20902      86
 14.24124      87
 14.27346      87
 14.30568      88
 14.3379       88
 14.3379       89
 14.37012      90
 14.40234      90
 14.43456      91
 14.46678      92
 14.499        93
 14.53122      94
 14.53122      94
 14.56344      95
 14.59566      96
 14.62788      97
 14.6601       98
 14.69232      100
 14.72454      101
 14.75676      102
 14.75676      103
 14.78898      104
 14.8212       106
 14.85342      107
 14.88564      108
 14.91786      109
 14.95008      110
 14.9823       112
 14.9823       113
 15.01452      114
 15.04674      116
 15.07896      117
 15.11118      118
 15.1434       120
 15.17562      121
 15.17562      123
 15.20784      124
 15.24006      126
 15.27228      127
 15.3045       129
 15.33672      131
 15.36894      132
 15.40116      134
 15.40116      136
 15.43338      137
 15.4656       139
 15.49782      141
 15.53004      143
 15.56226      145
 15.59448      146
 15.6267       148
 15.6267       150
 15.65892      152
 15.69114      154
 15.72336      156
 15.75558      158
 15.7878       160
 15.82002      162
 15.82002      164
 15.85224      166
 15.88446      168
 15.91668      170
 15.9489       172
 15.98112      174
 16.01334      176
 16.01334      179
 16.04556      181
 16.07778      183
 16.11         185
 16.14222      187
 16.17444      190
 16.20666      192
 16.23888      194
 16.2711       196
 16.30332      198
 16.33554      201
 16.36776      204
 16.39998      206
 16.4322       208
 16.4322       210
 16.46442      212
 16.49664      214
 16.52886      216
 16.56108      218
 16.5933       220
 16.62552      222
 16.62552      224
 16.65774      226
 16.68996      227
 16.72218      229
 16.7544       231
 16.78662      232
 16.81884      233
 16.81884      235
 16.85106      236
 16.88328      237
 16.9155       238
 16.94772      239
 16.97994      239
 17.01216      240
 17.01216      240
 17.04438      241
 17.0766       241
 17.10882      241
 17.14104      241
 17.17326      241
 17.20548      241
 17.20548      241
 17.2377       241
 17.26992      240
 17.30214      240
 17.33436      239
 17.36658      238
 17.3988       238
 17.3988       237
 17.43102      235
 17.46324      234
 17.49546      233
 17.52768      232
 17.5599       230
 17.5599       229
 17.59212      227
 17.62434      226
 17.65656      224
 17.68878      222
 17.721        220
 17.75322      218
 17.75322      216
 17.78544      214
 17.81766      212
 17.84988      211
 17.8821       209
 17.91432      207
 17.94654      205
 17.97876      203
 17.97876      202
 18.01098      199
 18.0432       197
 18.07542      196
 18.10764      194
 18.13986      193
 18.13986      191
 18.17208      190
 18.2043       188
 18.23652      187
 18.26874      185
 18.30096      184
 18.33318      183
 18.33318      182
 18.3654       181
 18.39762      180
 18.42984      179
 18.46206      178
 18.49428      177
 18.49428      176
 18.5265       176
 18.55872      175
 18.59094      174
 18.62316      174
 18.65538      173
 18.6876       173
 18.6876       172
 18.71982      172
 18.75204      171
 18.78426      171
 18.81648      171
 18.8487       171
 18.8487       170
 18.88092      170
 18.91314      170
 18.94536      169
 18.97758      169
 19.0098       169
 19.0098       169
 19.04202      169
 19.07424      169
 19.10646      169
 19.13868      169
 19.1709       169
 19.20312      169
 19.20312      169
 19.23534      169
 19.26756      169
 19.29978      170
 19.332        170
 19.36422      170
 19.36422      171
 19.39644      171
 19.42866      172
 19.46088      172
 19.52532      173
 19.55754      174
 19.55754      174
 19.58976      175
 19.62198      176
 19.6542       176
 19.68642      177
 19.71864      178
 19.71864      179
 19.75086      180
 19.78308      181
 19.8153       182
 19.84752      183
 19.87974      184
 19.87974      185
 19.91196      186
 19.94418      187
 19.9764       188
 20.00862      190
 20.04084      191
 20.07306      192
 20.07306      194
 20.10528      195
 20.1375       197
 20.16972      198
 20.20194      200
 20.23416      202
 20.23416      204
 20.26638      205
 20.2986       207
 20.33082      209
 20.36304      211
 20.39526      213
 20.39526      215
 20.42748      216
 20.4597       218
 20.49192      220
 20.52414      222
 20.55636      224
 20.55636      226
 20.58858      228
 20.6208       230
 20.65302      232
 20.68524      235
 20.71746      237
 20.71746      239
 20.74968      241
 20.7819       243
 20.81412      246
 20.84634      248
 20.84634      250
 20.87856      253
 20.91078      255
 20.943        258
 20.97522      260
 21.00744      263
 21.03966      265
 21.03966      268
 21.07188      270
 21.1041       273
 21.13632      275
 21.16854      278
 21.20076      281
 21.20076      283
 21.23298      286
 21.2652       289
 21.29742      291
 21.32964      294
 21.36186      297
 21.36186      300
 21.39408      303
 21.4263       306
 21.45852      309
 21.49074      311
 21.52296      314
 21.52296      317
 21.55518      319
 21.5874       321
 21.61962      324
 21.65184      326
 21.68406      329
 21.68406      332
 21.71628      331
 21.7485       327
 21.78072      323
 21.81294      320
 21.81294      318
 21.84516      316
 21.87738      315
 21.9096       314
 21.94182      312
 21.97404      311
 21.97404      311
 22.00626      310
 22.03848      310
 22.0707       310
 22.10292      309
 22.10292      309
 22.13514      309
 22.16736      309
 22.19958      309
 22.2318       309
 22.26402      309
 22.26402      309
 22.29624      309
 22.32846      310
 22.36068      310
 22.3929       310
 22.3929       311
 22.42512      312
 22.45734      312
 22.48956      312
 22.52178      313
 22.52178      313
 22.554        314
 22.58622      314
 22.61844      315
 22.65066      316
 22.68288      316
 22.7151       317
 22.7151       318
 22.77954      318
 22.81176      318
 22.84398      319
 22.84398      319
 22.8762       320
 22.90842      320
 22.94064      320
 22.97286      321
 22.97286      321
 23.00508      321
 23.0373       321
 23.06952      321
 23.10174      321
 23.13396      321
 23.13396      320
 23.16618      320
 23.1984       320
 23.23062      320
 23.26284      320
 23.26284      320
 23.29506      319
 23.32728      319
 23.3595       319
 23.39172      318
 23.39172      318
 23.42394      318
 23.45616      318
 23.48838      318
 23.5206       318
 23.55282      317
 23.55282      318
 23.58504      317
 23.61726      317
 23.64948      318
 23.6817       318
 23.6817       318
 23.71392      318
 23.74614      318
 23.77836      319
 23.81058      319
 23.81058      319
 23.8428       320
 23.87502      320
 23.90724      320
 23.93946      321
 23.93946      321
 23.97168      322
 24.0039       323
 24.03612      323
 24.06834      324
 24.10056      325
 24.10056      325
 24.13278      326
 24.165        327
 24.19722      327
 24.22944      328
 24.22944      328
 24.26166      329
 24.29388      329
 24.3261       330
 24.35832      330
 24.35832      331
 24.39054      331
 24.42276      331
 24.45498      332
 24.4872       332
 24.4872       332
 24.51942      332
 24.55164      332
 24.58386      333
 24.61608      333
 24.61608      333
 24.6483       333
 24.68052      333
 24.71274      332
 24.74496      333
 24.74496      332
 24.77718      332
 24.8094       332
 24.84162      331
 24.87384      331
 24.87384      330
 24.90606      330
 24.93828      329
 24.9705       329
 25.00272      329
 25.00272      328
 25.03494      328
 25.06716      327
 25.09938      327
 25.1316       327
 25.1316       326
 25.16382      326
 25.19604      326
 25.22826      326
 25.26048      326
 25.26048      325
 25.2927       319
 25.32492      313
 25.35714      308
 25.38936      306
 25.38936      304
 25.42158      301
 25.4538       301
 25.48602      300
 25.51824      300
 25.51824      300
 25.55046      301
 25.58268      301
 25.6149       301
 25.64712      303
 25.64712      303
 25.67934      304
 25.71156      305
 25.74378      306
 25.776        307
 25.776        308
 25.80822      309
 25.84044      310
 25.87266      311
 25.90488      312
 25.90488      313
 25.9371       315
 25.96932      316
 26.03376      317
 26.03376      318
 26.06598      320
 26.0982       321
 26.13042      322
 26.16264      324
 26.16264      325
 26.19486      326
 26.22708      328
 26.2593       329
 26.2593       330
 26.29152      332
 26.32374      333
 26.35596      334
 26.38818      336
 26.38818      337
 26.4204       338
 26.45262      339
 26.48484      340
 26.51706      341
 26.51706      342
 26.54928      343
 26.5815       343
 26.61372      344
 26.64594      344
 26.64594      345
 26.67816      344
 26.71038      345
 26.7426       345
 26.7426       344
 26.77482      344
 26.80704      344
 26.83926      343
 26.87148      343
 26.87148      342
 26.9037       342
 26.93592      341
 26.96814      341
 27.00036      340
 27.00036      340
 27.03258      340
 27.0648       339
 27.09702      339
 27.09702      339
 27.12924      339
 27.16146      339
 27.19368      339
 27.2259       339
 27.2259       339
 27.25812      339
 27.29034      340
 27.32256      340
 27.32256      340
 27.35478      340
 27.387        340
 27.41922      341
 27.45144      341
 27.45144      341
 27.48366      342
 27.51588      342
 27.5481       343
 27.5481       343
 27.58032      343
 27.61254      344
 27.64476      344
 27.67698      344
 27.67698      344
 27.7092       345
 27.74142      345
 27.77364      345
 27.77364      346
 27.80586      346
 27.83808      346
 27.8703       347
 27.8703       346
 27.90252      347
 27.93474      347
 27.96696      347
 27.99918      347
 27.99918      347
 28.0314       347
 28.06362      347
 28.09584      347
 28.12806      347
 28.12806      347
 28.16028      347
 28.1925       347
 28.22472      347
 28.22472      347
 28.25694      347
 28.28916      347
 28.32138      346
 28.32138      346
 28.3536       346
 28.38582      345
