 0             0
 0             0
 0             0
 0             0
 0             0
 3.222e-002    0
 3.222e-002    0
 6.444e-002    0
 0.12888       0
 0.12888       0
 0.1611        0
 0.19332       0
 0.19332       0
 0.22554       0
 0.25776       0
 0.25776       0
 0.3222        0
 0.35442       0
 0.35442       0
 0.41886       0
 0.41886       0
 0.45108       0
 0.4833        0
 0.4833        0
 0.51552       0
 0.57996       0
 0.57996       0
 0.61218       0
 0.6444        0
 0.67662       0
 0.70884       0
 0.74106       0
 0.74106       0
 0.8055        0
 0.8055        0
 0.83772       0
 0.86994       0
 0.90216       0
 0.93438       0
 0.9666        0
 0.9666        0
 0.99882       0
 1.06326       0
 1.06326       0
 1.09548       0
 1.1277        0
 1.15992       0
 1.19214       0
 1.22436       0
 1.22436       0
 1.2888        0
 1.2888        0
 1.32102       0
 1.38546       0
 1.38546       0
 1.41768       0
 1.4499        0
 1.48212       0
 1.51434       0
 1.54656       0
 1.54656       0
 1.611         0
 1.611         0
 1.64322       0
 1.67544       0
 1.70766       0
 1.73988       0
 1.7721        0
 1.80432       0
 1.80432       0
 1.86876       0
 1.86876       0
 1.90098       0
 1.9332        0
 1.96542       0
 1.99764       0
 2.02986       0
 2.06208       0
 2.0943        0
 2.12652       0
 2.12652       0
 2.19096       0
 2.19096       0
 2.22318       0
 2.2554        0
 2.28762       0
 2.31984       0
 2.35206       0
 2.38428       0
 2.4165        0
 2.44872       0
 2.44872       0
 2.51316       0
 2.51316       0
 2.54538       0
 2.5776        0
 2.60982       0
 2.64204       0
 2.67426       0
 2.70648       0
 2.70648       0
 2.77092       0
 2.77092       0
 2.80314       0
 2.83536       0
 2.86758       0
 2.8998        0
 2.93202       0
 2.96424       0
 2.99646       0
 3.02868       0
 3.0609        0
 3.09312       0
 3.09312       0
 3.12534       0
 3.18978       0
 3.18978       0
 3.25422       0
 3.28644       0
 3.31866       0
 3.35088       0
 3.3831        0
 3.41532       0
 3.44754       0
 3.47976       0
 3.47976       0
 3.51198       0
 3.5442        0
 3.57642       0
 3.60864       0
 3.64086       0
 3.67308       0
 3.7053        0
 3.73752       0
 3.76974       0
 3.80196       0
 3.83418       0
 3.8664        0
 3.89862       0
 3.89862       0
 3.93084       0
 3.96306       0
 3.99528       0
 4.0275        0
 4.05972       0
 4.09194       0
 4.12416       0
 4.15638       0
 4.1886        0
 4.22082       0
 4.25304       0
 4.25304       0
 4.31748       1
 4.31748       1
 4.3497        1
 4.38192       1
 4.41414       1
 4.44636       1
 4.47858       2
 4.5108        2
 4.54302       2
 4.57524       2
 4.60746       2
 4.63968       2
 4.6719        3
 4.70412       3
 4.73634       3
 4.73634       3
 4.76856       3
 4.80078       4
 4.833         4
 4.86522       4
 4.89744       4
 4.92966       5
 4.96188       5
 4.9941        5
 5.02632       5
 5.05854       6
 5.09076       6
 5.12298       6
 5.1552        6
 5.1552        7
 5.18742       7
 5.21964       7
 5.25186       8
 5.28408       8
 5.3163        8
 5.34852       8
 5.38074       9
 5.41296       9
 5.44518       9
 5.4774        10
 5.50962       10
 5.54184       10
 5.57406       11
 5.60628       11
 5.60628       11
 5.67072       12
 5.67072       12
 5.70294       13
 5.73516       13
 5.76738       13
 5.7996        14
 5.83182       14
 5.86404       14
 5.89626       15
 5.92848       15
 5.9607        16
 5.99292       16
 6.02514       17
 6.02514       17
 6.08958       17
 6.08958       18
 6.1218        18
 6.15402       19
 6.18624       19
 6.21846       20
 6.25068       20
 6.2829        21
 6.31512       21
 6.34734       22
 6.37956       22
 6.41178       23
 6.444         23
 6.47622       24
 6.54066       24
 6.54066       25
 6.57288       25
 6.6051        26
 6.63732       26
 6.66954       27
 6.70176       27
 6.73398       28
 6.7662        28
 6.79842       29
 6.83064       30
 6.86286       30
 6.89508       31
 6.89508       31
 6.95952       32
 6.95952       32
 6.99174       33
 7.02396       33
 7.05618       33
 7.0884        34
 7.12062       34
 7.15284       35
 7.18506       35
 7.21728       35
 7.2495        36
 7.28172       36
 7.31394       36
 7.34616       36
 7.37838       36
 7.37838       37
 7.4106        37
 7.44282       37
 7.47504       37
 7.50726       37
 7.53948       37
 7.5717        37
 7.60392       37
 7.63614       37
 7.66836       37
 7.70058       36
 7.7328        36
 7.76502       36
 7.79724       36
 7.79724       36
 7.82946       36
 7.86168       35
 7.8939        35
 7.92612       35
 7.95834       35
 7.99056       34
 8.02278       34
 8.055         34
 8.08722       33
 8.11944       33
 8.15166       33
 8.18388       32
 8.2161        32
 8.2161        32
 8.24832       31
 8.28054       31
 8.31276       31
 8.34498       31
 8.3772        30
 8.40942       30
 8.44164       30
 8.47386       30
 8.50608       30
 8.5383        30
 8.57052       29
 8.57052       29
 8.60274       29
 8.63496       29
 8.66718       29
 8.6994        29
 8.73162       29
 8.76384       29
 8.79606       29
 8.82828       29
 8.8605        29
 8.89272       29
 8.92494       29
 8.95716       29
 8.98938       29
 8.98938       29
 9.0216        29
 9.05382       30
 9.08604       30
 9.11826       30
 9.15048       30
 9.1827        30
 9.21492       30
 9.24714       31
 9.27936       31
 9.31158       31
 9.3438        31
 9.37602       32
 9.37602       32
 9.40824       32
 9.44046       32
 9.47268       33
 9.5049        33
 9.53712       33
 9.56934       34
 9.60156       34
 9.63378       35
 9.666         35
 9.69822       35
 9.73044       36
 9.76266       36
 9.79488       37
 9.8271        37
 9.85932       37
 9.89154       38
 9.92376       38
 9.95598       39
 9.9882        39
 10.02042      40
 10.05264      40
 10.08486      41
 10.08486      41
 10.11708      42
 10.1493       43
 10.18152      43
 10.21374      44
 10.24596      44
 10.27818      45
 10.3104       45
 10.34262      46
 10.37484      47
 10.40706      47
 10.40706      48
 10.43928      48
 10.4715       49
 10.50372      50
 10.53594      50
 10.56816      51
 10.60038      52
 10.6326       52
 10.66482      53
 10.69704      54
 10.72926      54
 10.76148      55
 10.76148      56
 10.7937       57
 10.82592      57
 10.85814      58
 10.89036      59
 10.92258      59
 10.9548       60
 10.98702      61
 11.01924      62
 11.05146      63
 11.08368      63
 11.08368      64
 11.1159       65
 11.14812      66
 11.18034      66
 11.21256      67
 11.24478      68
 11.277        69
 11.30922      70
 11.34144      71
 11.37366      71
 11.40588      72
 11.4381       73
 11.4381       74
 11.47032      75
 11.50254      76
 11.53476      77
 11.56698      78
 11.5992       79
 11.63142      79
 11.66364      80
 11.69586      81
 11.72808      82
 11.72808      82
 11.7603       82
 11.79252      83
 11.82474      83
 11.85696      84
 11.88918      84
 11.9214       85
 11.95362      85
 11.98584      86
 12.01806      87
 12.05028      87
 12.0825       88
 12.0825       89
 12.11472      89
 12.14694      90
 12.17916      90
 12.21138      90
 12.2436       91
 12.27582      91
 12.30804      91
 12.34026      92
 12.37248      92
 12.37248      92
 12.4047       93
 12.43692      93
 12.46914      93
 12.50136      94
 12.53358      94
 12.5658       94
 12.59802      94
 12.63024      94
 12.66246      94
 12.69468      94
 12.69468      94
 12.7269       94
 12.75912      94
 12.79134      94
 12.82356      94
 12.85578      94
 12.888        94
 12.92022      94
 12.95244      94
 12.98466      93
 13.01688      93
 13.0491       93
 13.08132      93
 13.11354      93
 13.14576      92
 13.17798      92
 13.2102       92
 13.24242      92
 13.27464      91
 13.27464      91
 13.30686      91
 13.33908      91
 13.3713       91
 13.40352      91
 13.43574      91
 13.46796      91
 13.50018      91
 13.5324       91
 13.5324       91
 13.56462      91
 13.59684      91
 13.62906      91
 13.66128      91
 13.6935       91
 13.72572      91
 13.75794      91
 13.79016      91
 13.82238      91
 13.82238      91
 13.8546       92
 13.88682      92
 13.91904      92
 13.95126      92
 13.98348      93
 14.0157       93
 14.04792      93
 14.08014      94
 14.08014      94
 14.11236      94
 14.14458      95
 14.1768       95
 14.20902      95
 14.24124      96
 14.27346      96
 14.30568      96
 14.3379       97
 14.3379       97
 14.37012      98
 14.40234      98
 14.43456      99
 14.46678      99
 14.499        99
 14.53122      101
 14.56344      101
 14.59566      102
 14.62788      102
 14.62788      103
 14.6601       104
 14.69232      104
 14.72454      105
 14.75676      105
 14.78898      106
 14.8212       106
 14.85342      107
 14.88564      108
 14.88564      108
 14.91786      109
 14.95008      110
 14.9823       110
 15.01452      111
 15.04674      112
 15.07896      112
 15.11118      113
 15.11118      114
 15.1434       114
 15.17562      115
 15.20784      116
 15.24006      117
 15.27228      118
 15.3045       119
 15.33672      120
 15.36894      121
 15.36894      121
 15.40116      122
 15.43338      123
 15.4656       124
 15.49782      125
 15.53004      126
 15.56226      127
 15.59448      128
 15.6267       129
 15.6267       130
 15.65892      132
 15.69114      133
 15.72336      133
 15.75558      133
 15.7878       134
 15.82002      134
 15.82002      135
 15.85224      136
 15.88446      137
 15.91668      138
 15.9489       138
 15.98112      140
 16.01334      141
 16.04556      142
 16.07778      143
 16.07778      144
 16.11         145
 16.14222      146
 16.17444      147
 16.20666      149
 16.2711       150
 16.30332      151
 16.30332      152
 16.33554      153
 16.36776      153
 16.39998      153
 16.4322       153
 16.46442      153
 16.49664      153
 16.52886      154
 16.56108      154
 16.56108      154
 16.5933       154
 16.62552      155
 16.65774      155
 16.68996      156
 16.72218      156
 16.7544       157
 16.78662      157
 16.78662      158
 16.81884      158
 16.85106      159
 16.88328      159
 16.9155       159
 16.94772      160
 16.97994      161
 16.97994      161
 17.01216      162
 17.04438      162
 17.0766       163
 17.10882      164
 17.14104      164
 17.17326      165
 17.20548      166
 17.20548      166
 17.2377       167
 17.26992      168
 17.30214      168
 17.33436      169
 17.36658      170
 17.3988       171
 17.43102      172
 17.43102      172
 17.46324      173
 17.49546      174
 17.52768      174
 17.5599       175
 17.59212      176
 17.62434      177
 17.65656      178
 17.65656      178
 17.68878      179
 17.721        180
 17.75322      180
 17.78544      181
 17.81766      182
 17.84988      182
 17.84988      183
 17.8821       184
 17.91432      184
 17.94654      185
 17.97876      185
 18.01098      186
 18.0432       186
 18.07542      186
 18.07542      187
 18.10764      187
 18.13986      187
 18.17208      187
 18.2043       187
 18.23652      187
 18.26874      187
 18.26874      187
 18.30096      187
 18.33318      187
 18.3654       186
 18.39762      186
 18.42984      186
 18.46206      185
 18.49428      185
 18.49428      185
 18.5265       184
 18.55872      184
 18.59094      184
 18.62316      183
 18.65538      183
 18.6876       183
 18.6876       182
 18.71982      182
 18.75204      181
 18.78426      181
 18.81648      180
 18.8487       180
 18.88092      179
 18.88092      179
 18.91314      178
 18.94536      178
 18.97758      177
 19.0098       176
 19.04202      176
 19.07424      176
 19.07424      175
 19.10646      175
 19.13868      174
 19.1709       174
 19.20312      174
 19.23534      173
 19.26756      173
 19.26756      174
 19.29978      173
 19.332        174
 19.36422      174
 19.39644      174
 19.42866      175
 19.46088      175
 19.4931       175
 19.52532      176
 19.55754      176
 19.58976      177
 19.62198      178
 19.6542       178
 19.68642      179
 19.68642      180
 19.71864      180
 19.75086      181
 19.78308      182
 19.8153       182
 19.84752      183
 19.84752      184
 19.87974      185
 19.91196      185
 19.94418      186
 19.9764       186
 20.00862      187
 20.04084      187
 20.07306      187
 20.07306      187
 20.10528      186
 20.1375       186
 20.16972      186
 20.20194      185
 20.23416      184
 20.23416      183
 20.26638      182
 20.2986       181
 20.33082      180
 20.36304      179
 20.39526      177
 20.42748      176
 20.42748      175
 20.4597       173
 20.49192      172
 20.52414      171
 20.55636      170
 20.58858      169
 20.6208       168
 20.6208       167
 20.65302      167
 20.68524      166
 20.71746      166
 20.74968      166
 20.7819       166
 20.7819       165
 20.81412      165
 20.84634      165
 20.87856      165
 20.91078      166
 20.943        166
 20.943        166
 20.97522      166
 21.00744      166
 21.03966      167
 21.07188      167
 21.1041       167
 21.13632      168
 21.13632      168
 21.16854      169
 21.20076      169
 21.23298      170
 21.2652       170
 21.29742      171
 21.29742      171
 21.32964      172
 21.36186      173
 21.39408      173
 21.4263       174
 21.45852      174
 21.49074      175
 21.49074      176
 21.52296      177
 21.55518      177
 21.5874       178
 21.61962      179
 21.65184      179
 21.68406      180
 21.68406      181
 21.71628      182
 21.7485       183
 21.78072      184
 21.81294      185
 21.84516      186
 21.84516      186
 21.87738      187
 21.9096       188
 21.94182      189
 21.97404      190
 22.00626      191
 22.00626      192
 22.03848      193
 22.0707       193
 22.10292      194
 22.13514      195
 22.16736      196
 22.19958      197
 22.19958      198
 22.2318       198
 22.26402      199
 22.29624      200
 22.32846      200
 22.32846      202
 22.36068      202
 22.3929       203
 22.42512      204
 22.45734      204
 22.48956      205
 22.52178      206
 22.52178      206
 22.554        207
 22.58622      208
 22.61844      208
 22.65066      209
 22.65066      210
 22.68288      210
 22.7151       211
 22.77954      212
 22.81176      213
 22.84398      214
 22.84398      214
 22.8762       215
 22.90842      216
 22.94064      216
 22.97286      217
 22.97286      218
 23.00508      218
 23.0373       219
 23.06952      219
 23.10174      220
 23.13396      220
 23.13396      221
 23.16618      221
 23.1984       222
 23.23062      222
 23.26284      222
 23.29506      222
 23.29506      222
 23.32728      223
 23.3595       223
 23.39172      223
 23.42394      224
 23.45616      224
 23.45616      224
 23.48838      224
 23.5206       224
 23.55282      224
 23.58504      225
 23.61726      225
 23.61726      225
 23.64948      226
 23.6817       226
 23.71392      226
 23.74614      227
 23.77836      227
 23.77836      228
 23.81058      228
 23.8428       228
 23.87502      229
 23.90724      229
 23.93946      230
 23.93946      230
 23.97168      231
 24.0039       231
 24.03612      232
 24.06834      232
 24.06834      233
 24.10056      233
 24.13278      234
 24.165        235
 24.19722      235
 24.22944      236
 24.22944      236
 24.26166      237
 24.29388      238
 24.3261       238
 24.35832      238
 24.39054      239
 24.39054      239
 24.42276      240
 24.45498      240
 24.4872       240
 24.51942      241
 24.51942      241
 24.55164      241
 24.58386      242
 24.61608      242
 24.6483       242
 24.68052      243
 24.68052      243
 24.71274      243
 24.74496      243
 24.77718      243
 24.8094       243
 24.84162      243
 24.84162      243
 24.87384      243
 24.90606      243
 24.93828      243
 24.9705       243
 24.9705       243
 25.00272      243
 25.03494      243
 25.06716      243
 25.09938      242
 25.09938      243
 25.1316       242
 25.16382      242
 25.19604      242
 25.22826      242
 25.26048      242
 25.26048      242
 25.2927       241
 25.32492      241
 25.35714      241
 25.38936      241
 25.38936      241
 25.42158      241
 25.4538       241
 25.48602      241
 25.51824      241
 25.51824      241
 25.55046      241
 25.58268      240
 25.6149       240
 25.64712      240
 25.64712      240
 25.67934      240
 25.71156      240
 25.74378      240
 25.776        240
 25.776        240
 25.80822      240
 25.84044      240
 25.87266      240
 25.90488      240
 25.9371       240
 25.9371       240
 25.96932      241
 26.03376      241
 26.06598      241
 26.06598      242
 26.0982       242
 26.13042      243
 26.16264      243
 26.19486      244
 26.22708      244
 26.22708      245
 26.2593       245
 26.29152      246
 26.32374      246
 26.32374      246
 26.35596      247
 26.38818      248
 26.4204       248
 26.45262      249
 26.48484      249
 26.48484      250
 26.51706      251
 26.54928      251
 26.5815       251
 26.61372      252
 26.61372      253
 26.64594      253
 26.67816      254
 26.71038      254
 26.7426       254
 26.7426       255
 26.77482      254
 26.80704      255
 26.83926      255
 26.87148      255
 26.87148      255
 26.9037       254
 26.93592      254
 26.96814      254
 27.00036      254
 27.00036      253
 27.03258      253
 27.0648       253
 27.09702      252
 27.12924      252
 27.12924      251
 27.16146      251
 27.19368      251
 27.2259       251
 27.25812      251
 27.25812      250
 27.29034      250
 27.32256      250
 27.35478      250
 27.387        250
 27.387        251
 27.41922      250
 27.45144      251
 27.48366      251
 27.48366      251
 27.51588      251
 27.5481       252
 27.58032      252
 27.61254      252
 27.61254      252
 27.64476      252
 27.67698      253
 27.7092       253
 27.74142      253
 27.74142      254
 27.77364      254
 27.80586      254
 27.83808      255
 27.8703       255
 27.8703       256
 27.90252      256
 27.93474      256
 27.96696      257
 27.99918      257
 27.99918      258
 28.0314       258
 28.06362      259
 28.09584      259
 28.12806      259
 28.12806      260
 28.16028      260
 28.1925       261
 28.22472      261
 28.22472      261
 28.25694      262
 28.28916      262
 28.32138      263
 28.3536       264
 28.3536       264
 28.38582      265
 28.41804      265
 28.45026      266
 28.48248      266
 28.48248      267
 28.5147       267
 28.54692      268
 28.57914      268
 28.57914      269
 28.61136      270
 28.64358      270
 28.6758       271
 28.70802      271
 28.70802      272
 28.74024      272
 28.77246      273
 28.80468      273
 28.80468      274
 28.8369       275
 28.86912      275
 28.90134      275
