 0             0
 0             0
 0             0
 0             0
 3.222e-002    0
 6.444e-002    0
 9.666e-002    0
 9.666e-002    0
 0.1611        0
 0.1611        0
 0.19332       0
 0.22554       0
 0.22554       0
 0.25776       0
 0.3222        0
 0.3222        0
 0.35442       0
 0.38664       0
 0.38664       0
 0.45108       0
 0.4833        0
 0.4833        0
 0.51552       0
 0.54774       0
 0.54774       0
 0.61218       0
 0.61218       0
 0.6444        0
 0.70884       0
 0.70884       0
 0.74106       0
 0.77328       0
 0.77328       0
 0.83772       0
 0.86994       0
 0.86994       0
 0.93438       0
 0.93438       0
 0.9666        0
 0.99882       0
 1.03104       0
 1.03104       0
 1.09548       0
 1.09548       0
 1.1277        0
 1.19214       0
 1.19214       0
 1.22436       0
 1.25658       0
 1.25658       0
 1.32102       0
 1.35324       0
 1.35324       0
 1.41768       0
 1.41768       0
 1.4499        0
 1.48212       0
 1.51434       0
 1.51434       0
 1.57878       0
 1.57878       0
 1.611         0
 1.67544       0
 1.67544       0
 1.70766       0
 1.73988       0
 1.7721        0
 1.80432       0
 1.83654       0
 1.83654       0
 1.90098       0
 1.90098       0
 1.9332        0
 1.96542       0
 1.99764       0
 2.02986       0
 2.06208       0
 2.06208       0
 2.12652       0
 2.15874       0
 2.15874       0
 2.19096       0
 2.22318       0
 2.2554        0
 2.28762       0
 2.31984       0
 2.31984       0
 2.38428       0
 2.38428       0
 2.4165        0
 2.48094       0
 2.48094       0
 2.51316       0
 2.54538       0
 2.5776        0
 2.60982       0
 2.64204       0
 2.64204       0
 2.70648       0
 2.70648       0
 2.7387        0
 2.77092       0
 2.80314       0
 2.83536       0
 2.86758       0
 2.8998        0
 2.93202       0
 2.96424       0
 2.96424       0
 2.99646       0
 3.02868       0
 3.0609        0
 3.09312       0
 3.12534       0
 3.15756       0
 3.18978       0
 3.222         0
 3.25422       0
 3.28644       0
 3.31866       0
 3.35088       0
 3.3831        0
 3.41532       0
 3.41532       0
 3.47976       0
 3.47976       0
 3.51198       0
 3.5442        0
 3.57642       0
 3.60864       0
 3.64086       0
 3.67308       0
 3.7053        0
 3.73752       0
 3.73752       0
 3.80196       0
 3.80196       0
 3.83418       0
 3.8664        0
 3.89862       0
 3.93084       0
 3.96306       0
 3.99528       0
 4.0275        0
 4.05972       0
 4.05972       0
 4.12416       0
 4.12416       0
 4.15638       0
 4.1886        0
 4.22082       0
 4.25304       0
 4.28526       0
 4.31748       0
 4.3497        0
 4.38192       0
 4.41414       0
 4.41414       0
 4.47858       0
 4.47858       0
 4.5108        0
 4.54302       0
 4.57524       0
 4.60746       0
 4.63968       0
 4.6719        1
 4.70412       1
 4.73634       1
 4.73634       1
 4.80078       1
 4.80078       1
 4.833         1
 4.86522       1
 4.89744       2
 4.92966       2
 4.96188       2
 4.9941        2
 5.02632       2
 5.05854       2
 5.09076       3
 5.12298       3
 5.12298       3
 5.1552        3
 5.18742       3
 5.21964       4
 5.25186       4
 5.28408       4
 5.3163        4
 5.34852       5
 5.38074       5
 5.41296       5
 5.44518       5
 5.4774        5
 5.4774        6
 5.54184       6
 5.54184       6
 5.57406       6
 5.60628       7
 5.6385        7
 5.67072       7
 5.70294       7
 5.73516       8
 5.76738       8
 5.7996        8
 5.7996        9
 5.83182       9
 5.86404       9
 5.89626       10
 5.92848       10
 5.9607        10
 5.99292       11
 6.02514       11
 6.05736       11
 6.08958       12
 6.1218        12
 6.15402       12
 6.15402       13
 6.21846       13
 6.21846       13
 6.25068       14
 6.2829        14
 6.31512       15
 6.34734       15
 6.37956       15
 6.41178       16
 6.444         16
 6.50844       17
 6.50844       17
 6.54066       17
 6.57288       18
 6.6051        18
 6.63732       19
 6.66954       19
 6.70176       19
 6.73398       20
 6.7662        20
 6.79842       20
 6.83064       21
 6.83064       21
 6.86286       21
 6.89508       22
 6.9273        22
 6.95952       22
 6.99174       22
 7.02396       22
 7.05618       22
 7.0884        22
 7.12062       23
 7.15284       22
 7.18506       22
 7.18506       22
 7.2495        22
 7.2495        22
 7.28172       22
 7.31394       22
 7.34616       22
 7.37838       22
 7.4106        21
 7.44282       21
 7.47504       21
 7.50726       21
 7.50726       20
 7.5717        20
 7.5717        20
 7.60392       20
 7.63614       19
 7.66836       19
 7.70058       19
 7.7328        18
 7.76502       18
 7.79724       18
 7.82946       17
 7.86168       17
 7.8939        17
 7.92612       16
 7.92612       16
 7.95834       16
 7.99056       15
 8.02278       15
 8.055         15
 8.08722       14
 8.11944       14
 8.15166       14
 8.18388       13
 8.18388       13
 8.24832       13
 8.24832       13
 8.28054       13
 8.31276       12
 8.34498       12
 8.3772        12
 8.40942       12
 8.44164       12
 8.47386       11
 8.50608       11
 8.50608       11
 8.57052       11
 8.57052       11
 8.60274       11
 8.63496       11
 8.66718       10
 8.6994        11
 8.73162       10
 8.76384       10
 8.79606       10
 8.82828       10
 8.82828       10
 8.8605        10
 8.89272       11
 8.92494       11
 8.95716       11
 8.98938       11
 9.0216        11
 9.05382       11
 9.08604       11
 9.11826       11
 9.15048       11
 9.1827        12
 9.1827        12
 9.21492       12
 9.24714       12
 9.27936       12
 9.31158       13
 9.3438        13
 9.37602       13
 9.40824       13
 9.44046       14
 9.47268       14
 9.5049        14
 9.5049        15
 9.53712       15
 9.56934       14
 9.60156       14
 9.63378       14
 9.666         15
 9.69822       15
 9.76266       15
 9.76266       15
 9.79488       16
 9.8271        16
 9.85932       17
 9.89154       17
 9.92376       18
 9.95598       18
 9.9882        19
 10.02042      19
 10.05264      20
 10.08486      20
 10.08486      21
 10.11708      21
 10.1493       22
 10.18152      22
 10.21374      23
 10.24596      23
 10.27818      24
 10.3104       24
 10.34262      25
 10.37484      25
 10.37484      26
 10.40706      26
 10.43928      27
 10.4715       28
 10.50372      28
 10.53594      29
 10.56816      30
 10.60038      30
 10.6326       31
 10.66482      31
 10.66482      32
 10.69704      33
 10.72926      33
 10.76148      34
 10.7937       35
 10.82592      35
 10.85814      36
 10.89036      37
 10.92258      38
 10.9548       38
 10.98702      39
 10.98702      40
 11.01924      41
 11.05146      41
 11.08368      42
 11.1159       43
 11.14812      44
 11.18034      44
 11.21256      45
 11.24478      46
 11.24478      47
 11.277        48
 11.30922      48
 11.34144      49
 11.37366      50
 11.40588      51
 11.4381       51
 11.47032      52
 11.50254      53
 11.50254      54
 11.53476      54
 11.56698      55
 11.5992       56
 11.63142      56
 11.66364      57
 11.69586      57
 11.72808      58
 11.7603       58
 11.79252      58
 11.82474      58
 11.82474      59
 11.85696      59
 11.88918      59
 11.9214       59
 11.95362      59
 11.98584      59
 12.01806      58
 12.05028      58
 12.05028      58
 12.0825       58
 12.11472      57
 12.14694      57
 12.17916      57
 12.21138      56
 12.2436       56
 12.27582      55
 12.30804      55
 12.30804      54
 12.34026      54
 12.37248      53
 12.4047       53
 12.43692      52
 12.46914      52
 12.50136      51
 12.53358      50
 12.5658       50
 12.5658       49
 12.59802      48
 12.63024      47
 12.66246      47
 12.69468      46
 12.7269       45
 12.75912      44
 12.79134      43
 12.82356      43
 12.85578      42
 12.85578      41
 12.888        41
 12.92022      40
 12.95244      39
 13.01688      39
 13.0491       38
 13.08132      37
 13.08132      37
 13.11354      36
 13.14576      36
 13.17798      35
 13.2102       35
 13.24242      34
 13.27464      34
 13.30686      33
 13.30686      33
 13.33908      33
 13.3713       32
 13.40352      32
 13.43574      32
 13.46796      31
 13.50018      31
 13.5324       31
 13.56462      30
 13.56462      30
 13.59684      30
 13.62906      30
 13.66128      30
 13.6935       30
 13.72572      29
 13.75794      29
 13.79016      29
 13.79016      29
 13.82238      29
 13.8546       29
 13.88682      29
 13.91904      29
 13.95126      29
 13.98348      29
 14.0157       29
 14.04792      29
 14.04792      30
 14.08014      30
 14.11236      30
 14.14458      30
 14.1768       30
 14.20902      30
 14.24124      31
 14.27346      31
 14.27346      31
 14.30568      32
 14.3379       32
 14.37012      32
 14.40234      33
 14.43456      33
 14.46678      33
 14.499        34
 14.53122      34
 14.53122      34
 14.56344      35
 14.59566      35
 14.62788      36
 14.6601       36
 14.69232      37
 14.72454      37
 14.72454      38
 14.75676      38
 14.78898      39
 14.8212       39
 14.85342      40
 14.88564      41
 14.91786      41
 14.95008      42
 14.9823       43
 14.9823       43
 15.01452      44
 15.04674      44
 15.07896      45
 15.11118      46
 15.1434       47
 15.17562      47
 15.20784      48
 15.20784      49
 15.24006      50
 15.27228      50
 15.3045       51
 15.33672      52
 15.36894      53
 15.40116      54
 15.43338      54
 15.43338      55
 15.4656       56
 15.49782      57
 15.53004      58
 15.56226      59
 15.59448      60
 15.6267       60
 15.6267       61
 15.65892      62
 15.69114      63
 15.72336      64
 15.75558      65
 15.7878       66
 15.82002      67
 15.85224      68
 15.85224      69
 15.88446      70
 15.91668      71
 15.9489       72
 15.98112      73
 16.01334      74
 16.04556      75
 16.07778      76
 16.07778      77
 16.11         78
 16.14222      79
 16.17444      80
 16.20666      81
 16.2711       82
 16.2711       83
 16.30332      85
 16.33554      86
 16.36776      87
 16.39998      87
 16.4322       88
 16.46442      89
 16.49664      90
 16.49664      91
 16.52886      92
 16.56108      92
 16.5933       93
 16.62552      94
 16.65774      94
 16.65774      95
 16.68996      96
 16.72218      96
 16.7544       96
 16.78662      97
 16.81884      97
 16.85106      97
 16.88328      97
 16.88328      98
 16.9155       98
 16.94772      98
 16.97994      98
 17.01216      98
 17.04438      97
 17.04438      97
 17.0766       97
 17.10882      97
 17.14104      97
 17.17326      96
 17.20548      96
 17.2377       96
 17.26992      95
 17.26992      95
 17.30214      94
 17.33436      94
 17.36658      93
 17.3988       92
 17.43102      92
 17.46324      91
 17.46324      90
 17.49546      89
 17.52768      89
 17.5599       88
 17.59212      87
 17.62434      86
 17.65656      85
 17.68878      84
 17.68878      83
 17.721        82
 17.75322      81
 17.78544      81
 17.81766      80
 17.84988      79
 17.84988      78
 17.8821       78
 17.91432      77
 17.94654      76
 17.97876      75
 18.01098      75
 18.0432       74
 18.07542      73
 18.07542      73
 18.10764      72
 18.13986      72
 18.17208      71
 18.2043       70
 18.23652      70
 18.23652      69
 18.26874      69
 18.30096      68
 18.33318      68
 18.3654       67
 18.39762      67
 18.39762      66
 18.42984      66
 18.46206      66
 18.49428      65
 18.5265       65
 18.55872      65
 18.59094      64
 18.62316      64
 18.62316      64
 18.65538      64
 18.6876       64
 18.71982      63
 18.75204      63
 18.78426      63
 18.78426      63
 18.81648      63
 18.8487       63
 18.88092      63
 18.91314      63
 18.94536      63
 18.94536      63
 18.97758      63
 19.0098       63
 19.04202      63
 19.07424      63
 19.10646      63
 19.13868      63
 19.13868      63
 19.1709       63
 19.20312      64
 19.23534      64
 19.26756      64
 19.29978      64
 19.332        64
 19.332        65
 19.36422      65
 19.39644      65
 19.42866      65
 19.46088      66
 19.4931       66
 19.52532      66
 19.55754      67
 19.58976      67
 19.62198      67
 19.6542       68
 19.6542       68
 19.68642      69
 19.71864      69
 19.75086      70
 19.78308      70
 19.8153       71
 19.8153       71
 19.84752      72
 19.87974      72
 19.91196      73
 19.94418      74
 19.9764       74
 20.00862      75
 20.04084      76
 20.04084      76
 20.07306      77
 20.10528      78
 20.1375       78
 20.16972      79
 20.20194      80
 20.20194      81
 20.23416      81
 20.26638      82
 20.2986       83
 20.33082      84
 20.33082      85
 20.36304      86
 20.39526      87
 20.42748      88
 20.4597       88
 20.49192      89
 20.52414      90
 20.52414      91
 20.55636      92
 20.58858      93
 20.6208       94
 20.65302      95
 20.68524      96
 20.68524      97
 20.71746      99
 20.74968      100
 20.7819       101
 20.81412      103
 20.84634      104
 20.84634      105
 20.87856      106
 20.91078      107
 20.943        108
 20.97522      109
 21.00744      111
 21.00744      112
 21.03966      113
 21.07188      114
 21.1041       115
 21.13632      116
 21.16854      118
 21.20076      119
 21.20076      120
 21.23298      121
 21.2652       122
 21.29742      123
 21.32964      124
 21.32964      125
 21.36186      126
 21.39408      128
 21.4263       129
 21.45852      130
 21.49074      131
 21.49074      131
 21.52296      132
 21.55518      133
 21.5874       134
 21.61962      135
 21.65184      136
 21.65184      136
 21.68406      137
 21.71628      138
 21.7485       138
 21.78072      139
 21.81294      139
 21.81294      139
 21.84516      140
 21.87738      140
 21.9096       141
 21.94182      141
 21.97404      142
 21.97404      142
 22.00626      142
 22.03848      143
 22.0707       143
 22.10292      143
 22.10292      143
 22.13514      143
 22.16736      143
 22.19958      143
 22.2318       143
 22.26402      143
 22.26402      143
 22.29624      143
 22.32846      142
 22.36068      142
 22.3929       142
 22.42512      141
 22.42512      141
 22.45734      141
 22.48956      140
 22.52178      140
 22.554        139
 22.58622      139
 22.58622      138
 22.61844      138
 22.65066      137
 22.68288      137
 22.7151       136
 22.74732      136
 22.77954      135
 22.81176      135
 22.84398      134
 22.8762       134
 22.8762       133
 22.90842      133
 22.94064      132
 22.97286      132
 23.00508      131
 23.0373       131
 23.0373       130
 23.06952      130
 23.10174      129
 23.13396      129
 23.16618      128
 23.16618      128
 23.1984       127
 23.23062      127
 23.26284      127
 23.29506      126
 23.32728      126
 23.32728      126
 23.3595       125
 23.39172      125
 23.42394      125
 23.45616      124
 23.45616      124
 23.48838      124
 23.5206       124
 23.55282      124
 23.58504      123
 23.58504      123
 23.61726      123
 23.64948      123
 23.6817       123
 23.71392      122
 23.71392      122
 23.74614      122
 23.77836      122
 23.81058      122
 23.8428       122
 23.87502      122
 23.87502      122
 23.90724      122
 23.93946      122
 23.97168      122
 24.0039       121
 24.0039       121
 24.03612      122
 24.06834      122
 24.10056      122
 24.13278      122
 24.13278      122
 24.165        122
 24.19722      122
 24.22944      122
 24.26166      122
 24.29388      122
 24.29388      122
 24.3261       122
 24.35832      123
 24.39054      123
 24.42276      123
 24.42276      123
 24.45498      123
 24.4872       123
 24.51942      124
 24.55164      122
 24.58386      121
 24.58386      121
 24.61608      121
 24.6483       121
 24.68052      122
 24.71274      122
 24.71274      123
 24.74496      124
 24.77718      124
 24.8094       125
 24.84162      126
 24.84162      126
 24.87384      127
 24.90606      128
 24.93828      128
 24.9705       129
 24.9705       130
 25.00272      131
 25.03494      132
 25.06716      132
 25.09938      133
 25.09938      134
 25.1316       135
 25.16382      136
 25.19604      137
 25.22826      138
 25.22826      139
 25.26048      140
 25.2927       141
 25.32492      142
 25.35714      143
 25.35714      144
 25.38936      145
 25.42158      146
 25.4538       147
 25.48602      148
 25.48602      150
 25.51824      151
 25.55046      152
 25.58268      153
 25.6149       154
 25.6149       156
 25.64712      157
 25.67934      158
 25.71156      160
 25.74378      161
 25.74378      162
 25.776        164
 25.80822      165
 25.84044      166
 25.87266      168
 25.87266      169
 25.90488      171
 25.9371       173
 25.96932      175
 26.03376      176
 26.03376      178
 26.06598      180
 26.0982       181
 26.13042      183
 26.16264      185
 26.16264      185
 26.19486      184
 26.22708      184
 26.2593       185
 26.29152      187
 26.29152      189
 26.32374      191
 26.35596      195
 26.38818      198
 26.4204       202
 26.4204       205
 26.45262      208
 26.48484      210
 26.51706      213
 26.51706      214
 26.54928      216
 26.5815       218
 26.61372      219
 26.64594      220
 26.64594      220
 26.67816      221
 26.71038      221
 26.7426       222
 26.7426       222
 26.77482      222
 26.80704      222
 26.83926      222
 26.87148      222
 26.87148      221
 26.9037       221
 26.93592      221
 26.96814      221
 27.00036      220
 27.00036      220
 27.03258      220
 27.0648       220
 27.09702      220
 27.12924      220
 27.12924      220
 27.16146      220
 27.19368      220
 27.2259       220
 27.2259       220
 27.25812      220
 27.29034      221
 27.32256      221
 27.35478      221
 27.35478      221
 27.387        222
 27.41922      222
 27.45144      222
 27.48366      223
 27.48366      223
 27.51588      223
 27.5481       224
 27.58032      224
 27.58032      225
 27.61254      225
 27.64476      225
 27.67698      226
 27.7092       226
 27.7092       226
 27.74142      227
 27.77364      227
 27.80586      227
 27.83808      228
 27.83808      228
 27.8703       228
 27.90252      229
 27.93474      229
 27.93474      229
 27.96696      230
 27.99918      230
 28.0314       230
 28.06362      231
 28.06362      231
 28.09584      231
 28.12806      232
 28.12806      232
 28.16028      232
 28.1925       233
 28.22472      233
 28.25694      233
 28.25694      234
 28.28916      234
 28.32138      234
 28.3536       234
 28.38582      234
 28.38582      234
 28.41804      234
 28.45026      235
 28.48248      235
 28.48248      235
 28.5147       235
 28.54692      235
