 0             0
 0             0
 0             0
 0             0
 0             0
 3.222e-002    0
 6.444e-002    0
 6.444e-002    0
 9.666e-002    0
 0.12888       0
 0.12888       0
 0.19332       0
 0.19332       0
 0.22554       0
 0.25776       0
 0.28998       0
 0.28998       0
 0.35442       0
 0.35442       0
 0.38664       0
 0.41886       0
 0.41886       0
 0.4833        0
 0.51552       0
 0.51552       0
 0.54774       0
 0.57996       0
 0.57996       0
 0.6444        0
 0.6444        0
 0.67662       0
 0.74106       0
 0.74106       0
 0.77328       0
 0.8055        0
 0.8055        0
 0.83772       0
 0.90216       0
 0.90216       0
 0.93438       0
 0.9666        0
 0.9666        0
 1.03104       0
 1.03104       0
 1.06326       0
 1.09548       0
 1.1277        0
 1.15992       0
 1.19214       0
 1.19214       0
 1.22436       0
 1.25658       0
 1.2888        0
 1.32102       0
 1.35324       0
 1.35324       0
 1.41768       0
 1.41768       0
 1.4499        0
 1.51434       0
 1.51434       0
 1.54656       0
 1.57878       0
 1.611         0
 1.64322       0
 1.67544       0
 1.67544       0
 1.70766       0
 1.73988       0
 1.7721        0
 1.80432       0
 1.83654       0
 1.83654       0
 1.90098       0
 1.90098       0
 1.9332        0
 1.96542       0
 1.99764       0
 2.02986       0
 2.06208       0
 2.06208       0
 2.0943        0
 2.12652       0
 2.15874       0
 2.19096       0
 2.22318       0
 2.22318       0
 2.28762       0
 2.28762       0
 2.31984       0
 2.35206       0
 2.38428       0
 2.4165        0
 2.44872       0
 2.48094       0
 2.51316       0
 2.54538       0
 2.54538       0
 2.5776        0
 2.60982       0
 2.64204       0
 2.67426       0
 2.70648       0
 2.70648       0
 2.77092       0
 2.77092       0
 2.80314       0
 2.83536       0
 2.86758       0
 2.8998        0
 2.93202       0
 2.93202       0
 2.99646       0
 3.02868       0
 3.02868       0
 3.0609        0
 3.09312       0
 3.12534       0
 3.15756       0
 3.18978       0
 3.222         0
 3.28644       0
 3.28644       0
 3.31866       0
 3.35088       0
 3.3831        0
 3.41532       0
 3.44754       0
 3.44754       0
 3.51198       0
 3.51198       0
 3.5442        0
 3.57642       0
 3.60864       0
 3.64086       0
 3.67308       0
 3.7053        1
 3.73752       1
 3.76974       1
 3.76974       1
 3.83418       1
 3.83418       2
 3.8664        2
 3.89862       2
 3.93084       2
 3.96306       3
 3.99528       3
 4.0275        3
 4.05972       4
 4.09194       4
 4.09194       4
 4.12416       5
 4.15638       5
 4.1886        5
 4.22082       5
 4.25304       6
 4.28526       6
 4.31748       7
 4.3497        7
 4.3497        7
 4.41414       8
 4.41414       8
 4.44636       9
 4.47858       9
 4.5108        10
 4.54302       10
 4.57524       10
 4.60746       11
 4.63968       11
 4.6719        12
 4.6719        13
 4.73634       13
 4.73634       14
 4.76856       14
 4.80078       15
 4.833         15
 4.86522       16
 4.89744       17
 4.92966       17
 4.96188       18
 4.9941        18
 4.9941        19
 5.02632       20
 5.05854       21
 5.09076       21
 5.12298       22
 5.1552        23
 5.18742       23
 5.21964       24
 5.25186       25
 5.25186       26
 5.3163        27
 5.3163        27
 5.34852       28
 5.38074       29
 5.41296       30
 5.44518       31
 5.4774        32
 5.50962       33
 5.54184       34
 5.57406       35
 5.57406       35
 5.60628       36
 5.6385        37
 5.67072       38
 5.70294       39
 5.73516       40
 5.76738       41
 5.7996        42
 5.83182       44
 5.86404       45
 5.89626       46
 5.89626       47
 5.92848       48
 5.9607        49
 5.99292       51
 6.02514       52
 6.05736       53
 6.08958       54
 6.1218        55
 6.15402       57
 6.18624       58
 6.21846       59
 6.21846       61
 6.25068       62
 6.2829        63
 6.31512       65
 6.34734       66
 6.37956       67
 6.41178       69
 6.444         70
 6.47622       71
 6.50844       73
 6.54066       74
 6.57288       76
 6.6051        77
 6.63732       79
 6.66954       80
 6.70176       81
 6.73398       83
 6.7662        84
 6.79842       86
 6.79842       87
 6.83064       88
 6.86286       89
 6.89508       91
 6.9273        92
 6.95952       93
 6.99174       93
 7.02396       94
 7.05618       95
 7.0884        96
 7.0884        96
 7.12062       96
 7.15284       97
 7.18506       97
 7.21728       97
 7.2495        96
 7.28172       96
 7.31394       96
 7.34616       95
 7.37838       95
 7.37838       94
 7.4106        93
 7.44282       92
 7.47504       92
 7.50726       91
 7.53948       90
 7.5717        89
 7.60392       88
 7.63614       87
 7.66836       86
 7.70058       85
 7.70058       83
 7.7328        82
 7.76502       81
 7.79724       80
 7.82946       79
 7.86168       77
 7.8939        76
 7.92612       75
 7.95834       73
 7.95834       72
 7.99056       71
 8.02278       70
 8.055         68
 8.08722       67
 8.11944       66
 8.15166       65
 8.18388       64
 8.2161        63
 8.24832       62
 8.28054       61
 8.28054       60
 8.31276       60
 8.34498       59
 8.3772        58
 8.40942       58
 8.44164       57
 8.47386       57
 8.50608       56
 8.5383        56
 8.5383        55
 8.57052       55
 8.60274       55
 8.63496       54
 8.66718       54
 8.6994        54
 8.73162       54
 8.76384       54
 8.79606       54
 8.82828       54
 8.8605        54
 8.8605        54
 8.89272       54
 8.92494       55
 8.95716       55
 8.98938       55
 9.0216        56
 9.05382       56
 9.08604       57
 9.08604       57
 9.11826       58
 9.15048       58
 9.1827        59
 9.21492       60
 9.24714       60
 9.27936       61
 9.31158       62
 9.3438        63
 9.37602       63
 9.40824       64
 9.40824       65
 9.44046       66
 9.47268       67
 9.5049        68
 9.53712       69
 9.56934       70
 9.60156       71
 9.63378       73
 9.666         74
 9.666         75
 9.69822       76
 9.76266       77
 9.79488       79
 9.8271        80
 9.85932       81
 9.89154       83
 9.92376       84
 9.92376       85
 9.95598       87
 9.9882        88
 10.02042      90
 10.05264      91
 10.08486      93
 10.11708      94
 10.1493       96
 10.18152      97
 10.18152      99
 10.21374      101
 10.24596      103
 10.27818      105
 10.3104       107
 10.34262      108
 10.37484      110
 10.40706      112
 10.40706      114
 10.43928      115
 10.4715       117
 10.50372      119
 10.53594      121
 10.56816      123
 10.60038      125
 10.6326       127
 10.66482      129
 10.66482      130
 10.69704      132
 10.72926      134
 10.76148      137
 10.7937       139
 10.82592      141
 10.85814      143
 10.89036      145
 10.92258      147
 10.9548       149
 10.9548       151
 10.98702      153
 11.01924      156
 11.05146      158
 11.08368      160
 11.1159       162
 11.14812      164
 11.18034      167
 11.21256      169
 11.21256      171
 11.24478      174
 11.277        176
 11.30922      178
 11.34144      181
 11.37366      183
 11.40588      185
 11.4381       188
 11.4381       190
 11.47032      193
 11.50254      195
 11.53476      197
 11.56698      200
 11.5992       203
 11.63142      205
 11.66364      208
 11.69586      210
 11.69586      212
 11.72808      214
 11.7603       216
 11.79252      218
 11.82474      220
 11.85696      222
 11.88918      224
 11.9214       225
 11.9214       227
 11.95362      228
 11.98584      230
 12.01806      231
 12.05028      232
 12.0825       232
 12.11472      233
 12.14694      233
 12.14694      234
 12.17916      234
 12.21138      234
 12.2436       234
 12.27582      234
 12.30804      233
 12.34026      233
 12.37248      232
 12.4047       231
 12.4047       231
 12.43692      230
 12.46914      228
 12.50136      227
 12.53358      226
 12.5658       224
 12.59802      223
 12.63024      221
 12.63024      219
 12.66246      217
 12.69468      215
 12.7269       213
 12.75912      211
 12.79134      209
 12.82356      207
 12.85578      205
 12.85578      202
 12.888        199
 12.92022      197
 12.95244      195
 13.01688      193
 13.0491       191
 13.0491       188
 13.08132      186
 13.11354      184
 13.14576      182
 13.17798      181
 13.2102       179
 13.24242      177
 13.27464      176
 13.30686      174
 13.30686      173
 13.33908      171
 13.3713       170
 13.40352      169
 13.43574      168
 13.46796      167
 13.50018      166
 13.5324       165
 13.5324       165
 13.56462      164
 13.59684      163
 13.62906      163
 13.66128      162
 13.6935       162
 13.72572      162
 13.75794      162
 13.75794      161
 13.79016      161
 13.82238      161
 13.8546       161
 13.88682      161
 13.91904      162
 13.95126      162
 13.95126      162
 13.98348      162
 14.0157       163
 14.04792      163
 14.08014      164
 14.11236      164
 14.14458      165
 14.1768       165
 14.1768       166
 14.20902      167
 14.24124      167
 14.27346      168
 14.30568      169
 14.3379       170
 14.37012      171
 14.37012      172
 14.40234      173
 14.43456      174
 14.46678      175
 14.499        176
 14.53122      177
 14.56344      178
 14.56344      179
 14.59566      181
 14.62788      182
 14.6601       183
 14.69232      185
 14.72454      186
 14.75676      188
 14.78898      189
 14.78898      191
 14.8212       192
 14.85342      194
 14.88564      195
 14.91786      197
 14.95008      199
 14.9823       201
 14.9823       203
 15.01452      205
 15.04674      207
 15.07896      209
 15.11118      211
 15.1434       213
 15.17562      215
 15.20784      217
 15.20784      219
 15.24006      221
 15.27228      223
 15.3045       225
 15.33672      227
 15.36894      230
 15.36894      232
 15.40116      234
 15.43338      237
 15.4656       239
 15.49782      242
 15.53004      244
 15.56226      247
 15.59448      249
 15.59448      252
 15.6267       254
 15.65892      257
 15.69114      260
 15.72336      262
 15.75558      265
 15.7878       268
 15.7878       270
 15.82002      273
 15.85224      276
 15.88446      278
 15.91668      281
 15.9489       284
 15.98112      287
 15.98112      290
 16.01334      292
 16.04556      295
 16.07778      298
 16.11         301
 16.14222      305
 16.17444      308
 16.17444      311
 16.20666      314
 16.2711       317
 16.30332      320
 16.33554      323
 16.36776      326
 16.36776      329
 16.39998      332
 16.4322       335
 16.46442      338
 16.49664      341
 16.52886      344
 16.56108      347
 16.56108      350
 16.5933       352
 16.62552      355
 16.65774      358
 16.68996      361
 16.72218      364
 16.72218      366
 16.7544       369
 16.78662      372
 16.81884      374
 16.85106      376
 16.88328      379
 16.9155       381
 16.9155       383
 16.94772      385
 16.97994      387
 17.01216      389
 17.04438      391
 17.0766       393
 17.10882      395
 17.10882      396
 17.14104      398
 17.17326      399
 17.20548      400
 17.2377       402
 17.26992      403
 17.26992      404
 17.30214      405
 17.33436      406
 17.36658      407
 17.3988       407
 17.43102      407
 17.43102      408
 17.46324      408
 17.49546      407
 17.52768      407
 17.5599       407
 17.59212      406
 17.62434      406
 17.62434      405
 17.65656      404
 17.68878      402
 17.721        401
 17.75322      400
 17.78544      399
 17.81766      397
 17.81766      396
 17.84988      394
 17.8821       393
 17.91432      391
 17.94654      390
 17.97876      388
 17.97876      387
 18.01098      385
 18.0432       383
 18.07542      382
 18.10764      380
 18.13986      379
 18.17208      377
 18.17208      375
 18.2043       374
 18.23652      372
 18.26874      371
 18.30096      369
 18.33318      368
 18.33318      367
 18.3654       365
 18.39762      364
 18.42984      363
 18.46206      362
 18.49428      361
 18.49428      361
 18.5265       360
 18.55872      359
 18.59094      359
 18.62316      359
 18.65538      358
 18.65538      358
 18.6876       358
 18.71982      358
 18.75204      358
 18.78426      358
 18.81648      359
 18.8487       359
 18.8487       360
 18.88092      360
 18.91314      361
 18.94536      365
 18.97758      369
 18.97758      372
 19.0098       375
 19.04202      378
 19.07424      380
 19.10646      382
 19.13868      384
 19.13868      386
 19.1709       388
 19.20312      390
 19.23534      392
 19.26756      393
 19.29978      395
 19.332        397
 19.332        399
 19.36422      401
 19.39644      403
 19.42866      405
 19.46088      407
 19.46088      409
 19.52532      410
 19.55754      412
 19.58976      414
 19.62198      416
 19.6542       418
 19.6542       419
 19.68642      421
 19.71864      423
 19.75086      425
 19.78308      426
 19.78308      428
 19.8153       429
 19.84752      431
 19.87974      432
 19.91196      432
 19.94418      433
 19.94418      433
 19.9764       433
 20.00862      432
 20.04084      431
 20.07306      430
 20.10528      428
 20.10528      426
 20.1375       424
 20.16972      422
 20.20194      419
 20.23416      416
 20.26638      413
 20.26638      410
 20.2986       408
 20.33082      405
 20.36304      401
 20.39526      399
 20.42748      396
 20.42748      394
 20.4597       392
 20.49192      390
 20.52414      388
 20.55636      387
 20.55636      386
 20.58858      386
 20.6208       385
 20.65302      385
 20.68524      385
 20.71746      385
 20.71746      385
 20.74968      386
 20.7819       386
 20.81412      387
 20.84634      388
 20.84634      389
 20.87856      390
 20.91078      391
 20.943        392
 20.97522      393
 21.00744      395
 21.00744      396
 21.03966      397
 21.07188      399
 21.1041       400
 21.13632      402
 21.16854      404
 21.16854      405
 21.20076      407
 21.23298      408
 21.2652       409
 21.29742      411
 21.29742      412
 21.32964      414
 21.36186      416
 21.39408      417
 21.4263       419
 21.45852      420
 21.45852      422
 21.49074      423
 21.52296      425
 21.55518      426
 21.5874       428
 21.5874       429
 21.61962      429
 21.65184      430
 21.68406      430
 21.71628      430
 21.7485       430
 21.7485       429
 21.78072      428
 21.81294      428
 21.84516      428
 21.87738      427
 21.87738      427
 21.9096       427
 21.94182      427
 21.97404      427
 22.00626      427
 22.03848      427
 22.03848      427
 22.0707       427
 22.10292      428
 22.13514      428
 22.16736      428
 22.19958      428
 22.19958      428
 22.2318       428
 22.26402      429
 22.29624      428
 22.32846      429
 22.32846      429
 22.36068      429
 22.3929       430
 22.42512      430
 22.45734      430
 22.48956      431
 22.48956      432
 22.52178      432
 22.554        433
 22.58622      434
 22.61844      434
 22.61844      436
 22.65066      436
 22.68288      437
 22.7151       438
 22.74732      439
 22.77954      440
 22.81176      441
 22.84398      442
 22.8762       443
 22.8762       443
 22.90842      444
 22.94064      445
 22.97286      445
 23.00508      446
 23.00508      447
 23.0373       447
 23.06952      447
 23.10174      448
 23.13396      448
 23.16618      448
 23.16618      448
 23.1984       448
 23.23062      448
 23.26284      448
 23.29506      448
 23.29506      448
 23.32728      448
 23.3595       447
 23.39172      448
 23.39172      447
 23.42394      447
 23.45616      447
 23.48838      447
 23.5206       447
 23.55282      447
 23.55282      447
 23.58504      447
 23.61726      447
 23.64948      447
 23.6817       448
 23.6817       448
 23.71392      448
 23.74614      449
 23.77836      449
 23.81058      449
 23.81058      450
 23.8428       450
 23.87502      451
 23.90724      452
 23.93946      452
 23.93946      453
 23.97168      453
 24.0039       454
 24.03612      455
 24.06834      456
 24.06834      457
 24.10056      458
 24.13278      458
 24.165        459
 24.19722      461
 24.19722      461
 24.22944      462
 24.26166      463
 24.29388      463
 24.3261       464
 24.3261       465
 24.35832      465
 24.39054      466
 24.42276      466
 24.45498      467
 24.45498      468
 24.4872       468
 24.51942      468
 24.55164      469
 24.58386      469
 24.58386      469
 24.61608      469
 24.6483       469
 24.68052      469
 24.68052      469
 24.71274      469
 24.74496      469
 24.77718      469
 24.8094       469
 24.84162      469
 24.84162      468
 24.87384      467
 24.90606      467
 24.93828      466
 24.93828      466
 24.9705       466
 25.00272      465
 25.03494      464
 25.06716      464
 25.06716      463
 25.09938      462
 25.1316       461
 25.16382      460
 25.19604      460
 25.19604      459
 25.22826      458
 25.26048      458
 25.2927       457
 25.2927       456
 25.32492      456
 25.35714      455
 25.38936      454
 25.42158      454
 25.42158      453
 25.4538       452
 25.48602      451
 25.51824      451
 25.55046      450
 25.55046      449
 25.58268      448
 25.6149       448
 25.64712      447
 25.64712      447
 25.67934      447
 25.71156      446
 25.74378      446
 25.776        446
 25.776        445
 25.80822      445
 25.84044      446
 25.87266      445
 25.90488      446
 25.90488      446
 25.9371       446
 25.96932      447
 26.03376      448
 26.03376      448
 26.06598      449
 26.0982       450
 26.13042      450
 26.16264      452
 26.16264      452
 26.19486      453
 26.22708      454
 26.2593       455
 26.2593       456
 26.29152      457
 26.32374      458
 26.35596      459
 26.35596      460
 26.38818      461
 26.4204       462
 26.45262      463
 26.48484      464
 26.48484      465
 26.51706      466
 26.54928      467
 26.5815       468
 26.5815       468
 26.61372      468
 26.64594      469
 26.67816      468
 26.71038      469
 26.71038      468
 26.7426       468
 26.77482      467
 26.80704      466
 26.80704      465
 26.83926      465
 26.87148      463
 26.9037       462
 26.93592      461
 26.93592      459
 26.96814      458
 27.00036      457
 27.03258      455
 27.0648       454
 27.0648       453
 27.09702      451
 27.12924      450
 27.16146      449
 27.16146      448
 27.19368      448
 27.2259       446
 27.25812      446
 27.25812      446
 27.29034      445
 27.32256      445
 27.35478      445
 27.35478      445
 27.387        445
 27.41922      445
 27.45144      445
 27.48366      445
 27.48366      446
 27.51588      446
 27.5481       446
 27.58032      446
 27.58032      447
 27.61254      448
 27.64476      448
 27.67698      448
 27.7092       449
 27.7092       449
 27.74142      450
 27.77364      451
 27.77364      451
 27.80586      451
 27.83808      452
 27.8703       452
 27.90252      453
 27.90252      453
 27.93474      454
 27.96696      455
 27.99918      455
 27.99918      455
 28.0314       456
 28.06362      456
 28.09584      457
 28.09584      458
 28.12806      458
