 0             0
 0             0
 0             0
 0             0
 0             0
 6.444e-002    0
 9.666e-002    0
 9.666e-002    0
 0.12888       0
 0.1611        0
 0.1611        0
 0.22554       0
 0.22554       0
 0.25776       0
 0.3222        0
 0.3222        0
 0.3222        0
 0.38664       0
 0.38664       0
 0.41886       0
 0.45108       0
 0.45108       0
 0.51552       0
 0.54774       0
 0.54774       0
 0.57996       0
 0.61218       0
 0.61218       0
 0.67662       0
 0.67662       0
 0.70884       0
 0.77328       0
 0.77328       0
 0.8055        0
 0.83772       0
 0.83772       0
 0.90216       0
 0.90216       0
 0.93438       0
 0.9666        0
 0.99882       0
 0.99882       0
 1.06326       0
 1.06326       0
 1.09548       0
 1.15992       0
 1.15992       0
 1.19214       0
 1.22436       0
 1.22436       0
 1.2888        0
 1.2888        0
 1.32102       0
 1.35324       0
 1.38546       0
 1.41768       0
 1.4499        0
 1.4499        0
 1.51434       0
 1.51434       0
 1.54656       0
 1.57878       0
 1.611         0
 1.611         0
 1.67544       0
 1.67544       0
 1.70766       0
 1.73988       0
 1.7721        0
 1.80432       0
 1.83654       0
 1.83654       0
 1.90098       0
 1.90098       0
 1.9332        0
 1.96542       0
 1.99764       0
 2.02986       0
 2.06208       0
 2.06208       0
 2.0943        0
 2.15874       0
 2.15874       0
 2.19096       0
 2.22318       0
 2.2554        0
 2.28762       0
 2.31984       0
 2.31984       0
 2.38428       0
 2.38428       0
 2.4165        0
 2.44872       0
 2.48094       0
 2.51316       0
 2.54538       0
 2.54538       0
 2.5776        0
 2.60982       0
 2.64204       0
 2.67426       0
 2.70648       0
 2.70648       0
 2.77092       0
 2.77092       0
 2.80314       0
 2.83536       0
 2.86758       0
 2.8998        0
 2.93202       0
 2.93202       0
 2.99646       0
 3.02868       0
 3.02868       0
 3.0609        0
 3.09312       0
 3.12534       0
 3.15756       0
 3.18978       0
 3.18978       0
 3.25422       0
 3.28644       0
 3.31866       0
 3.35088       0
 3.3831        0
 3.3831        0
 3.44754       0
 3.44754       0
 3.47976       0
 3.51198       0
 3.5442        1
 3.57642       1
 3.60864       1
 3.60864       1
 3.67308       1
 3.67308       1
 3.7053        1
 3.73752       1
 3.76974       2
 3.80196       2
 3.83418       2
 3.83418       2
 3.89862       2
 3.89862       3
 3.93084       3
 3.96306       3
 3.99528       3
 4.0275        4
 4.05972       4
 4.09194       4
 4.09194       5
 4.15638       5
 4.15638       5
 4.1886        5
 4.22082       6
 4.25304       6
 4.28526       6
 4.31748       7
 4.3497        7
 4.38192       7
 4.38192       8
 4.41414       8
 4.44636       8
 4.47858       9
 4.5108        9
 4.54302       10
 4.57524       10
 4.60746       11
 4.63968       11
 4.63968       12
 4.6719        12
 4.70412       12
 4.73634       13
 4.76856       14
 4.80078       14
 4.833         15
 4.86522       15
 4.89744       16
 4.89744       16
 4.96188       17
 4.96188       17
 4.9941        18
 5.02632       19
 5.05854       19
 5.09076       20
 5.12298       21
 5.1552        21
 5.18742       22
 5.18742       23
 5.21964       24
 5.25186       24
 5.28408       25
 5.3163        26
 5.34852       27
 5.38074       27
 5.41296       28
 5.44518       29
 5.44518       30
 5.4774        31
 5.50962       32
 5.54184       33
 5.57406       34
 5.60628       34
 5.6385        36
 5.67072       37
 5.70294       37
 5.70294       39
 5.76738       40
 5.76738       41
 5.7996        42
 5.83182       43
 5.86404       44
 5.89626       45
 5.92848       46
 5.9607        48
 5.99292       49
 5.99292       50
 6.02514       52
 6.05736       53
 6.08958       54
 6.1218        56
 6.15402       57
 6.18624       58
 6.21846       60
 6.25068       61
 6.25068       62
 6.31512       64
 6.31512       65
 6.34734       67
 6.37956       68
 6.41178       70
 6.444         71
 6.50844       73
 6.50844       74
 6.54066       76
 6.57288       77
 6.6051        79
 6.63732       80
 6.66954       81
 6.70176       83
 6.73398       84
 6.7662        85
 6.7662        87
 6.83064       88
 6.83064       89
 6.86286       90
 6.89508       91
 6.9273        91
 6.95952       92
 6.99174       92
 7.02396       93
 7.05618       93
 7.0884        93
 7.0884        93
 7.12062       93
 7.15284       93
 7.18506       93
 7.21728       92
 7.2495        92
 7.28172       91
 7.31394       91
 7.31394       90
 7.34616       89
 7.37838       88
 7.4106        87
 7.44282       86
 7.47504       85
 7.50726       84
 7.53948       83
 7.5717        82
 7.60392       81
 7.63614       80
 7.63614       79
 7.66836       77
 7.70058       76
 7.7328        75
 7.76502       74
 7.79724       72
 7.82946       71
 7.86168       70
 7.8939        68
 7.8939        67
 7.92612       66
 7.95834       65
 7.99056       64
 8.02278       63
 8.055         61
 8.08722       60
 8.11944       59
 8.15166       58
 8.15166       57
 8.18388       56
 8.2161        55
 8.24832       55
 8.28054       54
 8.31276       53
 8.34498       52
 8.3772        51
 8.3772        51
 8.40942       50
 8.44164       50
 8.47386       49
 8.50608       49
 8.5383        48
 8.57052       48
 8.60274       48
 8.63496       47
 8.63496       47
 8.6994        47
 8.6994        47
 8.73162       47
 8.76384       47
 8.79606       47
 8.82828       47
 8.8605        47
 8.89272       48
 8.92494       48
 8.92494       48
 8.95716       49
 8.98938       49
 9.0216        49
 9.05382       50
 9.08604       50
 9.11826       51
 9.15048       52
 9.1827        52
 9.1827        53
 9.21492       54
 9.24714       54
 9.27936       55
 9.31158       56
 9.3438        57
 9.37602       58
 9.40824       59
 9.40824       60
 9.44046       61
 9.47268       62
 9.5049        63
 9.53712       64
 9.56934       66
 9.60156       67
 9.63378       68
 9.666         69
 9.666         71
 9.69822       72
 9.76266       73
 9.79488       75
 9.8271        76
 9.85932       78
 9.89154       79
 9.92376       81
 9.92376       82
 9.95598       84
 9.9882        86
 10.02042      87
 10.05264      89
 10.08486      91
 10.11708      93
 10.1493       95
 10.1493       96
 10.18152      99
 10.21374      101
 10.24596      103
 10.27818      105
 10.3104       107
 10.34262      109
 10.37484      111
 10.40706      113
 10.40706      116
 10.43928      118
 10.4715       120
 10.50372      122
 10.53594      125
 10.56816      127
 10.60038      129
 10.6326       131
 10.6326       134
 10.66482      136
 10.69704      139
 10.72926      141
 10.76148      144
 10.7937       146
 10.82592      149
 10.85814      151
 10.89036      154
 10.89036      157
 10.92258      159
 10.9548       162
 10.98702      165
 11.01924      167
 11.05146      170
 11.08368      173
 11.1159       176
 11.1159       178
 11.14812      181
 11.18034      184
 11.21256      187
 11.24478      190
 11.277        193
 11.30922      196
 11.34144      199
 11.34144      202
 11.37366      205
 11.40588      208
 11.4381       211
 11.47032      213
 11.50254      216
 11.53476      218
 11.56698      221
 11.56698      223
 11.5992       225
 11.63142      227
 11.66364      229
 11.69586      230
 11.72808      232
 11.7603       233
 11.7603       234
 11.79252      235
 11.82474      235
 11.85696      235
 11.88918      235
 11.9214       234
 11.95362      234
 11.98584      233
 11.98584      231
 12.01806      230
 12.05028      228
 12.0825       225
 12.11472      223
 12.14694      221
 12.17916      218
 12.21138      216
 12.2436       213
 12.2436       210
 12.27582      207
 12.30804      204
 12.34026      200
 12.37248      197
 12.4047       193
 12.43692      190
 12.43692      187
 12.46914      184
 12.50136      180
 12.53358      177
 12.5658       173
 12.59802      170
 12.63024      166
 12.66246      163
 12.66246      159
 12.69468      156
 12.7269       153
 12.75912      149
 12.79134      146
 12.82356      143
 12.85578      140
 12.888        137
 12.888        134
 12.92022      131
 12.95244      129
 13.01688      126
 13.0491       124
 13.08132      122
 13.08132      119
 13.11354      117
 13.14576      115
 13.17798      113
 13.2102       111
 13.24242      110
 13.27464      108
 13.27464      106
 13.30686      105
 13.33908      103
 13.3713       102
 13.40352      101
 13.43574      99
 13.46796      98
 13.50018      97
 13.50018      97
 13.5324       96
 13.56462      95
 13.59684      95
 13.62906      94
 13.66128      94
 13.6935       94
 13.72572      94
 13.72572      94
 13.75794      94
 13.79016      94
 13.82238      94
 13.8546       94
 13.88682      95
 13.91904      95
 13.91904      96
 13.95126      96
 13.98348      97
 14.0157       98
 14.04792      98
 14.08014      100
 14.11236      101
 14.11236      102
 14.14458      104
 14.1768       104
 14.20902      105
 14.24124      107
 14.27346      108
 14.30568      109
 14.30568      111
 14.3379       112
 14.37012      114
 14.40234      115
 14.43456      117
 14.46678      119
 14.499        120
 14.499        122
 14.53122      124
 14.56344      126
 14.59566      128
 14.62788      130
 14.6601       132
 14.6601       134
 14.69232      136
 14.72454      138
 14.75676      140
 14.78898      143
 14.8212       145
 14.85342      147
 14.88564      150
 14.88564      152
 14.91786      155
 14.95008      157
 14.9823       159
 15.01452      162
 15.04674      164
 15.04674      167
 15.07896      170
 15.11118      172
 15.1434       175
 15.17562      178
 15.20784      181
 15.24006      184
 15.27228      186
 15.27228      189
 15.3045       192
 15.33672      195
 15.36894      198
 15.40116      202
 15.43338      205
 15.43338      208
 15.4656       211
 15.49782      214
 15.53004      218
 15.56226      221
 15.59448      224
 15.6267       227
 15.6267       231
 15.65892      234
 15.69114      238
 15.72336      241
 15.75558      244
 15.7878       248
 15.82002      251
 15.82002      255
 15.85224      259
 15.88446      262
 15.91668      263
 15.9489       265
 15.98112      268
 15.98112      271
 16.01334      275
 16.04556      278
 16.07778      282
 16.11         286
 16.14222      289
 16.17444      293
 16.17444      297
 16.20666      300
 16.2711       305
 16.30332      308
 16.33554      312
 16.36776      315
 16.36776      319
 16.39998      322
 16.4322       325
 16.46442      328
 16.49664      331
 16.52886      334
 16.52886      336
 16.56108      339
 16.5933       341
 16.62552      343
 16.65774      345
 16.68996      346
 16.68996      348
 16.72218      349
 16.7544       350
 16.78662      350
 16.81884      351
 16.85106      351
 16.85106      351
 16.88328      350
 16.9155       349
 16.94772      349
 16.97994      347
 17.01216      346
 17.04438      345
 17.04438      342
 17.0766       340
 17.10882      338
 17.14104      335
 17.17326      332
 17.20548      329
 17.20548      326
 17.2377       323
 17.26992      320
 17.30214      316
 17.33436      312
 17.36658      308
 17.36658      304
 17.3988       300
 17.43102      295
 17.46324      291
 17.49546      287
 17.52768      282
 17.5599       277
 17.5599       272
 17.59212      267
 17.62434      262
 17.65656      257
 17.68878      253
 17.721        248
 17.721        244
 17.75322      239
 17.78544      235
 17.81766      231
 17.84988      227
 17.8821       223
 17.8821       219
 17.91432      216
 17.94654      212
 17.97876      209
 18.01098      206
 18.0432       202
 18.0432       199
 18.07542      196
 18.10764      193
 18.13986      190
 18.17208      188
 18.2043       185
 18.2043       183
 18.23652      181
 18.26874      178
 18.30096      176
 18.33318      175
 18.3654       173
 18.3654       171
 18.39762      170
 18.42984      168
 18.46206      167
 18.49428      166
 18.5265       165
 18.5265       164
 18.55872      163
 18.59094      162
 18.62316      162
 18.65538      161
 18.6876       160
 18.6876       160
 18.71982      160
 18.75204      160
 18.78426      159
 18.81648      159
 18.8487       159
 18.8487       159
 18.88092      159
 18.91314      160
 18.94536      160
 18.97758      160
 19.0098       161
 19.0098       161
 19.04202      162
 19.07424      163
 19.10646      164
 19.13868      165
 19.1709       166
 19.1709       167
 19.20312      168
 19.23534      169
 19.26756      170
 19.29978      171
 19.332        173
 19.332        174
 19.36422      176
 19.39644      177
 19.42866      178
 19.46088      180
 19.4931       182
 19.52532      184
 19.55754      185
 19.58976      187
 19.62198      189
 19.6542       191
 19.6542       193
 19.68642      195
 19.71864      197
 19.75086      200
 19.78308      203
 19.78308      205
 19.8153       207
 19.84752      210
 19.87974      212
 19.91196      215
 19.94418      217
 19.94418      220
 19.9764       222
 20.00862      225
 20.04084      228
 20.07306      231
 20.10528      233
 20.10528      236
 20.1375       240
 20.16972      242
 20.20194      245
 20.23416      248
 20.23416      251
 20.26638      254
 20.2986       257
 20.33082      260
 20.36304      264
 20.39526      267
 20.39526      270
 20.42748      273
 20.4597       277
 20.49192      280
 20.52414      284
 20.55636      287
 20.55636      291
 20.58858      294
 20.6208       298
 20.65302      301
 20.68524      306
 20.68524      309
 20.71746      313
 20.74968      317
 20.7819       320
 20.81412      324
 20.84634      328
 20.84634      331
 20.87856      335
 20.91078      339
 20.943        343
 20.97522      347
 20.97522      351
 21.00744      355
 21.03966      358
 21.07188      362
 21.1041       366
 21.13632      370
 21.13632      374
 21.16854      377
 21.20076      381
 21.23298      384
 21.2652       388
 21.2652       391
 21.29742      395
 21.32964      398
 21.36186      401
 21.39408      405
 21.4263       408
 21.4263       411
 21.45852      414
 21.49074      417
 21.52296      419
 21.52296      422
 21.55518      424
 21.5874       426
 21.61962      428
 21.65184      430
 21.68406      432
 21.68406      433
 21.71628      434
 21.7485       436
 21.78072      437
 21.81294      437
 21.81294      438
 21.84516      439
 21.87738      439
 21.9096       440
 21.94182      440
 21.94182      439
 21.97404      439
 22.00626      439
 22.03848      438
 22.0707       437
 22.10292      436
 22.10292      435
 22.13514      433
 22.16736      432
 22.19958      430
 22.2318       428
 22.2318       425
 22.26402      423
 22.29624      421
 22.32846      418
 22.36068      415
 22.3929       411
 22.3929       407
 22.42512      404
 22.45734      398
 22.48956      395
 22.52178      391
 22.52178      386
 22.554        382
 22.58622      378
 22.61844      374
 22.65066      370
 22.65066      365
 22.68288      361
 22.7151       357
 22.77954      353
 22.77954      350
 22.81176      345
 22.84398      341
 22.8762       337
 22.90842      333
 22.90842      329
 22.94064      326
 22.97286      322
 23.00508      318
 23.0373       315
 23.0373       311
 23.06952      308
 23.10174      305
 23.13396      301
 23.16618      298
 23.16618      295
 23.1984       292
 23.23062      289
 23.26284      287
 23.29506      284
 23.29506      282
 23.32728      280
 23.3595       277
 23.39172      276
 23.42394      273
 23.42394      271
 23.45616      269
 23.48838      266
 23.5206       264
 23.55282      262
 23.55282      261
 23.58504      260
 23.61726      258
 23.64948      257
 23.6817       256
 23.6817       255
 23.71392      254
 23.74614      254
 23.77836      253
 23.81058      253
 23.81058      252
 23.8428       252
 23.87502      251
 23.90724      251
 23.93946      251
 23.93946      251
 23.97168      251
 24.0039       251
 24.03612      251
 24.06834      251
 24.06834      251
 24.10056      252
 24.13278      252
 24.165        252
 24.19722      253
 24.19722      253
 24.22944      254
 24.26166      254
 24.29388      254
 24.3261       255
 24.3261       256
 24.35832      257
 24.39054      258
 24.42276      259
 24.42276      260
 24.45498      261
 24.4872       262
 24.51942      263
 24.55164      265
 24.55164      266
 24.58386      268
 24.61608      269
 24.6483       271
 24.68052      272
 24.68052      274
 24.71274      276
 24.74496      278
 24.77718      279
 24.8094       281
 24.8094       283
 24.84162      285
 24.87384      287
 24.90606      290
 24.90606      292
 24.93828      293
 24.9705       294
 25.00272      295
 25.03494      297
 25.03494      299
 25.06716      303
 25.09938      305
 25.1316       308
 25.1316       311
 25.16382      314
 25.19604      316
 25.22826      319
 25.26048      322
 25.26048      324
 25.2927       327
 25.32492      330
 25.35714      333
 25.38936      337
 25.38936      340
 25.42158      343
 25.4538       346
 25.48602      350
 25.51824      353
 25.51824      356
 25.55046      360
 25.58268      364
 25.6149       367
 25.6149       370
 25.64712      374
 25.67934      378
 25.71156      382
 25.74378      385
 25.74378      389
 25.776        392
 25.80822      396
 25.84044      400
 25.87266      404
 25.87266      408
 25.90488      411
 25.9371       415
 25.96932      418
 25.96932      422
 26.03376      426
 26.06598      429
 26.06598      433
 26.0982       437
 26.13042      440
 26.16264      444
 26.19486      447
 26.19486      451
 26.22708      454
 26.2593       458
 26.29152      461
 26.32374      464
 26.32374      468
 26.35596      471
 26.38818      474
 26.4204       477
 26.4204       480
 26.45262      483
 26.48484      486
 26.51706      489
 26.54928      492
 26.54928      495
 26.5815       497
 26.61372      500
 26.64594      503
 26.64594      506
 26.67816      508
 26.71038      510
 26.7426       512
 26.77482      514
 26.77482      516
 26.80704      518
 26.83926      520
 26.87148      521
 26.87148      523
 26.9037       524
 26.93592      526
 26.96814      527
 26.96814      528
 27.00036      529
 27.03258      529
 27.0648       530
 27.0648       530
 27.09702      531
 27.12924      531
 27.16146      531
 27.19368      531
 27.19368      531
 27.2259       531
 27.25812      530
 27.29034      530
 27.29034      529
 27.32256      528
 27.35478      527
 27.387        526
 27.41922      525
 27.41922      524
 27.45144      522
 27.48366      521
 27.51588      520
 27.51588      518
 27.5481       516
 27.58032      514
 27.61254      512
 27.61254      510
 27.64476      509
 27.67698      506
 27.7092       505
 27.74142      502
 27.74142      499
 27.77364      497
 27.80586      495
 27.80586      492
 27.83808      490
 27.8703       488
 27.90252      485
 27.93474      483
 27.93474      480
 27.96696      478
