 0             0
 0             0
 0             0
 0             0
 0             0
 3.222e-002    0
 6.444e-002    0
 6.444e-002    0
 9.666e-002    0
 0.12888       0
 0.1611        0
 0.19332       0
 0.22554       0
 0.22554       0
 0.28998       0
 0.28998       0
 0.3222        0
 0.38664       0
 0.38664       0
 0.41886       0
 0.45108       0
 0.45108       0
 0.51552       0
 0.54774       0
 0.54774       0
 0.57996       0
 0.61218       0
 0.6444        0
 0.67662       0
 0.70884       0
 0.74106       0
 0.77328       0
 0.77328       0
 0.8055        0
 0.86994       0
 0.86994       0
 0.90216       0
 0.93438       0
 0.9666        0
 0.99882       0
 1.03104       0
 1.03104       0
 1.09548       0
 1.09548       0
 1.1277        0
 1.19214       0
 1.19214       0
 1.22436       0
 1.25658       0
 1.2888        0
 1.32102       0
 1.35324       0
 1.35324       0
 1.41768       0
 1.4499        0
 1.4499        0
 1.51434       0
 1.51434       0
 1.54656       0
 1.57878       0
 1.611         0
 1.64322       0
 1.67544       0
 1.70766       0
 1.73988       0
 1.7721        0
 1.7721        0
 1.83654       0
 1.83654       0
 1.86876       0
 1.9332        0
 1.9332        0
 1.96542       0
 1.99764       0
 2.02986       0
 2.06208       0
 2.0943        0
 2.0943        0
 2.15874       0
 2.19096       0
 2.19096       0
 2.2554        0
 2.2554        0
 2.28762       0
 2.31984       0
 2.35206       0
 2.38428       0
 2.4165        0
 2.44872       0
 2.48094       0
 2.51316       0
 2.51316       0
 2.5776        0
 2.5776        0
 2.60982       0
 2.67426       0
 2.67426       0
 2.70648       0
 2.7387        0
 2.77092       0
 2.80314       0
 2.83536       0
 2.86758       0
 2.8998        0
 2.93202       0
 2.93202       0
 2.99646       0
 2.99646       0
 3.02868       0
 3.0609        0
 3.09312       0
 3.12534       0
 3.15756       0
 3.18978       0
 3.25422       0
 3.28644       0
 3.28644       0
 3.35088       0
 3.3831        0
 3.3831        0
 3.44754       0
 3.44754       0
 3.47976       0
 3.51198       0
 3.5442        0
 3.57642       0
 3.60864       0
 3.64086       0
 3.67308       0
 3.7053        0
 3.73752       0
 3.76974       0
 3.80196       0
 3.80196       0
 3.8664        0
 3.8664        0
 3.89862       0
 3.93084       0
 3.96306       0
 3.99528       0
 4.0275        0
 4.05972       0
 4.09194       0
 4.12416       0
 4.15638       0
 4.1886        0
 4.22082       0
 4.25304       0
 4.28526       0
 4.31748       0
 4.31748       1
 4.38192       1
 4.38192       1
 4.41414       1
 4.44636       1
 4.47858       1
 4.5108        2
 4.54302       2
 4.57524       2
 4.60746       2
 4.63968       2
 4.6719        2
 4.70412       3
 4.73634       3
 4.76856       3
 4.80078       3
 4.833         3
 4.833         4
 4.89744       4
 4.89744       4
 4.92966       4
 4.96188       4
 4.9941        5
 5.02632       5
 5.05854       5
 5.09076       5
 5.12298       6
 5.1552        6
 5.18742       6
 5.21964       6
 5.25186       7
 5.28408       7
 5.3163        7
 5.34852       8
 5.38074       8
 5.41296       8
 5.41296       8
 5.4774        9
 5.4774        9
 5.50962       9
 5.54184       10
 5.57406       10
 5.60628       10
 5.6385        11
 5.67072       11
 5.70294       11
 5.73516       12
 5.76738       12
 5.7996        12
 5.83182       13
 5.86404       13
 5.89626       13
 5.92848       14
 5.92848       14
 5.99292       14
 5.99292       15
 6.02514       15
 6.05736       16
 6.08958       16
 6.1218        16
 6.15402       17
 6.18624       17
 6.21846       18
 6.25068       18
 6.2829        18
 6.31512       19
 6.34734       19
 6.37956       20
 6.41178       20
 6.444         21
 6.47622       21
 6.50844       22
 6.54066       22
 6.57288       23
 6.6051        23
 6.63732       23
 6.66954       24
 6.70176       24
 6.73398       25
 6.7662        25
 6.79842       26
 6.83064       26
 6.86286       27
 6.89508       27
 6.89508       28
 6.95952       28
 6.95952       29
 6.99174       29
 7.02396       29
 7.05618       30
 7.0884        30
 7.12062       30
 7.15284       31
 7.18506       31
 7.21728       31
 7.2495        31
 7.28172       32
 7.31394       32
 7.34616       32
 7.37838       32
 7.37838       32
 7.4106        32
 7.44282       32
 7.47504       32
 7.50726       32
 7.53948       32
 7.5717        32
 7.60392       32
 7.63614       32
 7.66836       32
 7.70058       32
 7.7328        32
 7.76502       32
 7.79724       32
 7.82946       32
 7.86168       31
 7.8939        31
 7.8939        31
 7.92612       31
 7.95834       31
 7.99056       30
 8.02278       30
 8.055         30
 8.08722       30
 8.11944       29
 8.15166       29
 8.18388       29
 8.2161        29
 8.24832       29
 8.28054       28
 8.31276       28
 8.31276       28
 8.34498       28
 8.3772        28
 8.40942       28
 8.44164       28
 8.47386       28
 8.50608       27
 8.5383        27
 8.57052       27
 8.60274       27
 8.63496       27
 8.66718       27
 8.6994        27
 8.73162       27
 8.76384       27
 8.79606       27
 8.79606       27
 8.82828       27
 8.8605        28
 8.89272       28
 8.92494       28
 8.95716       28
 8.98938       28
 9.0216        28
 9.05382       28
 9.08604       28
 9.11826       29
 9.15048       29
 9.1827        29
 9.21492       29
 9.21492       29
 9.24714       30
 9.27936       30
 9.31158       30
 9.3438        30
 9.37602       31
 9.40824       31
 9.44046       31
 9.47268       32
 9.5049        32
 9.53712       32
 9.56934       32
 9.60156       33
 9.63378       33
 9.63378       34
 9.666         34
 9.69822       34
 9.76266       35
 9.79488       35
 9.8271        35
 9.85932       36
 9.89154       36
 9.92376       37
 9.95598       37
 9.9882        38
 10.02042      38
 10.02042      38
 10.05264      39
 10.08486      39
 10.11708      40
 10.1493       40
 10.18152      41
 10.21374      41
 10.24596      42
 10.27818      42
 10.3104       43
 10.34262      43
 10.37484      44
 10.37484      44
 10.40706      45
 10.43928      45
 10.4715       46
 10.50372      46
 10.53594      47
 10.56816      48
 10.60038      48
 10.6326       49
 10.66482      49
 10.69704      50
 10.72926      50
 10.76148      51
 10.76148      52
 10.7937       52
 10.82592      53
 10.85814      53
 10.89036      54
 10.92258      55
 10.9548       55
 10.98702      56
 11.01924      57
 11.05146      57
 11.08368      58
 11.1159       59
 11.1159       59
 11.14812      60
 11.18034      61
 11.21256      61
 11.24478      62
 11.277        63
 11.30922      63
 11.34144      64
 11.37366      65
 11.40588      65
 11.4381       66
 11.4381       67
 11.47032      68
 11.50254      68
 11.53476      69
 11.56698      70
 11.5992       71
 11.63142      71
 11.66364      72
 11.69586      73
 11.72808      74
 11.7603       74
 11.79252      75
 11.82474      76
 11.82474      77
 11.85696      77
 11.88918      78
 11.9214       79
 11.95362      79
 11.98584      80
 12.01806      81
 12.05028      81
 12.0825       82
 12.11472      83
 12.14694      83
 12.14694      84
 12.17916      84
 12.21138      85
 12.2436       85
 12.27582      86
 12.30804      86
 12.34026      87
 12.37248      87
 12.4047       87
 12.43692      88
 12.46914      88
 12.46914      88
 12.50136      89
 12.53358      89
 12.5658       89
 12.59802      89
 12.63024      90
 12.66246      90
 12.69468      90
 12.7269       90
 12.75912      90
 12.79134      90
 12.82356      90
 12.82356      90
 12.85578      90
 12.888        90
 12.92022      90
 12.95244      90
 13.01688      90
 13.0491       90
 13.08132      90
 13.08132      90
 13.11354      89
 13.14576      89
 13.17798      89
 13.2102       89
 13.24242      89
 13.27464      89
 13.30686      89
 13.33908      89
 13.3713       89
 13.40352      90
 13.40352      90
 13.43574      90
 13.46796      90
 13.50018      90
 13.5324       90
 13.56462      90
 13.59684      90
 13.62906      90
 13.66128      91
 13.6935       91
 13.72572      91
 13.72572      91
 13.75794      91
 13.79016      92
 13.82238      92
 13.8546       92
 13.88682      93
 13.91904      93
 13.95126      93
 13.98348      94
 13.98348      94
 14.0157       94
 14.04792      95
 14.08014      95
 14.11236      96
 14.14458      96
 14.1768       96
 14.20902      97
 14.24124      97
 14.27346      98
 14.30568      98
 14.30568      98
 14.3379       99
 14.37012      99
 14.40234      101
 14.43456      101
 14.46678      102
 14.499        102
 14.53122      103
 14.53122      103
 14.56344      104
 14.59566      104
 14.62788      105
 14.6601       105
 14.69232      106
 14.72454      106
 14.75676      107
 14.78898      107
 14.8212       108
 14.85342      108
 14.85342      109
 14.88564      110
 14.91786      110
 14.95008      111
 14.9823       111
 15.01452      112
 15.04674      113
 15.07896      113
 15.11118      114
 15.11118      115
 15.1434       116
 15.17562      116
 15.20784      117
 15.24006      118
 15.27228      119
 15.3045       119
 15.33672      120
 15.36894      121
 15.36894      122
 15.40116      123
 15.43338      124
 15.4656       125
 15.49782      126
 15.53004      127
 15.56226      128
 15.59448      129
 15.59448      129
 15.6267       131
 15.65892      132
 15.69114      133
 15.72336      134
 15.75558      135
 15.7878       137
 15.82002      138
 15.85224      139
 15.85224      141
 15.88446      142
 15.91668      143
 15.9489       145
 15.98112      146
 16.01334      147
 16.04556      149
 16.07778      150
 16.11         151
 16.11         153
 16.14222      154
 16.17444      155
 16.20666      156
 16.2711       158
 16.30332      159
 16.33554      160
 16.33554      161
 16.36776      162
 16.39998      163
 16.4322       164
 16.46442      165
 16.49664      166
 16.52886      167
 16.56108      168
 16.5933       169
 16.5933       170
 16.62552      171
 16.65774      172
 16.68996      172
 16.72218      173
 16.7544       174
 16.78662      175
 16.81884      176
 16.81884      177
 16.85106      178
 16.88328      179
 16.9155       180
 16.94772      181
 16.97994      182
 17.01216      182
 17.04438      183
 17.04438      183
 17.0766       183
 17.10882      184
 17.14104      184
 17.17326      184
 17.20548      185
 17.2377       185
 17.26992      185
 17.30214      186
 17.30214      186
 17.33436      187
 17.36658      187
 17.3988       188
 17.43102      188
 17.46324      189
 17.49546      189
 17.52768      190
 17.52768      190
 17.5599       191
 17.59212      191
 17.62434      192
 17.65656      192
 17.68878      193
 17.721        193
 17.721        194
 17.75322      194
 17.78544      195
 17.81766      195
 17.84988      196
 17.8821       196
 17.91432      197
 17.94654      197
 17.94654      198
 17.97876      198
 18.01098      198
 18.0432       199
 18.07542      199
 18.10764      199
 18.13986      200
 18.17208      200
 18.17208      200
 18.2043       200
 18.23652      200
 18.26874      200
 18.30096      200
 18.33318      199
 18.3654       199
 18.39762      199
 18.39762      199
 18.42984      199
 18.46206      199
 18.49428      198
 18.5265       198
 18.55872      198
 18.59094      198
 18.59094      197
 18.62316      197
 18.65538      197
 18.6876       197
 18.71982      196
 18.75204      196
 18.78426      196
 18.78426      195
 18.81648      195
 18.8487       195
 18.88092      194
 18.91314      194
 18.94536      193
 18.97758      193
 19.0098       192
 19.0098       192
 19.04202      191
 19.07424      191
 19.10646      190
 19.13868      190
 19.1709       190
 19.20312      189
 19.20312      189
 19.23534      189
 19.26756      189
 19.29978      189
 19.332        189
 19.36422      189
 19.39644      190
 19.39644      190
 19.42866      190
 19.46088      190
 19.52532      191
 19.55754      191
 19.58976      192
 19.62198      192
 19.62198      192
 19.6542       193
 19.68642      194
 19.71864      194
 19.75086      195
 19.78308      195
 19.8153       196
 19.8153       197
 19.84752      198
 19.87974      199
 19.91196      199
 19.94418      200
 19.9764       200
 20.00862      202
 20.00862      202
 20.04084      202
 20.07306      202
 20.10528      202
 20.1375       202
 20.16972      202
 20.20194      202
 20.20194      200
 20.23416      199
 20.26638      199
 20.2986       198
 20.33082      197
 20.36304      196
 20.39526      195
 20.39526      194
 20.42748      193
 20.4597       192
 20.49192      191
 20.52414      190
 20.55636      189
 20.58858      189
 20.58858      188
 20.6208       188
 20.65302      187
 20.68524      187
 20.71746      186
 20.74968      186
 20.7819       186
 20.7819       186
 20.81412      186
 20.84634      186
 20.87856      186
 20.91078      186
 20.943        186
 20.97522      186
 20.97522      187
 21.00744      187
 21.03966      187
 21.07188      188
 21.1041       188
 21.13632      188
 21.13632      189
 21.16854      189
 21.20076      190
 21.23298      190
 21.2652       191
 21.29742      191
 21.29742      192
 21.32964      192
 21.36186      193
 21.39408      193
 21.4263       194
 21.45852      195
 21.49074      195
 21.49074      196
 21.52296      197
 21.55518      198
 21.5874       199
 21.61962      200
 21.65184      200
 21.68406      202
 21.68406      203
 21.71628      204
 21.7485       205
 21.78072      205
 21.81294      206
 21.84516      208
 21.84516      208
 21.87738      209
 21.9096       210
 21.94182      211
 21.97404      212
 22.00626      213
 22.00626      214
 22.03848      215
 22.0707       216
 22.10292      217
 22.13514      218
 22.16736      219
 22.19958      219
 22.19958      220
 22.2318       221
 22.26402      222
 22.29624      223
 22.32846      223
 22.36068      224
 22.36068      225
 22.3929       226
 22.42512      227
 22.45734      227
 22.48956      228
 22.52178      229
 22.52178      229
 22.554        230
 22.58622      231
 22.61844      232
 22.65066      232
 22.68288      233
 22.7151       234
 22.74732      235
 22.77954      236
 22.81176      236
 22.84398      237
 22.8762       238
 22.8762       239
 22.90842      240
 22.94064      240
 22.97286      241
 23.00508      242
 23.0373       242
 23.0373       243
 23.06952      244
 23.10174      244
 23.13396      244
 23.16618      245
 23.1984       245
 23.1984       246
 23.23062      246
 23.26284      246
 23.29506      247
 23.32728      247
 23.3595       247
 23.3595       248
 23.39172      248
 23.42394      248
 23.45616      248
 23.48838      246
 23.5206       246
 23.5206       246
 23.55282      246
 23.58504      247
 23.61726      247
 23.64948      247
 23.6817       248
 23.6817       248
 23.71392      249
 23.74614      250
 23.77836      250
 23.81058      250
 23.8428       251
 23.8428       251
 23.87502      252
 23.90724      253
 23.93946      253
 23.97168      254
 23.97168      254
 24.0039       255
 24.03612      255
 24.06834      256
 24.10056      256
 24.13278      257
 24.13278      258
 24.165        258
 24.19722      259
 24.22944      259
 24.26166      260
 24.29388      260
 24.29388      261
 24.3261       261
 24.35832      262
 24.39054      262
 24.42276      263
 24.42276      263
 24.45498      263
 24.4872       264
 24.51942      264
 24.55164      265
 24.58386      265
 24.58386      265
 24.61608      266
 24.6483       266
 24.68052      266
 24.71274      266
 24.74496      267
 24.74496      267
 24.77718      267
 24.8094       267
 24.84162      267
 24.87384      267
 24.87384      267
 24.90606      267
 24.93828      267
 24.9705       267
 25.00272      267
 25.03494      267
 25.03494      267
 25.06716      267
 25.09938      267
 25.1316       267
 25.16382      267
 25.16382      267
 25.19604      267
 25.22826      267
 25.26048      267
 25.2927       267
 25.32492      267
 25.32492      267
 25.35714      267
 25.38936      267
 25.42158      267
 25.4538       267
 25.4538       267
 25.48602      267
 25.51824      267
 25.55046      267
 25.58268      267
 25.6149       267
 25.6149       267
 25.64712      266
 25.67934      267
 25.71156      266
 25.74378      266
 25.74378      266
 25.776        266
 25.80822      266
 25.84044      266
 25.87266      266
 25.90488      266
 25.90488      265
 25.9371       265
 25.96932      265
 26.03376      265
 26.03376      263
 26.06598      263
 26.0982       263
 26.13042      263
 26.16264      263
 26.16264      263
 26.19486      264
 26.22708      264
 26.2593       264
 26.29152      265
 26.29152      265
 26.32374      266
 26.35596      266
 26.38818      267
 26.4204       267
 26.45262      268
 26.45262      268
 26.48484      269
 26.51706      269
 26.54928      270
 26.5815       270
 26.5815       271
 26.61372      272
 26.64594      272
 26.67816      273
 26.71038      273
 26.71038      273
 26.7426       274
 26.77482      274
 26.80704      274
 26.83926      274
 26.83926      274
 26.87148      274
 26.9037       274
 26.93592      274
 26.96814      274
 26.96814      274
 27.00036      274
 27.03258      274
 27.0648       273
 27.09702      273
 27.09702      273
 27.12924      273
 27.16146      272
 27.19368      272
 27.2259       272
 27.2259       272
 27.25812      272
 27.29034      272
 27.32256      272
 27.35478      272
 27.35478      272
 27.387        272
 27.41922      273
 27.45144      273
 27.48366      273
 27.48366      273
 27.51588      273
 27.5481       274
 27.58032      274
 27.58032      274
 27.61254      275
 27.64476      275
 27.67698      275
 27.7092       276
 27.7092       276
 27.74142      276
 27.77364      277
 27.80586      277
 27.83808      277
 27.83808      278
 27.8703       278
 27.90252      278
 27.93474      278
 27.96696      277
 27.96696      277
 27.99918      277
 28.0314       277
 28.06362      278
 28.09584      279
 28.09584      279
 28.12806      280
 28.16028      280
 28.1925       281
 28.22472      281
 28.22472      282
 28.25694      282
 28.28916      283
 28.32138      283
 28.32138      284
 28.3536       285
 28.38582      285
 28.41804      286
 28.45026      286
 28.45026      287
 28.48248      287
 28.5147       288
 28.54692      289
 28.57914      289
 28.57914      290
 28.61136      291
 28.64358      291
 28.6758       292
 28.6758       292
 28.70802      293
 28.74024      294
 28.77246      294
 28.80468      295
 28.80468      296
 28.8369       296
 28.86912      297
 28.90134      297
 28.90134      298
 28.93356      299
 28.96578      299
 28.998        299
 29.03022      300
 29.03022      300
 29.06244      301
 29.09466      302
