 0             0
 0             0
 0             0
 0             0
 3.222e-002    0
 3.222e-002    0
 6.444e-002    0
 9.666e-002    0
 9.666e-002    0
 0.12888       0
 0.1611        0
 0.19332       0
 0.22554       0
 0.25776       0
 0.25776       0
 0.3222        0
 0.3222        0
 0.35442       0
 0.38664       0
 0.41886       0
 0.41886       0
 0.4833        0
 0.4833        0
 0.51552       0
 0.57996       0
 0.57996       0
 0.61218       0
 0.6444        0
 0.6444        0
 0.70884       0
 0.74106       0
 0.74106       0
 0.77328       0
 0.8055        0
 0.83772       0
 0.86994       0
 0.90216       0
 0.90216       0
 0.9666        0
 0.9666        0
 0.99882       0
 1.03104       0
 1.06326       0
 1.09548       0
 1.1277        0
 1.1277        0
 1.19214       0
 1.22436       0
 1.22436       0
 1.2888        0
 1.2888        0
 1.32102       0
 1.35324       0
 1.38546       0
 1.41768       0
 1.4499        0
 1.4499        0
 1.51434       0
 1.54656       0
 1.54656       0
 1.57878       0
 1.611         0
 1.64322       0
 1.67544       0
 1.70766       0
 1.70766       0
 1.7721        0
 1.7721        0
 1.80432       0
 1.86876       0
 1.86876       0
 1.90098       0
 1.9332        0
 1.96542       0
 1.99764       0
 2.02986       0
 2.02986       0
 2.0943        0
 2.0943        0
 2.12652       0
 2.15874       0
 2.19096       0
 2.22318       0
 2.2554        0
 2.28762       0
 2.31984       0
 2.35206       0
 2.35206       0
 2.4165        0
 2.4165        0
 2.44872       0
 2.48094       0
 2.51316       0
 2.54538       0
 2.5776        0
 2.60982       0
 2.60982       0
 2.67426       0
 2.67426       0
 2.70648       0
 2.7387        0
 2.77092       0
 2.80314       0
 2.83536       0
 2.86758       0
 2.8998        0
 2.93202       0
 2.93202       0
 2.99646       0
 2.99646       0
 3.02868       0
 3.0609        0
 3.09312       0
 3.12534       0
 3.15756       0
 3.18978       0
 3.222         0
 3.28644       0
 3.28644       0
 3.31866       0
 3.35088       0
 3.3831        0
 3.41532       0
 3.44754       0
 3.47976       0
 3.51198       0
 3.5442        0
 3.5442        0
 3.60864       0
 3.60864       0
 3.64086       0
 3.67308       0
 3.7053        0
 3.73752       0
 3.76974       0
 3.80196       0
 3.83418       0
 3.8664        0
 3.89862       0
 3.93084       0
 3.93084       0
 3.96306       0
 4.0275        0
 4.0275        0
 4.05972       0
 4.09194       0
 4.12416       0
 4.15638       0
 4.1886        0
 4.22082       0
 4.25304       0
 4.28526       0
 4.28526       0
 4.3497        0
 4.3497        0
 4.38192       0
 4.41414       0
 4.44636       0
 4.47858       0
 4.5108        0
 4.54302       0
 4.57524       0
 4.60746       0
 4.63968       1
 4.6719        1
 4.70412       1
 4.70412       1
 4.73634       1
 4.76856       1
 4.80078       1
 4.833         1
 4.86522       2
 4.89744       2
 4.92966       2
 4.96188       2
 4.9941        2
 5.02632       2
 5.02632       3
 5.05854       3
 5.09076       3
 5.12298       3
 5.1552        3
 5.18742       3
 5.21964       4
 5.25186       4
 5.28408       4
 5.3163        4
 5.34852       4
 5.38074       5
 5.38074       5
 5.44518       5
 5.44518       5
 5.4774        5
 5.50962       6
 5.54184       6
 5.57406       6
 5.60628       6
 5.6385        7
 5.67072       7
 5.70294       7
 5.73516       7
 5.76738       8
 5.76738       8
 5.7996        8
 5.83182       8
 5.86404       9
 5.89626       9
 5.92848       9
 5.9607        10
 5.99292       10
 6.02514       10
 6.05736       11
 6.08958       11
 6.1218        11
 6.1218        11
 6.18624       12
 6.18624       12
 6.21846       12
 6.25068       13
 6.2829        13
 6.31512       13
 6.34734       14
 6.37956       14
 6.41178       14
 6.444         15
 6.47622       15
 6.50844       15
 6.54066       16
 6.57288       16
 6.6051        16
 6.63732       17
 6.66954       17
 6.70176       17
 6.73398       17
 6.7662        18
 6.79842       18
 6.83064       18
 6.83064       18
 6.89508       18
 6.89508       19
 6.9273        19
 6.95952       19
 6.99174       19
 7.02396       19
 7.05618       19
 7.0884        19
 7.12062       19
 7.15284       18
 7.18506       18
 7.21728       18
 7.21728       18
 7.2495        18
 7.28172       17
 7.31394       17
 7.34616       17
 7.37838       17
 7.4106        17
 7.44282       16
 7.47504       16
 7.50726       16
 7.53948       16
 7.5717        15
 7.5717        15
 7.60392       15
 7.63614       14
 7.66836       14
 7.70058       14
 7.7328        13
 7.76502       13
 7.79724       13
 7.82946       12
 7.86168       12
 7.8939        12
 7.8939        12
 7.95834       11
 7.95834       11
 7.99056       11
 8.02278       10
 8.055         10
 8.08722       10
 8.11944       10
 8.15166       10
 8.18388       9
 8.2161        9
 8.24832       9
 8.28054       9
 8.28054       9
 8.31276       9
 8.34498       9
 8.3772        9
 8.40942       8
 8.44164       8
 8.47386       8
 8.50608       8
 8.5383        8
 8.57052       8
 8.60274       8
 8.60274       8
 8.63496       8
 8.66718       8
 8.6994        8
 8.73162       8
 8.76384       8
 8.79606       8
 8.82828       9
 8.8605        9
 8.89272       9
 8.92494       9
 8.92494       9
 8.95716       9
 8.98938       9
 9.0216        9
 9.05382       10
 9.08604       10
 9.11826       10
 9.15048       10
 9.1827        10
 9.21492       11
 9.21492       11
 9.24714       11
 9.27936       11
 9.31158       12
 9.3438        12
 9.37602       12
 9.40824       12
 9.44046       13
 9.47268       13
 9.5049        13
 9.53712       13
 9.56934       14
 9.56934       14
 9.60156       14
 9.63378       15
 9.666         15
 9.69822       15
 9.76266       16
 9.79488       16
 9.8271        16
 9.85932       17
 9.85932       17
 9.89154       18
 9.92376       18
 9.95598       18
 9.9882        19
 10.02042      19
 10.05264      20
 10.08486      20
 10.11708      20
 10.1493       21
 10.1493       21
 10.18152      21
 10.21374      22
 10.24596      22
 10.27818      23
 10.3104       23
 10.34262      24
 10.37484      24
 10.40706      25
 10.43928      25
 10.43928      26
 10.4715       26
 10.50372      27
 10.53594      27
 10.56816      28
 10.60038      28
 10.6326       29
 10.66482      29
 10.69704      30
 10.69704      30
 10.72926      31
 10.76148      31
 10.7937       32
 10.82592      32
 10.85814      33
 10.89036      34
 10.92258      34
 10.9548       35
 10.98702      35
 11.01924      36
 11.01924      37
 11.05146      37
 11.08368      38
 11.1159       38
 11.14812      39
 11.18034      39
 11.21256      40
 11.24478      41
 11.277        41
 11.277        42
 11.30922      42
 11.34144      43
 11.37366      44
 11.40588      44
 11.4381       45
 11.47032      45
 11.50254      46
 11.53476      46
 11.56698      47
 11.56698      47
 11.5992       48
 11.63142      48
 11.66364      49
 11.69586      49
 11.72808      49
 11.7603       49
 11.79252      50
 11.82474      50
 11.82474      50
 11.85696      50
 11.88918      50
 11.9214       50
 11.95362      50
 11.98584      50
 12.01806      50
 12.05028      50
 12.0825       50
 12.0825       49
 12.11472      49
 12.14694      49
 12.17916      49
 12.21138      49
 12.2436       48
 12.27582      48
 12.30804      48
 12.34026      48
 12.34026      47
 12.37248      47
 12.4047       47
 12.43692      46
 12.46914      46
 12.50136      45
 12.53358      45
 12.5658       44
 12.5658       44
 12.59802      43
 12.63024      43
 12.66246      42
 12.69468      42
 12.7269       41
 12.75912      41
 12.79134      40
 12.82356      40
 12.82356      39
 12.85578      39
 12.888        39
 12.92022      38
 12.95244      38
 13.01688      38
 13.0491       37
 13.08132      37
 13.08132      37
 13.11354      36
 13.14576      36
 13.17798      36
 13.2102       35
 13.24242      35
 13.27464      35
 13.30686      35
 13.30686      34
 13.33908      34
 13.3713       34
 13.40352      34
 13.43574      34
 13.46796      34
 13.50018      34
 13.5324       34
 13.56462      33
 13.56462      33
 13.59684      33
 13.62906      33
 13.66128      33
 13.6935       33
 13.72572      33
 13.75794      34
 13.79016      34
 13.79016      34
 13.82238      34
 13.8546       34
 13.88682      34
 13.91904      34
 13.95126      34
 13.98348      34
 14.0157       35
 14.04792      35
 14.04792      35
 14.08014      35
 14.11236      35
 14.14458      36
 14.1768       36
 14.20902      36
 14.24124      36
 14.27346      37
 14.27346      37
 14.30568      37
 14.3379       38
 14.37012      38
 14.40234      38
 14.43456      39
 14.46678      39
 14.499        39
 14.499        40
 14.53122      40
 14.56344      41
 14.59566      41
 14.62788      41
 14.6601       41
 14.69232      42
 14.69232      43
 14.72454      43
 14.75676      44
 14.78898      44
 14.8212       45
 14.85342      45
 14.88564      46
 14.91786      46
 14.91786      47
 14.95008      47
 14.9823       48
 15.01452      49
 15.04674      49
 15.07896      50
 15.11118      50
 15.1434       51
 15.1434       52
 15.17562      52
 15.20784      53
 15.24006      54
 15.27228      54
 15.3045       55
 15.33672      56
 15.36894      56
 15.36894      57
 15.40116      58
 15.43338      59
 15.4656       59
 15.49782      60
 15.53004      61
 15.56226      62
 15.59448      62
 15.59448      63
 15.6267       64
 15.65892      65
 15.69114      65
 15.72336      66
 15.75558      67
 15.75558      68
 15.7878       69
 15.82002      70
 15.85224      70
 15.88446      71
 15.91668      72
 15.9489       73
 15.98112      74
 15.98112      75
 16.01334      76
 16.04556      76
 16.07778      77
 16.11         78
 16.14222      79
 16.17444      80
 16.20666      81
 16.23888      82
 16.2711       83
 16.30332      83
 16.33554      84
 16.36776      85
 16.39998      86
 16.39998      87
 16.4322       87
 16.46442      88
 16.49664      89
 16.52886      90
 16.56108      90
 16.5933       91
 16.5933       92
 16.62552      92
 16.65774      93
 16.68996      93
 16.72218      94
 16.7544       94
 16.78662      95
 16.78662      95
 16.81884      95
 16.85106      96
 16.88328      96
 16.9155       96
 16.94772      96
 16.97994      96
 16.97994      97
 17.01216      97
 17.04438      97
 17.0766       97
 17.10882      97
 17.14104      97
 17.17326      97
 17.20548      97
 17.20548      97
 17.2377       97
 17.26992      97
 17.30214      97
 17.33436      96
 17.36658      96
 17.36658      96
 17.3988       96
 17.43102      95
 17.46324      95
 17.49546      94
 17.52768      94
 17.5599       94
 17.59212      93
 17.59212      93
 17.62434      92
 17.65656      92
 17.68878      91
 17.721        91
 17.75322      90
 17.75322      90
 17.78544      90
 17.81766      89
 17.84988      89
 17.8821       89
 17.91432      88
 17.94654      88
 17.94654      88
 17.97876      87
 18.01098      87
 18.0432       87
 18.07542      87
 18.10764      86
 18.13986      86
 18.13986      86
 18.17208      85
 18.2043       85
 18.23652      85
 18.26874      85
 18.30096      84
 18.30096      84
 18.33318      84
 18.3654       84
 18.39762      84
 18.42984      84
 18.46206      84
 18.49428      84
 18.49428      84
 18.5265       84
 18.55872      84
 18.59094      84
 18.62316      84
 18.65538      84
 18.6876       84
 18.6876       84
 18.71982      84
 18.75204      84
 18.78426      84
 18.81648      84
 18.8487       84
 18.8487       84
 18.88092      84
 18.91314      84
 18.94536      84
 18.97758      84
 19.0098       85
 19.0098       85
 19.04202      85
 19.07424      85
 19.10646      85
 19.13868      86
 19.1709       86
 19.20312      86
 19.20312      86
 19.23534      87
 19.26756      87
 19.29978      87
 19.332        88
 19.36422      87
 19.36422      88
 19.39644      88
 19.42866      88
 19.46088      88
 19.52532      89
 19.55754      89
 19.55754      89
 19.58976      90
 19.62198      90
 19.6542       90
 19.68642      91
 19.71864      91
 19.71864      92
 19.75086      92
 19.78308      93
 19.8153       93
 19.84752      94
 19.87974      94
 19.87974      95
 19.91196      96
 19.94418      96
 19.9764       97
 20.00862      98
 20.04084      98
 20.07306      99
 20.07306      100
 20.10528      101
 20.1375       102
 20.16972      103
 20.20194      103
 20.23416      104
 20.23416      105
 20.26638      106
 20.2986       107
 20.33082      107
 20.36304      108
 20.39526      109
 20.39526      110
 20.42748      111
 20.4597       112
 20.49192      113
 20.52414      114
 20.55636      114
 20.55636      115
 20.58858      116
 20.6208       117
 20.65302      118
 20.68524      119
 20.71746      120
 20.71746      121
 20.74968      122
 20.7819       123
 20.81412      124
 20.84634      125
 20.84634      126
 20.87856      127
 20.91078      128
 20.943        129
 20.97522      130
 21.00744      131
 21.03966      132
 21.03966      133
 21.07188      134
 21.1041       136
 21.13632      137
 21.16854      138
 21.20076      139
 21.20076      140
 21.23298      141
 21.2652       142
 21.29742      143
 21.32964      144
 21.36186      145
 21.36186      146
 21.39408      147
 21.4263       148
 21.45852      149
 21.49074      150
 21.52296      151
 21.52296      152
 21.55518      153
 21.5874       154
 21.61962      155
 21.65184      156
 21.68406      157
 21.68406      157
 21.71628      158
 21.7485       159
 21.78072      160
 21.81294      161
 21.84516      162
 21.84516      162
 21.87738      163
 21.9096       164
 21.94182      165
 21.97404      165
 21.97404      166
 22.00626      167
 22.03848      167
 22.0707       168
 22.10292      168
 22.13514      169
 22.13514      170
 22.16736      170
 22.19958      170
 22.2318       171
 22.26402      171
 22.26402      172
 22.29624      172
 22.32846      172
 22.36068      173
 22.3929       173
 22.42512      173
 22.42512      173
 22.45734      174
 22.48956      174
 22.52178      174
 22.554        174
 22.58622      174
 22.58622      175
 22.61844      175
 22.65066      175
 22.68288      175
 22.7151       175
 22.74732      176
 22.77954      176
 22.81176      176
 22.84398      176
 22.8762       176
 22.8762       177
 22.90842      177
 22.94064      177
 22.97286      177
 23.00508      177
 23.0373       177
 23.0373       178
 23.06952      178
 23.10174      178
 23.13396      177
 23.16618      177
 23.16618      178
 23.1984       178
 23.23062      178
 23.26284      178
 23.29506      179
 23.32728      179
 23.32728      180
 23.3595       180
 23.39172      180
 23.42394      181
 23.42394      181
 23.45616      181
 23.48838      182
 23.5206       182
 23.55282      183
 23.58504      183
 23.61726      183
 23.61726      184
 23.64948      184
 23.6817       185
 23.71392      185
 23.74614      186
 23.74614      186
 23.77836      187
 23.81058      187
 23.8428       188
 23.87502      188
 23.87502      189
 23.90724      189
 23.93946      190
 23.97168      190
 24.0039       191
 24.0039       191
 24.03612      192
 24.06834      192
 24.10056      193
 24.13278      193
 24.13278      194
 24.165        194
 24.19722      195
 24.22944      195
 24.26166      196
 24.29388      197
 24.29388      197
 24.3261       198
 24.35832      199
 24.39054      199
 24.42276      200
 24.42276      202
 24.45498      203
 24.4872       204
 24.51942      205
 24.55164      206
 24.55164      207
 24.58386      210
 24.61608      220
 24.6483       229
 24.68052      237
 24.68052      243
 24.71274      250
 24.74496      255
 24.77718      260
 24.8094       264
 24.8094       267
 24.84162      271
 24.87384      273
 24.90606      276
 24.93828      278
 24.93828      279
 24.9705       281
 25.00272      282
 25.03494      283
 25.06716      285
 25.06716      286
 25.09938      286
 25.1316       287
 25.16382      288
 25.16382      288
 25.19604      289
 25.22826      289
 25.26048      290
 25.2927       290
 25.2927       290
 25.32492      290
 25.35714      291
 25.38936      291
 25.42158      291
 25.4538       291
 25.4538       291
 25.48602      291
 25.51824      292
 25.55046      291
 25.58268      292
 25.58268      292
 25.6149       292
 25.64712      292
 25.67934      292
 25.67934      292
 25.71156      293
 25.74378      293
 25.776        294
 25.80822      294
 25.80822      295
 25.84044      295
 25.87266      296
 25.90488      297
 25.9371       298
 25.9371       299
 25.96932      299
 26.03376      300
 26.06598      301
 26.06598      303
 26.0982       304
 26.13042      305
 26.16264      306
 26.19486      307
 26.19486      308
 26.22708      309
 26.2593       310
 26.29152      311
 26.32374      312
 26.32374      314
 26.35596      314
 26.38818      316
 26.4204       317
 26.4204       318
 26.45262      319
 26.48484      320
 26.51706      320
 26.54928      321
 26.54928      322
 26.5815       322
 26.61372      323
 26.64594      323
 26.67816      323
 26.67816      324
 26.71038      323
 26.7426       323
 26.77482      323
 26.77482      323
 26.80704      322
 26.83926      322
 26.87148      321
 26.9037       321
 26.9037       321
 26.93592      320
 26.96814      320
 27.00036      319
 27.03258      319
 27.03258      319
 27.0648       319
 27.09702      318
 27.12924      319
 27.12924      318
 27.16146      318
 27.19368      319
 27.2259       319
 27.25812      319
 27.25812      319
 27.29034      320
 27.32256      320
 27.35478      321
 27.35478      321
 27.387        322
 27.41922      322
 27.45144      323
 27.48366      324
 27.48366      324
 27.51588      325
 27.5481       326
 27.58032      326
 27.58032      327
 27.61254      328
 27.64476      328
 27.67698      329
 27.7092       330
 27.7092       330
 27.74142      331
 27.77364      332
 27.80586      332
 27.80586      333
 27.83808      334
 27.8703       334
 27.90252      335
 27.90252      335
 27.93474      336
 27.96696      337
 27.99918      337
 28.0314       338
 28.0314       339
 28.06362      340
 28.09584      340
 28.12806      341
 28.12806      341
 28.16028      342
 28.1925       343
 28.22472      344
 28.22472      345
 28.25694      345
 28.28916      346
 28.32138      347
 28.32138      348
 28.3536       348
 28.38582      350
 28.41804      350
 28.45026      351
 28.45026      352
 28.48248      352
 28.5147       353
