 0             0
 0             0
 0             0
 0             0
 0             0
 0             0
 6.444e-002    0
 6.444e-002    0
 9.666e-002    0
 0.12888       0
 0.12888       0
 0.19332       0
 0.22554       0
 0.22554       0
 0.25776       0
 0.28998       0
 0.28998       0
 0.35442       0
 0.35442       0
 0.38664       0
 0.45108       0
 0.45108       0
 0.4833        0
 0.51552       0
 0.51552       0
 0.57996       0
 0.57996       0
 0.61218       0
 0.6444        0
 0.67662       0
 0.70884       0
 0.74106       0
 0.74106       0
 0.77328       0
 0.83772       0
 0.83772       0
 0.86994       0
 0.90216       0
 0.93438       0
 0.9666        0
 0.99882       0
 0.99882       0
 1.06326       0
 1.06326       0
 1.09548       0
 1.15992       0
 1.15992       0
 1.19214       0
 1.22436       0
 1.22436       0
 1.2888        0
 1.32102       0
 1.32102       0
 1.38546       0
 1.38546       0
 1.41768       0
 1.4499        0
 1.48212       0
 1.51434       0
 1.54656       0
 1.54656       0
 1.611         0
 1.64322       0
 1.64322       0
 1.67544       0
 1.70766       0
 1.73988       0
 1.7721        0
 1.80432       0
 1.80432       0
 1.86876       0
 1.86876       0
 1.90098       0
 1.96542       0
 1.96542       0
 1.99764       0
 2.02986       0
 2.06208       0
 2.0943        0
 2.12652       0
 2.12652       0
 2.19096       0
 2.19096       0
 2.22318       0
 2.2554        0
 2.28762       0
 2.31984       0
 2.35206       0
 2.38428       0
 2.4165        0
 2.44872       0
 2.44872       0
 2.51316       0
 2.51316       0
 2.54538       0
 2.5776        0
 2.60982       0
 2.64204       0
 2.67426       0
 2.70648       0
 2.7387        0
 2.77092       0
 2.77092       0
 2.83536       0
 2.83536       0
 2.86758       0
 2.8998        0
 2.93202       0
 2.96424       0
 2.99646       0
 3.02868       0
 3.0609        0
 3.09312       0
 3.09312       0
 3.15756       0
 3.18978       0
 3.18978       0
 3.25422       0
 3.28644       0
 3.31866       1
 3.35088       1
 3.3831        1
 3.41532       1
 3.44754       1
 3.44754       2
 3.47976       2
 3.5442        2
 3.5442        2
 3.57642       2
 3.60864       3
 3.64086       3
 3.67308       3
 3.7053        3
 3.73752       4
 3.76974       4
 3.80196       4
 3.83418       5
 3.8664        5
 3.8664        5
 3.89862       6
 3.93084       6
 3.96306       6
 3.99528       7
 4.0275        7
 4.05972       8
 4.09194       8
 4.12416       8
 4.15638       9
 4.1886        9
 4.22082       10
 4.25304       10
 4.28526       11
 4.28526       11
 4.31748       12
 4.3497        12
 4.38192       13
 4.41414       13
 4.44636       14
 4.47858       14
 4.5108        15
 4.54302       15
 4.57524       16
 4.60746       16
 4.63968       17
 4.6719        18
 4.70412       18
 4.70412       19
 4.73634       19
 4.80078       20
 4.80078       21
 4.833         21
 4.86522       22
 4.89744       23
 4.92966       24
 4.96188       24
 4.9941        25
 5.02632       26
 5.05854       27
 5.09076       27
 5.12298       28
 5.1552        29
 5.18742       30
 5.18742       31
 5.21964       31
 5.25186       32
 5.28408       33
 5.3163        34
 5.34852       35
 5.38074       36
 5.41296       37
 5.44518       38
 5.4774        39
 5.50962       40
 5.54184       40
 5.57406       41
 5.60628       42
 5.6385        43
 5.6385        45
 5.67072       45
 5.70294       47
 5.73516       48
 5.76738       49
 5.7996        50
 5.83182       51
 5.86404       52
 5.89626       53
 5.92848       54
 5.9607        55
 5.99292       56
 6.02514       58
 6.05736       59
 6.05736       60
 6.08958       61
 6.1218        62
 6.15402       64
 6.18624       65
 6.21846       66
 6.25068       67
 6.2829        69
 6.31512       70
 6.34734       71
 6.37956       73
 6.41178       74
 6.444         75
 6.47622       76
 6.50844       78
 6.54066       79
 6.57288       80
 6.6051        82
 6.63732       83
 6.66954       84
 6.70176       86
 6.73398       87
 6.7662        88
 6.79842       89
 6.83064       90
 6.86286       91
 6.89508       93
 6.9273        93
 6.9273        94
 6.95952       95
 6.99174       96
 7.02396       96
 7.05618       97
 7.0884        97
 7.12062       98
 7.15284       98
 7.18506       98
 7.21728       98
 7.2495        98
 7.28172       98
 7.31394       98
 7.34616       98
 7.34616       97
 7.37838       97
 7.4106        97
 7.44282       96
 7.47504       96
 7.50726       95
 7.53948       95
 7.5717        94
 7.60392       94
 7.63614       93
 7.66836       92
 7.70058       92
 7.7328        91
 7.76502       90
 7.76502       90
 7.82946       89
 7.82946       88
 7.86168       87
 7.8939        86
 7.92612       85
 7.95834       85
 7.99056       84
 8.02278       83
 8.055         82
 8.08722       81
 8.11944       81
 8.15166       80
 8.18388       80
 8.18388       79
 8.2161        79
 8.24832       78
 8.28054       78
 8.31276       78
 8.34498       77
 8.3772        77
 8.40942       77
 8.44164       77
 8.47386       77
 8.50608       77
 8.5383        77
 8.57052       77
 8.60274       77
 8.60274       77
 8.63496       77
 8.66718       77
 8.6994        78
 8.73162       78
 8.76384       78
 8.79606       78
 8.82828       79
 8.8605        79
 8.89272       80
 8.92494       80
 8.95716       81
 8.95716       81
 9.0216        82
 9.0216        82
 9.05382       83
 9.08604       84
 9.11826       84
 9.15048       85
 9.1827        86
 9.21492       87
 9.24714       87
 9.27936       88
 9.31158       89
 9.3438        90
 9.37602       91
 9.37602       92
 9.40824       93
 9.44046       94
 9.47268       95
 9.5049        96
 9.53712       97
 9.56934       98
 9.60156       99
 9.63378       101
 9.666         102
 9.69822       103
 9.73044       105
 9.76266       106
 9.79488       107
 9.8271        108
 9.85932       109
 9.89154       110
 9.92376       112
 9.95598       113
 9.9882        114
 10.02042      115
 10.05264      117
 10.08486      118
 10.08486      119
 10.11708      121
 10.1493       122
 10.18152      124
 10.21374      125
 10.24596      126
 10.27818      128
 10.3104       129
 10.34262      131
 10.37484      132
 10.40706      134
 10.40706      135
 10.43928      137
 10.4715       138
 10.50372      140
 10.53594      142
 10.56816      143
 10.60038      145
 10.6326       146
 10.66482      148
 10.69704      150
 10.72926      151
 10.76148      153
 10.7937       155
 10.7937       156
 10.82592      158
 10.85814      160
 10.89036      162
 10.92258      163
 10.9548       165
 10.98702      167
 11.01924      169
 11.05146      170
 11.08368      172
 11.08368      174
 11.1159       176
 11.14812      178
 11.18034      179
 11.21256      181
 11.24478      183
 11.277        185
 11.30922      187
 11.34144      189
 11.37366      191
 11.40588      193
 11.40588      194
 11.4381       196
 11.47032      198
 11.50254      200
 11.53476      203
 11.56698      205
 11.5992       207
 11.63142      209
 11.66364      211
 11.69586      213
 11.72808      215
 11.7603       217
 11.79252      218
 11.82474      220
 11.82474      222
 11.85696      224
 11.88918      225
 11.9214       227
 11.95362      228
 11.98584      230
 12.01806      231
 12.05028      233
 12.0825       234
 12.11472      235
 12.11472      237
 12.14694      238
 12.17916      239
 12.21138      240
 12.2436       241
 12.27582      242
 12.30804      242
 12.34026      243
 12.37248      244
 12.4047       244
 12.4047       245
 12.43692      245
 12.46914      245
 12.50136      246
 12.53358      246
 12.5658       246
 12.59802      246
 12.63024      246
 12.66246      246
 12.69468      246
 12.7269       245
 12.7269       245
 12.75912      245
 12.79134      245
 12.82356      244
 12.85578      244
 12.888        244
 12.92022      243
 12.95244      243
 13.01688      243
 13.01688      242
 13.0491       242
 13.08132      242
 13.11354      241
 13.14576      241
 13.17798      241
 13.2102       241
 13.24242      240
 13.27464      240
 13.30686      240
 13.30686      240
 13.33908      240
 13.3713       240
 13.40352      241
 13.43574      241
 13.46796      241
 13.50018      242
 13.5324       242
 13.56462      243
 13.59684      243
 13.59684      244
 13.62906      244
 13.66128      245
 13.6935       246
 13.72572      246
 13.75794      247
 13.79016      248
 13.82238      249
 13.8546       250
 13.8546       250
 13.88682      251
 13.91904      252
 13.95126      253
 13.98348      254
 14.0157       255
 14.04792      256
 14.08014      257
 14.11236      258
 14.14458      260
 14.14458      261
 14.1768       262
 14.20902      263
 14.24124      264
 14.27346      265
 14.30568      267
 14.3379       268
 14.37012      269
 14.40234      271
 14.40234      272
 14.43456      273
 14.46678      274
 14.499        276
 14.53122      277
 14.56344      278
 14.59566      280
 14.62788      281
 14.62788      283
 14.6601       284
 14.69232      286
 14.72454      287
 14.75676      289
 14.78898      291
 14.8212       292
 14.85342      294
 14.88564      296
 14.91786      298
 14.91786      300
 14.95008      302
 14.9823       304
 15.01452      306
 15.04674      308
 15.07896      310
 15.11118      312
 15.1434       314
 15.17562      316
 15.17562      318
 15.20784      320
 15.24006      322
 15.27228      325
 15.3045       327
 15.33672      329
 15.36894      332
 15.40116      334
 15.43338      336
 15.43338      339
 15.4656       341
 15.49782      344
 15.53004      346
 15.56226      349
 15.59448      351
 15.6267       354
 15.65892      357
 15.69114      359
 15.69114      362
 15.72336      365
 15.75558      368
 15.7878       370
 15.82002      373
 15.85224      376
 15.88446      379
 15.91668      382
 15.91668      384
 15.9489       387
 15.98112      390
 16.01334      393
 16.04556      396
 16.07778      399
 16.11         402
 16.14222      405
 16.17444      408
 16.17444      411
 16.20666      414
 16.2711       417
 16.30332      420
 16.33554      423
 16.36776      426
 16.39998      429
 16.39998      432
 16.4322       435
 16.46442      438
 16.49664      441
 16.52886      444
 16.56108      447
 16.5933       450
 16.62552      453
 16.62552      456
 16.65774      459
 16.68996      462
 16.72218      465
 16.7544       468
 16.78662      471
 16.81884      474
 16.81884      477
 16.85106      479
 16.88328      482
 16.9155       485
 16.94772      488
 16.97994      491
 17.01216      493
 17.04438      496
 17.0766       499
 17.0766       501
 17.10882      505
 17.14104      507
 17.17326      510
 17.20548      512
 17.2377       515
 17.26992      517
 17.30214      519
 17.30214      522
 17.33436      524
 17.36658      526
 17.3988       528
 17.43102      530
 17.46324      532
 17.49546      534
 17.52768      536
 17.5599       538
 17.5599       540
 17.59212      541
 17.62434      543
 17.65656      545
 17.68878      546
 17.721        548
 17.721        549
 17.75322      551
 17.78544      552
 17.81766      553
 17.84988      555
 17.8821       556
 17.91432      557
 17.94654      558
 17.94654      560
 17.97876      561
 18.01098      562
 18.0432       563
 18.07542      564
 18.10764      566
 18.13986      566
 18.17208      567
 18.17208      565
 18.2043       564
 18.23652      565
 18.26874      567
 18.30096      568
 18.33318      569
 18.3654       571
 18.39762      572
 18.39762      574
 18.42984      575
 18.46206      577
 18.49428      579
 18.5265       581
 18.55872      583
 18.59094      585
 18.59094      587
 18.62316      590
 18.65538      594
 18.6876       598
 18.71982      602
 18.75204      606
 18.78426      609
 18.78426      612
 18.81648      614
 18.8487       616
 18.88092      618
 18.91314      618
 18.94536      619
 18.97758      620
 18.97758      621
 19.0098       621
 19.04202      622
 19.07424      622
 19.10646      622
 19.13868      622
 19.1709       622
 19.20312      623
 19.20312      624
 19.23534      624
 19.26756      625
 19.29978      626
 19.332        627
 19.36422      628
 19.39644      629
 19.39644      630
 19.42866      631
 19.46088      632
 19.52532      634
 19.55754      635
 19.58976      636
 19.58976      638
 19.62198      639
 19.6542       641
 19.68642      643
 19.71864      644
 19.75086      646
 19.78308      648
 19.78308      650
 19.8153       651
 19.84752      653
 19.87974      655
 19.91196      656
 19.94418      658
 19.9764       658
 20.00862      659
 20.00862      660
 20.04084      660
 20.07306      660
 20.10528      660
 20.1375       659
 20.16972      659
 20.16972      658
 20.20194      656
 20.23416      655
 20.26638      653
 20.2986       652
 20.33082      650
 20.36304      647
 20.39526      645
 20.39526      643
 20.42748      641
 20.4597       639
 20.49192      638
 20.52414      636
 20.55636      635
 20.55636      634
 20.58858      633
 20.6208       632
 20.65302      632
 20.68524      631
 20.71746      631
 20.71746      631
 20.74968      631
 20.7819       631
 20.81412      631
 20.84634      631
 20.87856      631
 20.91078      631
 20.943        632
 20.943        632
 20.97522      633
 21.00744      633
 21.03966      634
 21.07188      634
 21.1041       635
 21.1041       636
 21.13632      637
 21.16854      638
 21.20076      638
 21.23298      639
 21.2652       640
 21.2652       641
 21.29742      642
 21.32964      643
 21.36186      644
 21.39408      645
 21.4263       645
 21.45852      646
 21.45852      647
 21.49074      647
 21.52296      648
 21.55518      649
 21.5874       650
 21.61962      650
 21.61962      651
 21.65184      651
 21.68406      652
 21.71628      652
 21.7485       653
 21.78072      654
 21.81294      654
 21.81294      655
 21.84516      655
 21.87738      656
 21.9096       656
 21.94182      657
 21.97404      658
 21.97404      658
 22.00626      659
 22.03848      659
 22.0707       660
 22.10292      661
 22.13514      661
 22.13514      662
 22.16736      663
 22.19958      663
 22.2318       664
 22.26402      664
 22.29624      665
 22.32846      666
 22.32846      666
 22.36068      667
 22.3929       668
 22.42512      668
 22.45734      669
 22.48956      670
 22.48956      671
 22.52178      672
 22.554        673
 22.58622      674
 22.61844      675
 22.65066      676
 22.65066      677
 22.68288      679
 22.7151       679
 22.77954      681
 22.81176      682
 22.81176      683
 22.84398      685
 22.8762       686
 22.90842      687
 22.94064      689
 22.97286      690
 22.97286      691
 23.00508      692
 23.0373       693
 23.06952      694
 23.10174      696
 23.13396      696
 23.13396      698
 23.16618      699
 23.1984       699
 23.23062      700
 23.26284      701
 23.29506      702
 23.29506      703
 23.32728      703
 23.3595       704
 23.39172      705
 23.42394      706
 23.45616      707
 23.45616      708
 23.48838      708
 23.5206       709
 23.55282      710
 23.58504      711
 23.61726      712
 23.61726      712
 23.64948      713
 23.6817       714
 23.71392      715
 23.74614      715
 23.77836      717
 23.77836      717
 23.81058      718
 23.8428       719
 23.87502      720
 23.90724      721
 23.93946      722
 23.93946      722
 23.97168      724
 24.0039       724
 24.03612      725
 24.06834      726
 24.06834      727
 24.10056      728
 24.13278      729
 24.165        730
 24.19722      731
 24.22944      732
 24.22944      732
 24.26166      733
 24.29388      734
 24.3261       735
 24.35832      736
 24.35832      736
 24.39054      737
 24.42276      738
 24.45498      738
 24.4872       739
 24.51942      740
 24.51942      740
 24.55164      741
 24.58386      742
 24.61608      742
 24.6483       743
 24.68052      743
 24.68052      743
 24.71274      744
 24.74496      744
 24.77718      744
 24.8094       744
 24.84162      744
 24.84162      744
 24.87384      744
 24.90606      743
 24.93828      743
 24.9705       744
 24.9705       743
 25.00272      743
 25.03494      743
 25.06716      742
 25.09938      742
 25.09938      742
 25.1316       741
 25.16382      742
 25.19604      741
 25.22826      741
 25.26048      741
 25.26048      740
 25.2927       740
 25.32492      740
 25.35714      740
 25.38936      740
 25.38936      740
 25.42158      739
 25.4538       739
 25.48602      739
 25.51824      738
 25.55046      739
 25.55046      738
 25.58268      738
 25.6149       738
 25.64712      737
 25.67934      737
 25.67934      737
 25.71156      736
 25.74378      736
 25.776        736
 25.80822      735
 25.84044      736
 25.84044      735
 25.87266      735
 25.90488      736
 25.9371       736
 25.96932      736
 25.96932      737
 26.03376      737
 26.06598      738
 26.0982       739
 26.0982       739
 26.13042      740
 26.16264      740
 26.19486      741
 26.22708      742
 26.22708      742
 26.2593       743
 26.29152      744
 26.32374      745
 26.35596      746
 26.38818      747
 26.38818      748
 26.4204       749
 26.45262      750
 26.48484      751
 26.51706      752
 26.51706      753
 26.54928      754
 26.5815       755
 26.61372      756
 26.64594      757
 26.64594      758
 26.67816      758
 26.71038      759
 26.7426       759
 26.77482      759
 26.77482      759
 26.80704      760
 26.83926      759
 26.87148      759
 26.9037       759
 26.9037       758
 26.93592      757
 26.96814      756
 27.00036      755
 27.03258      755
 27.03258      753
 27.0648       752
 27.09702      752
 27.12924      751
 27.16146      750
 27.16146      749
 27.19368      748
 27.2259       748
 27.25812      748
 27.29034      747
 27.29034      747
 27.32256      747
 27.35478      746
 27.387        747
 27.41922      746
 27.45144      747
 27.45144      747
 27.48366      747
 27.51588      747
 27.5481       748
 27.5481       748
 27.58032      748
 27.61254      749
 27.64476      749
 27.67698      750
 27.67698      750
 27.7092       750
 27.74142      751
 27.77364      751
 27.80586      752
 27.80586      753
 27.83808      753
 27.8703       754
 27.90252      755
 27.90252      755
 27.93474      756
 27.96696      756
 27.99918      757
 28.0314       758
 28.0314       758
 28.06362      759
 28.09584      761
 28.12806      761
 28.16028      762
 28.16028      763
 28.1925       763
 28.22472      765
 28.25694      766
 28.25694      766
 28.28916      767
 28.32138      768
 28.3536       769
 28.38582      770
 28.38582      771
 28.41804      772
 28.45026      773
 28.48248      773
 28.5147       775
 28.5147       776
 28.54692      776
 28.57914      778
 28.61136      779
 28.61136      779
 28.64358      780
 28.6758       781
 28.70802      782
 28.74024      783
 28.74024      784
 28.77246      784
 28.80468      786
 28.8369       786
 28.86912      787
 28.86912      788
 28.90134      788
 28.93356      789
