 0             0
 0             0
 0             0
 0             0
 3.222e-002    0
 3.222e-002    0
 9.666e-002    0
 0.12888       0
 0.12888       0
 0.1611        0
 0.19332       0
 0.19332       0
 0.25776       0
 0.25776       0
 0.28998       0
 0.35442       0
 0.35442       0
 0.38664       0
 0.41886       0
 0.41886       0
 0.45108       0
 0.4833        0
 0.51552       0
 0.54774       0
 0.57996       0
 0.57996       0
 0.6444        0
 0.6444        0
 0.67662       0
 0.74106       0
 0.74106       0
 0.77328       0
 0.8055        0
 0.8055        0
 0.83772       0
 0.90216       0
 0.90216       0
 0.93438       0
 0.9666        0
 0.9666        0
 1.03104       0
 1.06326       0
 1.06326       0
 1.1277        0
 1.1277        0
 1.15992       0
 1.19214       0
 1.22436       0
 1.22436       0
 1.2888        0
 1.2888        0
 1.32102       0
 1.38546       0
 1.38546       0
 1.41768       0
 1.4499        0
 1.4499        0
 1.51434       0
 1.54656       0
 1.54656       0
 1.611         0
 1.611         0
 1.64322       0
 1.67544       0
 1.70766       0
 1.73988       0
 1.7721        0
 1.7721        0
 1.80432       0
 1.86876       0
 1.86876       0
 1.90098       0
 1.9332        0
 1.96542       0
 1.99764       0
 2.02986       0
 2.02986       0
 2.0943        0
 2.0943        0
 2.12652       0
 2.15874       0
 2.19096       0
 2.22318       0
 2.2554        0
 2.28762       0
 2.31984       0
 2.35206       0
 2.35206       0
 2.38428       0
 2.4165        0
 2.44872       0
 2.48094       0
 2.51316       0
 2.51316       0
 2.5776        0
 2.5776        0
 2.60982       0
 2.67426       0
 2.67426       0
 2.70648       0
 2.7387        0
 2.77092       0
 2.80314       0
 2.83536       0
 2.83536       0
 2.8998        0
 2.8998        0
 2.93202       0
 2.96424       0
 2.99646       0
 3.02868       0
 3.0609        0
 3.09312       0
 3.12534       0
 3.15756       0
 3.15756       0
 3.18978       0
 3.25422       0
 3.28644       0
 3.31866       0
 3.35088       0
 3.35088       0
 3.41532       0
 3.41532       0
 3.44754       0
 3.47976       1
 3.51198       1
 3.5442        1
 3.57642       1
 3.60864       1
 3.64086       1
 3.67308       1
 3.67308       2
 3.7053        2
 3.73752       2
 3.76974       2
 3.80196       2
 3.83418       2
 3.8664        3
 3.89862       3
 3.93084       3
 3.93084       3
 3.99528       4
 3.99528       5
 4.0275        5
 4.09194       5
 4.09194       5
 4.12416       5
 4.15638       5
 4.1886        6
 4.22082       6
 4.25304       6
 4.28526       7
 4.31748       7
 4.3497        7
 4.3497        8
 4.41414       8
 4.41414       8
 4.44636       9
 4.47858       9
 4.5108        9
 4.54302       10
 4.57524       10
 4.60746       11
 4.63968       11
 4.6719        12
 4.6719        12
 4.73634       13
 4.73634       13
 4.76856       14
 4.80078       14
 4.833         15
 4.86522       15
 4.89744       16
 4.92966       17
 4.96188       17
 4.9941        18
 4.9941        18
 5.05854       19
 5.05854       19
 5.09076       20
 5.12298       21
 5.1552        21
 5.18742       22
 5.21964       23
 5.25186       24
 5.28408       24
 5.3163        25
 5.34852       26
 5.38074       27
 5.38074       27
 5.41296       28
 5.44518       29
 5.4774        30
 5.50962       31
 5.54184       32
 5.57406       32
 5.60628       33
 5.6385        34
 5.67072       35
 5.70294       36
 5.73516       37
 5.73516       38
 5.76738       39
 5.7996        40
 5.83182       41
 5.86404       42
 5.89626       43
 5.92848       44
 5.9607        45
 5.99292       46
 6.02514       48
 6.05736       49
 6.05736       50
 6.08958       51
 6.1218        52
 6.15402       54
 6.18624       55
 6.21846       56
 6.25068       57
 6.2829        59
 6.31512       60
 6.34734       61
 6.37956       62
 6.41178       64
 6.41178       65
 6.47622       66
 6.50844       67
 6.54066       69
 6.57288       70
 6.6051        71
 6.63732       72
 6.66954       73
 6.70176       74
 6.73398       75
 6.7662        76
 6.7662        76
 6.79842       77
 6.83064       78
 6.86286       78
 6.89508       78
 6.9273        78
 6.95952       79
 6.99174       78
 7.02396       78
 7.05618       78
 7.0884        77
 7.0884        77
 7.12062       76
 7.15284       76
 7.18506       75
 7.21728       74
 7.2495        73
 7.28172       72
 7.31394       71
 7.34616       70
 7.37838       69
 7.4106        68
 7.4106        67
 7.44282       66
 7.47504       65
 7.50726       63
 7.53948       62
 7.5717        61
 7.60392       60
 7.63614       59
 7.66836       57
 7.70058       56
 7.7328        55
 7.76502       54
 7.76502       52
 7.79724       51
 7.82946       50
 7.86168       49
 7.8939        48
 7.92612       47
 7.95834       46
 7.99056       45
 8.02278       44
 8.055         43
 8.08722       42
 8.08722       41
 8.11944       40
 8.15166       39
 8.18388       39
 8.2161        38
 8.24832       37
 8.28054       37
 8.31276       36
 8.34498       36
 8.3772        36
 8.40942       35
 8.40942       35
 8.44164       35
 8.47386       34
 8.50608       34
 8.5383        34
 8.57052       34
 8.60274       34
 8.63496       34
 8.66718       33
 8.6994        34
 8.73162       34
 8.76384       34
 8.76384       34
 8.79606       35
 8.82828       35
 8.8605        35
 8.89272       36
 8.92494       36
 8.95716       37
 8.98938       37
 9.0216        37
 9.05382       38
 9.08604       39
 9.08604       39
 9.11826       40
 9.15048       41
 9.1827        41
 9.21492       42
 9.24714       43
 9.27936       44
 9.31158       45
 9.3438        46
 9.37602       47
 9.40824       48
 9.40824       49
 9.44046       50
 9.47268       51
 9.5049        52
 9.53712       53
 9.56934       54
 9.60156       55
 9.63378       56
 9.666         57
 9.69822       59
 9.73044       60
 9.76266       61
 9.79488       63
 9.8271        64
 9.85932       65
 9.89154       67
 9.92376       68
 9.95598       69
 9.95598       71
 9.9882        72
 10.02042      74
 10.05264      75
 10.08486      77
 10.11708      78
 10.1493       80
 10.18152      81
 10.21374      83
 10.24596      85
 10.27818      86
 10.27818      88
 10.3104       90
 10.34262      91
 10.37484      93
 10.40706      95
 10.43928      97
 10.4715       99
 10.50372      101
 10.53594      103
 10.56816      105
 10.56816      107
 10.60038      109
 10.6326       111
 10.66482      113
 10.69704      115
 10.72926      117
 10.76148      119
 10.7937       121
 10.82592      123
 10.82592      125
 10.85814      127
 10.89036      129
 10.92258      131
 10.9548       134
 10.98702      136
 11.01924      138
 11.05146      140
 11.08368      142
 11.1159       144
 11.14812      147
 11.14812      149
 11.18034      151
 11.21256      153
 11.24478      156
 11.277        158
 11.30922      160
 11.34144      162
 11.37366      164
 11.40588      166
 11.40588      168
 11.4381       170
 11.47032      172
 11.50254      174
 11.53476      176
 11.56698      177
 11.5992       178
 11.63142      180
 11.66364      181
 11.66364      182
 11.69586      182
 11.72808      183
 11.7603       183
 11.79252      183
 11.82474      183
 11.85696      183
 11.88918      182
 11.9214       181
 11.95362      181
 11.98584      179
 11.98584      178
 12.01806      177
 12.05028      175
 12.0825       174
 12.11472      172
 12.14694      171
 12.17916      169
 12.21138      167
 12.21138      165
 12.2436       163
 12.27582      161
 12.30804      159
 12.34026      157
 12.37248      155
 12.4047       152
 12.43692      150
 12.46914      148
 12.46914      145
 12.50136      143
 12.53358      140
 12.5658       138
 12.59802      135
 12.63024      132
 12.66246      130
 12.69468      128
 12.7269       125
 12.7269       123
 12.75912      121
 12.79134      118
 12.82356      116
 12.85578      114
 12.888        112
 12.92022      111
 12.95244      109
 12.98466      107
 13.01688      105
 13.0491       104
 13.08132      102
 13.11354      101
 13.14576      98
 13.17798      97
 13.2102       96
 13.2102       95
 13.24242      94
 13.27464      93
 13.30686      91
 13.33908      91
 13.3713       90
 13.40352      89
 13.43574      88
 13.46796      88
 13.46796      87
 13.50018      87
 13.5324       86
 13.56462      86
 13.59684      86
 13.62906      85
 13.66128      85
 13.6935       85
 13.6935       85
 13.72572      85
 13.75794      85
 13.79016      85
 13.82238      86
 13.8546       86
 13.88682      86
 13.91904      86
 13.95126      87
 13.95126      87
 13.98348      88
 14.0157       88
 14.04792      89
 14.08014      90
 14.11236      90
 14.14458      91
 14.1768       92
 14.1768       93
 14.20902      94
 14.24124      95
 14.27346      96
 14.30568      97
 14.3379       98
 14.37012      99
 14.40234      102
 14.43456      103
 14.43456      104
 14.46678      105
 14.499        107
 14.53122      108
 14.56344      110
 14.59566      111
 14.62788      113
 14.6601       114
 14.6601       116
 14.69232      118
 14.72454      119
 14.75676      121
 14.78898      123
 14.8212       124
 14.85342      126
 14.85342      128
 14.88564      130
 14.91786      132
 14.95008      134
 14.9823       136
 15.01452      138
 15.04674      140
 15.07896      142
 15.07896      144
 15.11118      146
 15.1434       149
 15.17562      151
 15.20784      153
 15.24006      155
 15.27228      158
 15.3045       160
 15.3045       162
 15.33672      165
 15.36894      167
 15.40116      170
 15.43338      172
 15.4656       175
 15.49782      177
 15.53004      180
 15.53004      182
 15.56226      185
 15.59448      188
 15.6267       190
 15.65892      193
 15.69114      196
 15.72336      198
 15.72336      202
 15.75558      205
 15.7878       207
 15.82002      210
 15.85224      213
 15.88446      216
 15.91668      219
 15.9489       221
 15.9489       224
 15.98112      227
 16.01334      230
 16.04556      233
 16.07778      236
 16.11         239
 16.14222      242
 16.17444      244
 16.17444      247
 16.20666      250
 16.2711       253
 16.30332      255
 16.33554      258
 16.36776      260
 16.36776      263
 16.39998      265
 16.4322       268
 16.46442      270
 16.49664      272
 16.52886      274
 16.56108      276
 16.5933       278
 16.5933       279
 16.62552      281
 16.65774      282
 16.68996      283
 16.72218      284
 16.7544       285
 16.7544       285
 16.78662      286
 16.81884      286
 16.85106      286
 16.88328      286
 16.9155       286
 16.94772      286
 16.97994      285
 16.97994      285
 17.01216      284
 17.04438      283
 17.0766       282
 17.10882      281
 17.14104      280
 17.17326      278
 17.17326      277
 17.20548      275
 17.2377       273
 17.26992      271
 17.30214      269
 17.33436      266
 17.36658      264
 17.36658      261
 17.3988       259
 17.43102      256
 17.46324      253
 17.49546      250
 17.52768      247
 17.5599       244
 17.5599       241
 17.59212      239
 17.62434      236
 17.65656      233
 17.68878      230
 17.721        227
 17.75322      225
 17.78544      222
 17.78544      219
 17.81766      217
 17.84988      214
 17.8821       212
 17.91432      210
 17.94654      207
 17.94654      205
 17.97876      203
 18.01098      200
 18.0432       198
 18.07542      196
 18.10764      194
 18.13986      192
 18.17208      190
 18.17208      189
 18.2043       187
 18.23652      186
 18.26874      185
 18.30096      183
 18.33318      182
 18.33318      181
 18.3654       180
 18.39762      179
 18.42984      178
 18.46206      177
 18.49428      177
 18.5265       176
 18.5265       175
 18.55872      175
 18.59094      174
 18.62316      174
 18.65538      173
 18.6876       173
 18.6876       172
 18.71982      172
 18.75204      172
 18.78426      172
 18.81648      172
 18.8487       172
 18.88092      172
 18.88092      172
 18.91314      172
 18.94536      172
 18.97758      173
 19.0098       173
 19.04202      173
 19.07424      174
 19.07424      174
 19.10646      175
 19.13868      175
 19.1709       176
 19.20312      176
 19.23534      177
 19.23534      177
 19.26756      178
 19.29978      179
 19.332        180
 19.36422      181
 19.39644      181
 19.42866      182
 19.42866      184
 19.46088      184
 19.52532      186
 19.55754      187
 19.58976      188
 19.58976      189
 19.62198      191
 19.6542       192
 19.68642      193
 19.71864      195
 19.75086      196
 19.78308      198
 19.78308      199
 19.8153       202
 19.84752      204
 19.87974      205
 19.91196      207
 19.94418      209
 19.94418      211
 19.9764       213
 20.00862      215
 20.04084      217
 20.07306      219
 20.10528      221
 20.1375       223
 20.1375       225
 20.16972      228
 20.20194      230
 20.23416      232
 20.26638      235
 20.2986       237
 20.2986       240
 20.33082      242
 20.36304      244
 20.39526      247
 20.42748      249
 20.4597       252
 20.4597       255
 20.49192      257
 20.52414      260
 20.55636      263
 20.58858      265
 20.6208       268
 20.65302      271
 20.65302      273
 20.68524      276
 20.71746      279
 20.74968      282
 20.7819       285
 20.81412      288
 20.81412      291
 20.84634      294
 20.87856      297
 20.91078      300
 20.943        303
 20.97522      306
 20.97522      309
 21.00744      312
 21.03966      315
 21.07188      319
 21.1041       321
 21.1041       324
 21.13632      327
 21.16854      330
 21.20076      333
 21.23298      336
 21.2652       339
 21.29742      342
 21.29742      344
 21.32964      347
 21.36186      350
 21.39408      352
 21.4263       355
 21.45852      357
 21.45852      359
 21.49074      362
 21.52296      364
 21.55518      366
 21.5874       368
 21.5874       370
 21.61962      372
 21.65184      374
 21.68406      376
 21.71628      377
 21.7485       379
 21.78072      380
 21.78072      381
 21.81294      383
 21.84516      384
 21.87738      385
 21.9096       386
 21.94182      386
 21.94182      387
 21.97404      388
 22.00626      388
 22.03848      388
 22.0707       389
 22.10292      388
 22.10292      388
 22.13514      388
 22.16736      388
 22.19958      387
 22.2318       387
 22.2318       386
 22.26402      385
 22.29624      384
 22.32846      383
 22.36068      382
 22.3929       381
 22.3929       379
 22.42512      378
 22.45734      376
 22.48956      375
 22.52178      373
 22.554        371
 22.554        370
 22.58622      368
 22.61844      366
 22.65066      364
 22.68288      363
 22.7151       361
 22.7151       359
 22.77954      357
 22.81176      355
 22.84398      353
 22.84398      351
 22.8762       349
 22.90842      347
 22.94064      346
 22.97286      344
 22.97286      342
 23.00508      340
 23.0373       338
 23.06952      336
 23.10174      334
 23.13396      333
 23.13396      331
 23.16618      330
 23.1984       328
 23.23062      327
 23.26284      326
 23.26284      324
 23.29506      323
 23.32728      322
 23.3595       321
 23.39172      320
 23.42394      319
 23.42394      318
 23.45616      317
 23.48838      316
 23.5206       315
 23.55282      314
 23.55282      313
 23.58504      312
 23.61726      311
 23.64948      311
 23.6817       310
 23.71392      310
 23.71392      309
 23.74614      309
 23.77836      308
 23.81058      308
 23.8428       308
 23.8428       307
 23.87502      307
 23.90724      307
 23.93946      307
 23.97168      307
 24.0039       306
 24.0039       306
 24.03612      306
 24.06834      306
 24.10056      306
 24.13278      306
 24.13278      306
 24.165        306
 24.19722      306
 24.22944      306
 24.26166      306
 24.29388      306
 24.29388      306
 24.3261       306
 24.35832      307
 24.39054      307
 24.42276      307
 24.42276      308
 24.45498      308
 24.4872       309
 24.51942      309
 24.55164      310
 24.58386      311
 24.58386      311
 24.61608      312
 24.6483       313
 24.68052      314
 24.68052      315
 24.71274      316
 24.74496      317
 24.77718      318
 24.8094       319
 24.8094       320
 24.84162      322
 24.87384      323
 24.90606      324
 24.93828      326
 24.9705       327
 24.9705       329
 25.00272      330
 25.03494      332
 25.06716      334
 25.09938      335
 25.09938      337
 25.1316       339
 25.16382      341
 25.19604      343
 25.22826      345
 25.22826      347
 25.26048      349
 25.2927       351
 25.32492      353
 25.35714      355
 25.35714      357
 25.38936      360
 25.42158      362
 25.4538       364
 25.48602      367
 25.51824      369
 25.51824      371
 25.55046      374
 25.58268      376
 25.6149       378
 25.6149       381
 25.64712      383
 25.67934      386
 25.71156      389
 25.74378      391
 25.74378      394
 25.776        396
 25.80822      399
 25.84044      402
 25.87266      405
 25.87266      408
 25.90488      411
 25.9371       413
 25.96932      416
 26.03376      419
 26.03376      421
 26.06598      424
 26.0982       427
 26.13042      430
 26.13042      432
 26.16264      435
 26.19486      438
 26.22708      441
 26.2593       443
 26.2593       446
 26.29152      449
 26.32374      451
 26.35596      453
 26.38818      456
 26.4204       459
 26.4204       461
 26.45262      464
 26.48484      466
 26.51706      469
 26.51706      471
 26.54928      474
 26.5815       476
 26.61372      478
 26.64594      481
 26.67816      483
 26.67816      485
 26.71038      488
 26.7426       490
 26.77482      492
 26.77482      494
 26.80704      496
 26.83926      498
 26.87148      500
 26.9037       501
 26.9037       503
 26.93592      506
 26.96814      507
 27.00036      509
 27.03258      511
 27.03258      512
 27.0648       513
 27.09702      515
 27.12924      516
 27.12924      517
 27.16146      518
 27.19368      519
 27.2259       520
 27.25812      521
 27.25812      521
 27.29034      522
 27.32256      523
 27.35478      523
 27.35478      524
 27.387        525
 27.41922      525
 27.45144      526
 27.48366      526
 27.48366      527
 27.51588      527
 27.5481       528
 27.58032      528
 27.61254      528
 27.61254      528
 27.64476      528
 27.67698      528
 27.7092       528
 27.7092       529
 27.74142      529
 27.77364      528
 27.80586      529
 27.83808      528
 27.83808      528
 27.8703       528
 27.90252      528
 27.93474      528
 27.96696      527
 27.96696      527
 27.99918      527
 28.0314       527
 28.06362      526
 28.06362      526
 28.09584      526
 28.12806      526
 28.16028      526
 28.1925       525
 28.1925       525
 28.22472      525
 28.25694      524
 28.25694      524
 28.28916      524
 28.32138      523
 28.3536       523
 28.38582      523
 28.38582      523
 28.41804      522
 28.45026      522
 28.48248      522
 28.5147       522
 28.5147       521
 28.54692      521
