 0             0
 0             0
 0             0
 0             0
 0             0
 6.444e-002    0
 9.666e-002    0
 9.666e-002    0
 0.12888       0
 0.1611        0
 0.1611        0
 0.22554       0
 0.22554       0
 0.25776       0
 0.3222        0
 0.3222        0
 0.3222        0
 0.38664       0
 0.38664       0
 0.41886       0
 0.45108       0
 0.45108       0
 0.51552       0
 0.54774       0
 0.54774       0
 0.61218       0
 0.61218       0
 0.61218       0
 0.67662       0
 0.67662       0
 0.70884       0
 0.77328       0
 0.77328       0
 0.8055        0
 0.83772       0
 0.83772       0
 0.90216       0
 0.90216       0
 0.93438       0
 0.9666        0
 0.99882       0
 0.99882       0
 1.06326       0
 1.06326       0
 1.09548       0
 1.1277        0
 1.15992       0
 1.19214       0
 1.22436       0
 1.22436       0
 1.2888        0
 1.2888        0
 1.32102       0
 1.35324       0
 1.38546       0
 1.38546       0
 1.4499        0
 1.4499        0
 1.48212       0
 1.54656       0
 1.54656       0
 1.57878       0
 1.611         0
 1.611         0
 1.67544       0
 1.67544       0
 1.70766       0
 1.73988       0
 1.7721        0
 1.80432       0
 1.83654       0
 1.83654       0
 1.86876       0
 1.9332        0
 1.9332        0
 1.96542       0
 1.99764       0
 2.02986       0
 2.06208       0
 2.0943        0
 2.0943        0
 2.15874       0
 2.15874       0
 2.19096       0
 2.22318       0
 2.2554        0
 2.28762       0
 2.31984       0
 2.31984       0
 2.35206       0
 2.38428       0
 2.4165        0
 2.44872       0
 2.48094       0
 2.48094       0
 2.54538       0
 2.54538       0
 2.5776        0
 2.60982       0
 2.64204       0
 2.67426       0
 2.70648       0
 2.70648       0
 2.77092       0
 2.77092       0
 2.80314       0
 2.83536       0
 2.86758       0
 2.8998        0
 2.93202       0
 2.96424       0
 2.96424       0
 3.02868       0
 3.02868       0
 3.0609        0
 3.09312       0
 3.12534       0
 3.15756       0
 3.18978       0
 3.18978       0
 3.25422       0
 3.28644       0
 3.31866       0
 3.35088       0
 3.3831        0
 3.3831        0
 3.44754       0
 3.44754       0
 3.47976       0
 3.51198       0
 3.5442        0
 3.57642       0
 3.60864       0
 3.60864       0
 3.67308       0
 3.67308       0
 3.7053        0
 3.73752       0
 3.76974       0
 3.80196       0
 3.83418       0
 3.8664        0
 3.8664        0
 3.93084       0
 3.93084       0
 3.96306       0
 3.99528       0
 4.0275        0
 4.05972       0
 4.09194       0
 4.09194       0
 4.15638       0
 4.15638       0
 4.1886        1
 4.22082       1
 4.25304       1
 4.28526       1
 4.31748       1
 4.3497        1
 4.38192       1
 4.41414       1
 4.41414       1
 4.44636       2
 4.47858       2
 4.5108        2
 4.54302       2
 4.57524       2
 4.60746       2
 4.63968       2
 4.63968       2
 4.6719        3
 4.70412       3
 4.73634       3
 4.76856       3
 4.80078       3
 4.833         4
 4.86522       4
 4.89744       4
 4.89744       4
 4.96188       4
 4.96188       4
 4.9941        5
 5.02632       5
 5.05854       5
 5.09076       5
 5.12298       6
 5.1552        6
 5.18742       6
 5.21964       6
 5.21964       7
 5.25186       7
 5.28408       7
 5.3163        7
 5.34852       8
 5.38074       8
 5.41296       8
 5.44518       8
 5.44518       8
 5.4774        9
 5.50962       9
 5.54184       9
 5.57406       10
 5.60628       10
 5.6385        10
 5.67072       11
 5.70294       11
 5.70294       11
 5.76738       12
 5.76738       12
 5.7996        12
 5.83182       13
 5.86404       13
 5.89626       13
 5.92848       14
 5.9607        14
 5.99292       15
 6.02514       15
 6.02514       15
 6.05736       16
 6.08958       16
 6.1218        16
 6.15402       17
 6.18624       17
 6.21846       18
 6.25068       18
 6.25068       19
 6.2829        19
 6.31512       19
 6.34734       20
 6.37956       20
 6.41178       21
 6.444         21
 6.50844       22
 6.54066       22
 6.54066       23
 6.57288       23
 6.6051        23
 6.63732       24
 6.66954       24
 6.70176       24
 6.73398       25
 6.7662        25
 6.79842       25
 6.79842       25
 6.83064       25
 6.86286       25
 6.89508       26
 6.9273        25
 6.95952       25
 6.99174       25
 7.02396       25
 7.05618       25
 7.0884        25
 7.0884        25
 7.12062       25
 7.15284       24
 7.18506       24
 7.21728       24
 7.2495        24
 7.28172       23
 7.31394       23
 7.34616       23
 7.34616       22
 7.37838       22
 7.4106        21
 7.44282       21
 7.47504       21
 7.50726       20
 7.53948       20
 7.5717        19
 7.60392       19
 7.60392       19
 7.63614       18
 7.66836       18
 7.70058       17
 7.7328        17
 7.76502       17
 7.79724       16
 7.82946       16
 7.86168       16
 7.8939        15
 7.8939        15
 7.92612       15
 7.95834       14
 7.99056       14
 8.02278       14
 8.055         13
 8.08722       13
 8.11944       13
 8.15166       13
 8.15166       12
 8.18388       12
 8.2161        12
 8.24832       12
 8.28054       12
 8.31276       11
 8.34498       11
 8.3772        11
 8.40942       11
 8.40942       11
 8.44164       11
 8.47386       11
 8.50608       11
 8.5383        11
 8.57052       11
 8.60274       11
 8.63496       11
 8.66718       11
 8.6994        11
 8.6994        11
 8.73162       11
 8.76384       11
 8.79606       11
 8.82828       11
 8.8605        11
 8.89272       12
 8.92494       12
 8.95716       12
 8.95716       12
 8.98938       12
 9.0216        12
 9.05382       13
 9.08604       13
 9.11826       13
 9.15048       14
 9.1827        14
 9.1827        14
 9.21492       14
 9.24714       15
 9.27936       18
 9.31158       19
 9.3438        18
 9.37602       18
 9.40824       19
 9.44046       18
 9.44046       19
 9.47268       19
 9.5049        19
 9.53712       19
 9.56934       19
 9.60156       20
 9.63378       20
 9.666         20
 9.69822       21
 9.73044       21
 9.76266       21
 9.79488       22
 9.8271        22
 9.85932       23
 9.89154       23
 9.92376       24
 9.92376       24
 9.95598       25
 9.9882        25
 10.02042      25
 10.05264      26
 10.08486      26
 10.11708      27
 10.1493       28
 10.18152      28
 10.18152      29
 10.21374      29
 10.24596      30
 10.27818      31
 10.3104       31
 10.34262      32
 10.37484      32
 10.40706      33
 10.40706      34
 10.43928      34
 10.4715       35
 10.50372      36
 10.53594      36
 10.56816      37
 10.60038      38
 10.6326       38
 10.66482      39
 10.66482      40
 10.69704      40
 10.72926      41
 10.76148      43
 10.7937       44
 10.82592      44
 10.85814      45
 10.89036      46
 10.89036      47
 10.92258      47
 10.9548       48
 10.98702      49
 11.01924      49
 11.05146      50
 11.08368      51
 11.1159       52
 11.14812      53
 11.14812      54
 11.18034      54
 11.21256      55
 11.24478      56
 11.277        56
 11.30922      57
 11.34144      58
 11.34144      59
 11.37366      59
 11.40588      60
 11.4381       60
 11.47032      61
 11.50254      61
 11.53476      62
 11.56698      62
 11.5992       62
 11.5992       63
 11.63142      63
 11.66364      63
 11.69586      63
 11.72808      63
 11.7603       62
 11.79252      62
 11.82474      62
 11.82474      62
 11.85696      61
 11.88918      61
 11.9214       60
 11.95362      60
 11.98584      59
 12.01806      58
 12.05028      58
 12.05028      57
 12.0825       56
 12.11472      55
 12.14694      55
 12.17916      54
 12.21138      53
 12.2436       52
 12.27582      52
 12.27582      51
 12.30804      50
 12.34026      49
 12.37248      48
 12.4047       47
 12.43692      46
 12.46914      45
 12.46914      44
 12.50136      43
 12.53358      42
 12.5658       41
 12.59802      40
 12.63024      39
 12.66246      38
 12.69468      37
 12.69468      37
 12.7269       36
 12.75912      35
 12.79134      34
 12.82356      33
 12.85578      33
 12.888        32
 12.92022      31
 12.92022      31
 12.95244      30
 13.01688      29
 13.0491       29
 13.08132      28
 13.11354      28
 13.11354      27
 13.14576      27
 13.17798      26
 13.2102       26
 13.24242      26
 13.27464      25
 13.30686      22
 13.33908      20
 13.33908      23
 13.3713       24
 13.40352      24
 13.43574      24
 13.46796      23
 13.50018      23
 13.5324       23
 13.56462      23
 13.56462      23
 13.59684      23
 13.62906      23
 13.66128      23
 13.6935       23
 13.72572      23
 13.72572      23
 13.75794      23
 13.79016      23
 13.82238      24
 13.8546       24
 13.88682      24
 13.91904      24
 13.95126      24
 13.95126      25
 13.98348      25
 14.0157       25
 14.04792      26
 14.08014      26
 14.11236      26
 14.14458      27
 14.1768       27
 14.1768       28
 14.20902      28
 14.24124      29
 14.27346      29
 14.30568      30
 14.3379       30
 14.3379       30
 14.37012      31
 14.40234      32
 14.43456      32
 14.46678      33
 14.499        33
 14.53122      34
 14.53122      35
 14.56344      35
 14.59566      36
 14.62788      36
 14.6601       37
 14.69232      38
 14.72454      38
 14.72454      39
 14.75676      40
 14.78898      41
 14.8212       41
 14.85342      42
 14.88564      43
 14.91786      44
 14.95008      45
 14.95008      45
 14.9823       46
 15.01452      47
 15.04674      48
 15.07896      49
 15.11118      50
 15.11118      51
 15.1434       52
 15.17562      52
 15.20784      53
 15.24006      54
 15.27228      55
 15.27228      56
 15.3045       57
 15.33672      57
 15.36894      58
 15.40116      59
 15.43338      60
 15.4656       61
 15.49782      62
 15.49782      63
 15.53004      64
 15.56226      65
 15.59448      66
 15.6267       67
 15.65892      68
 15.65892      70
 15.69114      71
 15.72336      72
 15.75558      73
 15.7878       74
 15.82002      75
 15.85224      76
 15.85224      77
 15.88446      78
 15.91668      80
 15.9489       81
 15.98112      82
 16.01334      83
 16.01334      84
 16.04556      85
 16.07778      86
 16.11         87
 16.14222      88
 16.17444      89
 16.20666      90
 16.23888      91
 16.2711       92
 16.30332      93
 16.33554      94
 16.36776      94
 16.39998      95
 16.39998      96
 16.4322       96
 16.46442      97
 16.49664      97
 16.52886      97
 16.56108      97
 16.5933       97
 16.5933       98
 16.62552      98
 16.65774      97
 16.68996      97
 16.72218      97
 16.7544       97
 16.7544       97
 16.78662      96
 16.81884      96
 16.85106      95
 16.88328      95
 16.9155       94
 16.9155       94
 16.94772      93
 16.97994      92
 17.01216      92
 17.04438      91
 17.0766       90
 17.10882      89
 17.10882      88
 17.14104      87
 17.17326      86
 17.20548      85
 17.2377       84
 17.26992      83
 17.26992      82
 17.30214      81
 17.33436      79
 17.36658      78
 17.3988       77
 17.43102      75
 17.43102      74
 17.46324      73
 17.49546      72
 17.52768      71
 17.5599       70
 17.59212      68
 17.59212      67
 17.62434      66
 17.65656      65
 17.68878      64
 17.721        63
 17.75322      62
 17.78544      61
 17.78544      60
 17.81766      60
 17.84988      62
 17.8821       60
 17.91432      59
 17.94654      58
 17.94654      57
 17.97876      56
 18.01098      55
 18.0432       54
 18.07542      53
 18.10764      52
 18.10764      51
 18.13986      51
 18.17208      50
 18.2043       49
 18.23652      49
 18.26874      48
 18.26874      48
 18.30096      47
 18.33318      47
 18.3654       47
 18.39762      46
 18.42984      46
 18.46206      46
 18.46206      45
 18.49428      45
 18.5265       45
 18.55872      45
 18.59094      45
 18.62316      44
 18.62316      44
 18.65538      44
 18.6876       44
 18.71982      44
 18.75204      44
 18.75204      44
 18.78426      44
 18.81648      45
 18.8487       45
 18.88092      45
 18.91314      46
 18.91314      46
 18.94536      46
 18.97758      46
 19.0098       46
 19.04202      47
 19.07424      47
 19.07424      47
 19.10646      48
 19.13868      48
 19.1709       48
 19.20312      49
 19.23534      49
 19.23534      50
 19.26756      50
 19.29978      51
 19.332        51
 19.36422      52
 19.39644      52
 19.39644      53
 19.42866      53
 19.46088      54
 19.52532      55
 19.55754      55
 19.55754      56
 19.58976      57
 19.62198      57
 19.6542       58
 19.68642      58
 19.68642      59
 19.71864      60
 19.75086      60
 19.78308      61
 19.8153       62
 19.84752      63
 19.84752      64
 19.87974      65
 19.91196      66
 19.94418      67
 19.9764       68
 20.00862      68
 20.00862      70
 20.04084      70
 20.07306      71
 20.10528      73
 20.1375       73
 20.16972      75
 20.16972      76
 20.20194      77
 20.23416      78
 20.26638      79
 20.2986       80
 20.2986       81
 20.33082      82
 20.36304      83
 20.39526      85
 20.42748      86
 20.4597       87
 20.4597       88
 20.49192      89
 20.52414      90
 20.55636      92
 20.58858      93
 20.58858      93
 20.6208       94
 20.65302      95
 20.68524      96
 20.71746      96
 20.74968      97
 20.74968      98
 20.7819       99
 20.81412      101
 20.84634      103
 20.87856      104
 20.87856      105
 20.91078      107
 20.943        108
 20.97522      109
 21.00744      110
 21.03966      112
 21.03966      113
 21.07188      114
 21.1041       115
 21.13632      117
 21.16854      117
 21.20076      118
 21.20076      120
 21.23298      120
 21.2652       121
 21.29742      122
 21.32964      123
 21.32964      124
 21.36186      124
 21.39408      125
 21.4263       125
 21.45852      126
 21.45852      126
 21.49074      127
 21.52296      127
 21.55518      127
 21.5874       128
 21.61962      128
 21.61962      128
 21.65184      128
 21.68406      128
 21.71628      128
 21.7485       128
 21.7485       127
 21.78072      127
 21.81294      127
 21.84516      127
 21.87738      127
 21.9096       126
 21.9096       126
 21.94182      125
 21.97404      125
 22.00626      124
 22.03848      123
 22.03848      122
 22.0707       122
 22.10292      121
 22.13514      120
 22.16736      119
 22.19958      118
 22.19958      117
 22.2318       116
 22.26402      115
 22.29624      114
 22.32846      113
 22.32846      112
 22.36068      111
 22.3929       110
 22.42512      109
 22.45734      108
 22.45734      107
 22.48956      106
 22.52178      105
 22.554        104
 22.58622      103
 22.58622      102
 22.61844      101
 22.65066      99
 22.68288      98
 22.7151       97
 22.7151       96
 22.77954      95
 22.81176      94
 22.84398      93
 22.8762       92
 22.8762       91
 22.90842      91
 22.94064      90
 22.97286      89
 22.97286      88
 23.00508      87
 23.0373       87
 23.06952      86
 23.10174      85
 23.10174      85
 23.13396      84
 23.16618      84
 23.1984       83
 23.23062      82
 23.23062      81
 23.26284      81
 23.29506      81
 23.32728      80
 23.3595       80
 23.39172      79
 23.39172      79
 23.42394      78
 23.45616      78
 23.48838      78
 23.5206       77
 23.5206       77
 23.55282      77
 23.58504      76
 23.61726      76
 23.64948      76
 23.64948      76
 23.6817       76
 23.71392      76
 23.74614      75
 23.74614      75
 23.77836      75
 23.81058      75
 23.8428       75
 23.87502      75
 23.90724      75
 23.90724      76
 23.93946      76
 23.97168      76
 24.0039       76
 24.03612      76
 24.03612      76
 24.06834      76
 24.10056      76
 24.13278      76
 24.165        76
 24.165        76
 24.19722      77
 24.22944      77
 24.26166      77
 24.26166      78
 24.29388      78
 24.3261       78
 24.35832      79
 24.39054      79
 24.39054      79
 24.42276      80
 24.45498      80
 24.4872       81
 24.51942      81
 24.51942      82
 24.55164      83
 24.58386      83
 24.61608      84
 24.6483       84
 24.6483       85
 24.68052      85
 24.71274      86
 24.74496      87
 24.74496      87
 24.77718      88
 24.8094       89
 24.84162      90
 24.87384      90
 24.87384      91
 24.90606      92
 24.93828      93
 24.9705       94
 25.00272      95
 25.00272      96
 25.03494      96
 25.06716      98
 25.09938      98
 25.09938      99
 25.1316       101
 25.16382      102
 25.19604      103
 25.22826      104
 25.22826      105
 25.26048      106
 25.2927       107
 25.32492      108
 25.35714      111
 25.35714      115
 25.38936      116
 25.42158      116
 25.4538       117
 25.4538       118
 25.48602      119
 25.51824      119
 25.55046      120
 25.58268      121
 25.58268      122
 25.6149       123
 25.64712      124
 25.67934      125
 25.71156      126
 25.71156      127
 25.74378      129
 25.776        130
 25.80822      131
 25.80822      132
 25.84044      133
 25.87266      134
 25.90488      135
 25.9371       136
 25.9371       137
 25.96932      139
 26.03376      140
 26.06598      141
 26.06598      142
 26.0982       143
 26.13042      144
 26.16264      145
 26.16264      146
 26.19486      147
 26.22708      148
 26.2593       149
 26.29152      150
 26.29152      151
 26.32374      151
 26.35596      152
 26.38818      153
 26.4204       153
 26.4204       154
 26.45262      153
 26.48484      154
 26.51706      155
 26.51706      155
 26.54928      156
 26.5815       158
 26.61372      158
 26.61372      158
 26.64594      159
 26.67816      159
 26.71038      159
 26.7426       159
 26.7426       159
 26.77482      160
 26.80704      159
 26.83926      159
 26.83926      160
 26.87148      159
 26.9037       159
 26.93592      159
 26.96814      159
 26.96814      159
 27.00036      158
 27.03258      158
 27.0648       158
 27.0648       157
 27.09702      157
 27.12924      156
 27.16146      156
 27.19368      155
 27.19368      155
 27.2259       154
 27.25812      154
 27.29034      153
 27.29034      152
 27.32256      152
 27.35478      151
 27.387        150
 27.387        150
 27.41922      149
 27.45144      149
 27.48366      148
 27.48366      147
 27.51588      147
 27.5481       146
 27.58032      145
 27.61254      145
 27.61254      144
 27.64476      143
 27.67698      143
 27.7092       142
 27.7092       141
 27.74142      141
 27.77364      140
 27.80586      139
 27.80586      138
 27.83808      138
 27.8703       137
 27.90252      136
 27.90252      136
 27.93474      135
 27.96696      134
 27.99918      134
