 0             0
 0             1
 0             2
 0             2
 3.222e-002    2
 3.222e-002    2
 9.666e-002    2
 9.666e-002    2
 0.12888       2
 0.19332       1
 0.19332       1
 0.19332       1
 0.25776       0
 0.25776       0
 0.28998       0
 0.3222        0
 0.3222        0
 0.38664       0
 0.38664       0
 0.41886       0
 0.45108       0
 0.4833        0
 0.4833        0
 0.54774       0
 0.54774       0
 0.57996       0
 0.61218       0
 0.61218       0
 0.67662       0
 0.70884       0
 0.70884       0
 0.77328       0
 0.77328       0
 0.8055        0
 0.83772       0
 0.83772       0
 0.86994       0
 0.93438       0
 0.93438       0
 0.9666        0
 0.99882       0
 0.99882       0
 1.06326       0
 1.09548       0
 1.09548       0
 1.15992       0
 1.15992       0
 1.19214       0
 1.22436       0
 1.22436       0
 1.25658       0
 1.32102       0
 1.32102       0
 1.35324       0
 1.38546       0
 1.38546       0
 1.4499        0
 1.48212       0
 1.48212       0
 1.54656       0
 1.54656       0
 1.57878       0
 1.611         0
 1.64322       0
 1.67544       0
 1.70766       0
 1.70766       0
 1.73988       0
 1.7721        0
 1.80432       0
 1.83654       0
 1.86876       0
 1.86876       0
 1.9332        0
 1.9332        0
 1.96542       0
 1.99764       0
 2.02986       0
 2.06208       0
 2.0943        0
 2.0943        0
 2.15874       0
 2.15874       0
 2.19096       0
 2.22318       0
 2.2554        0
 2.28762       0
 2.31984       0
 2.31984       1
 2.38428       0
 2.38428       0
 2.4165        0
 2.44872       0
 2.48094       1
 2.51316       1
 2.54538       1
 2.54538       1
 2.60982       1
 2.60982       1
 2.64204       2
 2.67426       2
 2.70648       2
 2.7387        2
 2.77092       2
 2.77092       3
 2.83536       3
 2.86758       3
 2.86758       3
 2.8998        3
 2.93202       3
 2.96424       4
 2.99646       4
 3.02868       4
 3.02868       4
 3.09312       5
 3.09312       5
 3.12534       5
 3.15756       5
 3.18978       6
 3.25422       6
 3.28644       6
 3.28644       6
 3.31866       7
 3.35088       7
 3.3831        8
 3.41532       8
 3.44754       8
 3.44754       8
 3.51198       8
 3.51198       8
 3.5442        9
 3.57642       9
 3.60864       9
 3.64086       10
 3.67308       10
 3.67308       12
 3.73752       14
 3.73752       15
 3.76974       17
 3.80196       17
 3.83418       17
 3.8664        18
 3.89862       18
 3.93084       18
 3.96306       18
 3.99528       18
 3.99528       19
 4.05972       19
 4.05972       19
 4.09194       20
 4.12416       20
 4.15638       20
 4.1886        21
 4.22082       21
 4.22082       22
 4.25304       23
 4.28526       23
 4.31748       24
 4.3497        24
 4.38192       25
 4.41414       26
 4.44636       26
 4.47858       27
 4.47858       29
 4.54302       30
 4.54302       30
 4.57524       31
 4.60746       32
 4.63968       32
 4.6719        33
 4.70412       34
 4.73634       35
 4.76856       35
 4.80078       36
 4.80078       37
 4.86522       38
 4.86522       39
 4.89744       40
 4.92966       41
 4.96188       41
 4.9941        43
 5.02632       43
 5.05854       45
 5.09076       46
 5.09076       47
 5.12298       48
 5.1552        49
 5.18742       50
 5.21964       51
 5.25186       52
 5.28408       53
 5.3163        55
 5.34852       56
 5.34852       57
 5.38074       59
 5.41296       60
 5.44518       61
 5.4774        63
 5.50962       64
 5.54184       66
 5.57406       67
 5.60628       68
 5.60628       70
 5.67072       72
 5.67072       73
 5.70294       75
 5.73516       77
 5.76738       79
 5.7996        81
 5.83182       82
 5.86404       84
 5.89626       86
 5.92848       87
 5.92848       89
 5.9607        90
 5.99292       92
 6.02514       93
 6.05736       95
 6.08958       97
 6.1218        98
 6.15402       100
 6.18624       102
 6.21846       104
 6.21846       106
 6.25068       108
 6.2829        110
 6.31512       112
 6.34734       114
 6.37956       116
 6.41178       117
 6.444         119
 6.47622       121
 6.50844       122
 6.54066       124
 6.57288       125
 6.6051        127
 6.63732       128
 6.66954       128
 6.70176       129
 6.73398       130
 6.73398       130
 6.7662        131
 6.79842       130
 6.83064       130
 6.86286       130
 6.89508       129
 6.9273        128
 6.95952       127
 6.99174       125
 6.99174       124
 7.05618       123
 7.05618       121
 7.0884        119
 7.12062       117
 7.15284       115
 7.18506       113
 7.21728       111
 7.2495        109
 7.28172       107
 7.31394       104
 7.31394       102
 7.34616       100
 7.37838       97
 7.4106        95
 7.44282       93
 7.47504       90
 7.50726       88
 7.53948       86
 7.5717        84
 7.5717        82
 7.60392       79
 7.63614       77
 7.66836       75
 7.70058       73
 7.7328        71
 7.76502       69
 7.79724       67
 7.82946       66
 7.86168       64
 7.86168       63
 7.8939        62
 7.92612       60
 7.95834       59
 7.99056       57
 8.02278       55
 8.055         53
 8.08722       52
 8.11944       51
 8.11944       50
 8.15166       49
 8.18388       48
 8.2161        48
 8.24832       48
 8.28054       47
 8.31276       47
 8.34498       47
 8.3772        47
 8.40942       47
 8.40942       47
 8.44164       47
 8.47386       48
 8.50608       48
 8.5383        48
 8.57052       49
 8.60274       49
 8.63496       50
 8.66718       50
 8.6994        51
 8.73162       52
 8.73162       52
 8.76384       53
 8.79606       54
 8.82828       55
 8.8605        56
 8.89272       57
 8.92494       58
 8.95716       59
 8.98938       59
 8.98938       61
 9.05382       62
 9.05382       63
 9.08604       64
 9.11826       65
 9.15048       66
 9.1827        68
 9.21492       69
 9.24714       71
 9.27936       72
 9.31158       73
 9.31158       75
 9.3438        76
 9.37602       78
 9.40824       80
 9.44046       81
 9.47268       83
 9.5049        85
 9.53712       86
 9.53712       88
 9.56934       90
 9.60156       91
 9.63378       93
 9.666         95
 9.69822       97
 9.76266       99
 9.79488       102
 9.79488       103
 9.8271        105
 9.85932       107
 9.89154       109
 9.92376       111
 9.95598       113
 9.9882        115
 10.02042      118
 10.05264      119
 10.05264      122
 10.08486      124
 10.11708      126
 10.1493       129
 10.18152      131
 10.21374      133
 10.24596      136
 10.27818      138
 10.27818      140
 10.3104       143
 10.34262      145
 10.37484      148
 10.40706      150
 10.43928      153
 10.4715       155
 10.50372      158
 10.53594      161
 10.53594      163
 10.56816      166
 10.60038      169
 10.6326       172
 10.66482      174
 10.69704      177
 10.72926      180
 10.76148      183
 10.76148      185
 10.7937       188
 10.82592      191
 10.85814      194
 10.89036      198
 10.92258      201
 10.9548       205
 10.98702      208
 10.98702      210
 11.01924      213
 11.05146      216
 11.08368      219
 11.1159       222
 11.14812      225
 11.18034      228
 11.21256      231
 11.24478      233
 11.24478      236
 11.277        239
 11.30922      241
 11.34144      243
 11.37366      245
 11.40588      247
 11.4381       249
 11.47032      251
 11.47032      252
 11.50254      253
 11.53476      254
 11.56698      255
 11.5992       255
 11.63142      255
 11.66364      255
 11.69586      254
 11.69586      253
 11.72808      252
 11.7603       250
 11.79252      248
 11.82474      246
 11.85696      243
 11.88918      240
 11.9214       238
 11.95362      234
 11.95362      231
 11.98584      228
 12.01806      224
 12.05028      221
 12.0825       217
 12.11472      214
 12.14694      210
 12.17916      206
 12.17916      202
 12.21138      198
 12.2436       194
 12.27582      190
 12.30804      186
 12.34026      181
 12.37248      177
 12.4047       173
 12.4047       169
 12.43692      165
 12.46914      161
 12.50136      157
 12.53358      153
 12.5658       149
 12.59802      146
 12.63024      142
 12.63024      139
 12.66246      136
 12.69468      132
 12.7269       129
 12.75912      127
 12.79134      124
 12.82356      122
 12.85578      120
 12.85578      117
 12.888        114
 12.92022      112
 12.95244      110
 13.01688      108
 13.0491       106
 13.0491       104
 13.08132      103
 13.11354      101
 13.14576      99
 13.17798      98
 13.2102       97
 13.24242      96
 13.24242      96
 13.27464      95
 13.30686      94
 13.33908      94
 13.3713       93
 13.40352      93
 13.43574      93
 13.46796      93
 13.46796      93
 13.50018      93
 13.5324       93
 13.56462      94
 13.59684      94
 13.62906      94
 13.66128      95
 13.6935       95
 13.6935       96
 13.72572      97
 13.75794      97
 13.79016      99
 13.82238      100
 13.8546       101
 13.88682      102
 13.91904      104
 13.91904      105
 13.95126      106
 13.98348      107
 14.0157       108
 14.04792      110
 14.08014      112
 14.08014      113
 14.11236      116
 14.14458      117
 14.1768       119
 14.20902      121
 14.24124      122
 14.27346      124
 14.30568      126
 14.30568      128
 14.3379       130
 14.37012      132
 14.40234      134
 14.43456      136
 14.46678      138
 14.499        140
 14.499        141
 14.53122      143
 14.56344      144
 14.59566      147
 14.62788      148
 14.6601       151
 14.69232      153
 14.69232      155
 14.72454      158
 14.75676      160
 14.78898      162
 14.8212       165
 14.85342      167
 14.85342      170
 14.88564      173
 14.91786      175
 14.95008      178
 14.9823       181
 15.01452      184
 15.04674      187
 15.07896      190
 15.07896      192
 15.11118      196
 15.1434       198
 15.17562      202
 15.20784      205
 15.24006      208
 15.24006      211
 15.27228      214
 15.3045       217
 15.33672      220
 15.36894      224
 15.40116      227
 15.43338      230
 15.4656       234
 15.4656       237
 15.49782      241
 15.53004      244
 15.56226      248
 15.59448      251
 15.6267       255
 15.6267       258
 15.65892      262
 15.69114      265
 15.72336      269
 15.75558      273
 15.7878       276
 15.82002      280
 15.85224      283
 15.85224      287
 15.88446      291
 15.91668      294
 15.9489       298
 15.98112      302
 16.01334      306
 16.01334      309
 16.04556      313
 16.07778      316
 16.11         319
 16.14222      323
 16.17444      325
 16.20666      329
 16.23888      331
 16.2711       334
 16.30332      337
 16.33554      339
 16.36776      341
 16.39998      343
 16.39998      345
 16.4322       347
 16.46442      348
 16.49664      349
 16.52886      349
 16.56108      350
 16.56108      350
 16.5933       350
 16.62552      350
 16.65774      349
 16.68996      349
 16.72218      348
 16.7544       347
 16.7544       346
 16.78662      344
 16.81884      343
 16.85106      340
 16.88328      338
 16.9155       336
 16.9155       334
 16.94772      331
 16.97994      329
 17.01216      325
 17.04438      323
 17.0766       319
 17.10882      316
 17.10882      312
 17.14104      308
 17.17326      304
 17.20548      300
 17.2377       295
 17.26992      291
 17.30214      286
 17.30214      281
 17.33436      277
 17.36658      272
 17.3988       267
 17.43102      262
 17.46324      258
 17.46324      253
 17.49546      249
 17.52768      244
 17.5599       240
 17.59212      236
 17.62434      232
 17.62434      228
 17.65656      225
 17.68878      221
 17.721        217
 17.75322      214
 17.78544      211
 17.78544      208
 17.81766      205
 17.84988      202
 17.8821       198
 17.91432      195
 17.94654      192
 17.97876      190
 17.97876      188
 18.01098      185
 18.0432       183
 18.07542      181
 18.10764      180
 18.13986      178
 18.13986      176
 18.17208      175
 18.2043       174
 18.23652      172
 18.26874      172
 18.30096      170
 18.30096      170
 18.33318      169
 18.3654       168
 18.39762      168
 18.42984      167
 18.46206      167
 18.46206      166
 18.49428      166
 18.5265       165
 18.55872      165
 18.59094      163
 18.62316      162
 18.62316      161
 18.65538      160
 18.6876       160
 18.71982      159
 18.75204      159
 18.78426      160
 18.81648      160
 18.81648      161
 18.8487       162
 18.88092      163
 18.91314      166
 18.94536      168
 18.97758      170
 18.97758      171
 19.0098       173
 19.04202      174
 19.07424      175
 19.10646      177
 19.10646      178
 19.13868      180
 19.1709       181
 19.20312      182
 19.23534      184
 19.26756      186
 19.26756      187
 19.29978      189
 19.332        191
 19.36422      193
 19.39644      195
 19.42866      197
 19.42866      199
 19.46088      202
 19.52532      204
 19.55754      206
 19.58976      209
 19.58976      211
 19.62198      213
 19.6542       216
 19.68642      218
 19.71864      221
 19.75086      223
 19.75086      226
 19.78308      229
 19.8153       231
 19.84752      234
 19.87974      237
 19.91196      240
 19.91196      243
 19.94418      246
 19.9764       249
 20.00862      252
 20.04084      255
 20.04084      258
 20.07306      261
 20.10528      264
 20.1375       268
 20.16972      271
 20.20194      274
 20.20194      278
 20.23416      281
 20.26638      284
 20.2986       288
 20.33082      291
 20.36304      295
 20.36304      298
 20.39526      303
 20.42748      306
 20.4597       310
 20.49192      313
 20.52414      317
 20.52414      321
 20.55636      324
 20.58858      328
 20.6208       332
 20.65302      335
 20.68524      339
 20.68524      343
 20.71746      347
 20.74968      351
 20.7819       355
 20.81412      358
 20.81412      362
 20.84634      366
 20.87856      370
 20.91078      373
 20.943        377
 20.943        380
 20.97522      384
 21.00744      387
 21.03966      391
 21.07188      394
 21.1041       397
 21.1041       401
 21.13632      404
 21.16854      407
 21.20076      410
 21.23298      413
 21.23298      416
 21.2652       419
 21.29742      421
 21.32964      423
 21.36186      426
 21.39408      427
 21.39408      429
 21.4263       431
 21.45852      433
 21.49074      434
 21.52296      436
 21.55518      437
 21.55518      438
 21.5874       439
 21.61962      439
 21.65184      440
 21.68406      441
 21.68406      441
 21.71628      441
 21.7485       441
 21.78072      441
 21.81294      440
 21.84516      440
 21.84516      439
 21.87738      437
 21.9096       436
 21.94182      435
 21.97404      433
 21.97404      431
 22.00626      429
 22.03848      426
 22.0707       424
 22.10292      422
 22.10292      419
 22.13514      416
 22.16736      412
 22.19958      409
 22.2318       406
 22.26402      402
 22.26402      398
 22.29624      395
 22.32846      391
 22.36068      387
 22.3929       384
 22.3929       380
 22.42512      377
 22.45734      373
 22.48956      369
 22.52178      366
 22.554        362
 22.554        359
 22.58622      355
 22.61844      352
 22.65066      348
 22.65066      345
 22.68288      341
 22.7151       338
 22.77954      335
 22.81176      331
 22.81176      329
 22.84398      330
 22.8762       318
 22.90842      310
 22.94064      305
 22.94064      301
 22.97286      298
 23.00508      296
 23.0373       294
 23.06952      293
 23.06952      291
 23.10174      290
 23.13396      289
 23.16618      288
 23.1984       287
 23.1984       286
 23.23062      285
 23.26284      284
 23.29506      283
 23.32728      281
 23.32728      281
 23.3595       280
 23.39172      279
 23.42394      278
 23.45616      277
 23.45616      276
 23.48838      275
 23.5206       275
 23.55282      274
 23.58504      274
 23.58504      273
 23.61726      273
 23.64948      273
 23.6817       272
 23.71392      272
 23.74614      272
 23.74614      272
 23.77836      272
 23.81058      272
 23.8428       272
 23.8428       272
 23.87502      272
 23.90724      272
 23.93946      273
 23.97168      273
 23.97168      273
 24.0039       274
 24.03612      274
 24.06834      274
 24.10056      275
 24.10056      275
 24.13278      276
 24.165        277
 24.19722      277
 24.22944      278
 24.22944      279
 24.26166      280
 24.29388      281
 24.3261       282
 24.35832      283
 24.35832      285
 24.39054      286
 24.42276      288
 24.45498      289
 24.4872       290
 24.4872       292
 24.51942      294
 24.55164      295
 24.58386      297
 24.61608      299
 24.61608      308
 24.6483       302
 24.68052      299
 24.71274      299
 24.74496      300
 24.74496      301
 24.77718      304
 24.8094       307
 24.84162      309
 24.87384      312
 24.87384      315
 24.90606      319
 24.93828      322
 24.9705       325
 24.9705       328
 25.00272      331
 25.03494      334
 25.06716      337
 25.09938      340
 25.09938      343
 25.1316       346
 25.16382      349
 25.19604      351
 25.22826      355
 25.22826      358
 25.26048      361
 25.2927       364
 25.32492      367
 25.32492      371
 25.35714      374
 25.38936      377
 25.42158      381
 25.4538       384
 25.4538       388
 25.48602      392
 25.51824      395
 25.55046      399
 25.58268      405
 25.58268      409
 25.6149       412
 25.64712      416
 25.67934      419
 25.67934      422
 25.71156      425
 25.74378      427
 25.776        430
 25.80822      433
 25.80822      436
 25.84044      440
 25.87266      442
 25.90488      445
 25.9371       449
 25.9371       451
 25.96932      455
 26.03376      458
 26.03376      460
 26.06598      463
 26.0982       466
 26.13042      469
 26.16264      472
 26.16264      475
 26.19486      477
 26.22708      480
 26.2593       482
 26.29152      485
 26.29152      487
 26.32374      489
 26.35596      492
 26.38818      494
 26.4204       496
 26.4204       491
 26.45262      478
 26.48484      469
 26.51706      464
 26.51706      461
 26.54928      459
 26.5815       459
 26.61372      460
 26.61372      460
 26.64594      462
 26.67816      464
 26.71038      466
 26.7426       468
 26.7426       471
 26.77482      473
 26.80704      476
 26.83926      478
 26.87148      480
 26.87148      482
 26.9037       484
 26.93592      486
 26.96814      487
 26.96814      489
 27.00036      490
 27.03258      490
 27.0648       491
 27.09702      492
 27.09702      492
 27.12924      492
 27.16146      492
 27.19368      492
 27.19368      492
 27.2259       491
 27.25812      491
 27.29034      490
 27.29034      489
 27.32256      489
 27.35478      487
 27.387        486
 27.41922      485
 27.41922      484
 27.45144      482
 27.48366      481
 27.51588      480
 27.51588      478
 27.5481       477
 27.58032      475
 27.61254      473
 27.61254      471
 27.64476      469
 27.67698      468
 27.7092       466
 27.7092       464
 27.74142      462
 27.77364      460
 27.80586      458
 27.83808      457
 27.83808      455
 27.8703       453
 27.90252      451
 27.93474      450
 27.93474      448
 27.96696      447
 27.99918      445
 28.0314       443
 28.06362      442
 28.06362      440
