 0             0
 0             0
 0             0
 0             0
 0             0
 6.444e-002    0
 9.666e-002    0
 9.666e-002    0
 0.12888       0
 0.1611        0
 0.1611        0
 0.22554       0
 0.22554       0
 0.25776       0
 0.3222        0
 0.3222        0
 0.35442       0
 0.38664       0
 0.38664       0
 0.41886       0
 0.45108       0
 0.4833        0
 0.51552       0
 0.54774       0
 0.54774       0
 0.61218       0
 0.61218       0
 0.6444        0
 0.67662       0
 0.70884       0
 0.74106       0
 0.77328       0
 0.77328       0
 0.8055        0
 0.83772       0
 0.86994       0
 0.90216       0
 0.93438       0
 0.9666        0
 0.99882       0
 0.99882       0
 1.06326       0
 1.06326       0
 1.09548       0
 1.1277        0
 1.15992       0
 1.19214       0
 1.22436       0
 1.22436       0
 1.25658       0
 1.2888        0
 1.32102       0
 1.35324       0
 1.38546       0
 1.38546       0
 1.4499        0
 1.4499        0
 1.48212       0
 1.54656       0
 1.54656       0
 1.57878       0
 1.611         0
 1.611         0
 1.67544       0
 1.70766       0
 1.70766       0
 1.7721        0
 1.7721        0
 1.80432       0
 1.83654       0
 1.86876       0
 1.90098       0
 1.9332        0
 1.9332        0
 1.99764       0
 1.99764       0
 2.02986       0
 2.06208       0
 2.0943        0
 2.0943        0
 2.15874       0
 2.15874       0
 2.19096       0
 2.2554        0
 2.2554        0
 2.28762       0
 2.31984       0
 2.35206       0
 2.38428       0
 2.4165        0
 2.4165        0
 2.48094       0
 2.48094       0
 2.51316       0
 2.54538       0
 2.5776        0
 2.60982       0
 2.64204       0
 2.64204       0
 2.70648       0
 2.7387        0
 2.7387        0
 2.77092       0
 2.80314       0
 2.83536       0
 2.86758       0
 2.8998        0
 2.93202       0
 2.96424       0
 2.96424       0
 2.99646       0
 3.02868       0
 3.0609        0
 3.09312       0
 3.12534       0
 3.15756       0
 3.18978       0
 3.222         0
 3.25422       0
 3.28644       0
 3.31866       0
 3.35088       0
 3.3831        0
 3.41532       0
 3.44754       0
 3.47976       0
 3.47976       0
 3.5442        0
 3.5442        0
 3.57642       0
 3.60864       0
 3.64086       0
 3.67308       0
 3.7053        0
 3.73752       0
 3.76974       0
 3.80196       0
 3.80196       0
 3.83418       0
 3.8664        0
 3.89862       0
 3.93084       0
 3.96306       0
 3.99528       0
 4.0275        0
 4.05972       0
 4.05972       0
 4.12416       0
 4.12416       0
 4.15638       0
 4.1886        0
 4.22082       1
 4.25304       1
 4.28526       1
 4.31748       1
 4.3497        1
 4.3497        1
 4.38192       1
 4.44636       1
 4.44636       2
 4.47858       2
 4.5108        2
 4.54302       2
 4.57524       2
 4.60746       2
 4.63968       3
 4.6719        3
 4.70412       3
 4.70412       3
 4.76856       3
 4.76856       3
 4.80078       4
 4.833         4
 4.86522       4
 4.89744       4
 4.92966       4
 4.96188       4
 4.9941        5
 5.02632       5
 5.02632       5
 5.09076       5
 5.09076       5
 5.12298       6
 5.1552        6
 5.18742       6
 5.21964       6
 5.25186       6
 5.28408       7
 5.3163        7
 5.34852       7
 5.34852       8
 5.41296       8
 5.41296       8
 5.44518       8
 5.4774        9
 5.50962       9
 5.54184       9
 5.57406       9
 5.60628       10
 5.6385        10
 5.67072       10
 5.67072       11
 5.73516       11
 5.73516       11
 5.76738       12
 5.7996        12
 5.83182       12
 5.86404       13
 5.89626       13
 5.92848       13
 5.9607        14
 5.99292       14
 5.99292       14
 6.05736       15
 6.05736       15
 6.08958       15
 6.1218        16
 6.15402       16
 6.18624       16
 6.21846       17
 6.25068       17
 6.2829        17
 6.31512       18
 6.31512       18
 6.37956       18
 6.37956       19
 6.41178       19
 6.444         19
 6.50844       19
 6.54066       20
 6.57288       20
 6.6051        20
 6.63732       20
 6.66954       20
 6.66954       21
 6.70176       21
 6.73398       21
 6.7662        21
 6.79842       21
 6.83064       20
 6.86286       20
 6.89508       20
 6.9273        20
 6.95952       20
 6.99174       19
 6.99174       19
 7.02396       19
 7.05618       18
 7.0884        18
 7.12062       18
 7.15284       17
 7.18506       17
 7.21728       17
 7.2495        16
 7.28172       16
 7.31394       16
 7.31394       15
 7.34616       15
 7.37838       14
 7.4106        14
 7.44282       14
 7.47504       13
 7.50726       13
 7.53948       12
 7.5717        12
 7.60392       12
 7.63614       11
 7.63614       11
 7.66836       10
 7.70058       10
 7.7328        10
 7.76502       9
 7.79724       9
 7.82946       9
 7.86168       9
 7.8939        8
 7.92612       8
 7.95834       8
 7.95834       7
 7.99056       7
 8.02278       7
 8.055         7
 8.08722       7
 8.11944       7
 8.15166       7
 8.18388       7
 8.2161        6
 8.24832       6
 8.28054       6
 8.28054       6
 8.31276       6
 8.34498       6
 8.3772        6
 8.40942       6
 8.44164       6
 8.47386       6
 8.50608       6
 8.5383        6
 8.57052       6
 8.60274       7
 8.60274       6
 8.63496       7
 8.66718       7
 8.6994        7
 8.73162       7
 8.76384       7
 8.79606       7
 8.82828       8
 8.8605        8
 8.89272       8
 8.92494       8
 8.92494       8
 8.95716       8
 8.98938       9
 9.0216        9
 9.05382       9
 9.08604       9
 9.11826       10
 9.15048       10
 9.1827        10
 9.21492       10
 9.24714       11
 9.24714       11
 9.27936       11
 9.31158       12
 9.3438        12
 9.37602       12
 9.40824       13
 9.44046       13
 9.47268       13
 9.5049        14
 9.5049        14
 9.53712       14
 9.56934       15
 9.60156       15
 9.63378       15
 9.666         16
 9.69822       16
 9.76266       17
 9.79488       17
 9.79488       17
 9.8271        18
 9.85932       18
 9.89154       19
 9.92376       19
 9.95598       19
 9.9882        20
 10.02042      20
 10.05264      21
 10.08486      21
 10.11708      22
 10.11708      22
 10.1493       23
 10.18152      23
 10.21374      24
 10.24596      24
 10.27818      24
 10.3104       25
 10.34262      26
 10.37484      26
 10.37484      27
 10.40706      27
 10.43928      28
 10.4715       28
 10.50372      29
 10.53594      29
 10.56816      30
 10.60038      30
 10.6326       31
 10.66482      32
 10.66482      32
 10.69704      33
 10.72926      33
 10.76148      34
 10.7937       35
 10.82592      35
 10.85814      36
 10.89036      36
 10.92258      37
 10.92258      37
 10.9548       38
 10.98702      39
 11.01924      39
 11.05146      40
 11.08368      40
 11.1159       41
 11.14812      42
 11.18034      42
 11.21256      43
 11.21256      43
 11.24478      44
 11.277        45
 11.30922      45
 11.34144      45
 11.37366      46
 11.40588      46
 11.4381       46
 11.47032      47
 11.47032      47
 11.50254      47
 11.53476      47
 11.56698      47
 11.5992       47
 11.63142      47
 11.66364      47
 11.69586      47
 11.72808      46
 11.72808      46
 11.79252      46
 11.79252      45
 11.82474      45
 11.85696      44
 11.88918      44
 11.9214       44
 11.95362      43
 11.98584      43
 12.01806      42
 12.01806      42
 12.05028      41
 12.0825       41
 12.11472      40
 12.14694      40
 12.17916      39
 12.21138      38
 12.2436       38
 12.27582      37
 12.27582      37
 12.30804      36
 12.34026      35
 12.37248      34
 12.4047       33
 12.43692      33
 12.46914      32
 12.50136      31
 12.50136      30
 12.53358      30
 12.5658       29
 12.59802      29
 12.63024      28
 12.66246      27
 12.69468      27
 12.7269       26
 12.75912      26
 12.75912      25
 12.79134      25
 12.82356      24
 12.85578      24
 12.888        23
 12.92022      23
 12.95244      23
 13.01688      22
 13.01688      22
 13.0491       22
 13.08132      21
 13.11354      21
 13.14576      21
 13.17798      20
 13.2102       20
 13.24242      20
 13.27464      20
 13.27464      20
 13.30686      19
 13.33908      19
 13.3713       19
 13.40352      19
 13.43574      19
 13.46796      19
 13.50018      19
 13.50018      19
 13.5324       19
 13.56462      19
 13.59684      19
 13.62906      19
 13.66128      19
 13.6935       19
 13.72572      19
 13.72572      19
 13.75794      20
 13.79016      20
 13.82238      20
 13.8546       20
 13.88682      20
 13.91904      21
 13.95126      21
 13.98348      21
 13.98348      21
 14.0157       21
 14.04792      22
 14.08014      22
 14.11236      22
 14.14458      23
 14.1768       23
 14.20902      23
 14.20902      24
 14.24124      24
 14.27346      24
 14.30568      25
 14.3379       25
 14.37012      26
 14.40234      26
 14.43456      27
 14.43456      27
 14.46678      28
 14.499        28
 14.53122      28
 14.56344      29
 14.59566      29
 14.62788      30
 14.6601       30
 14.6601       31
 14.69232      32
 14.72454      32
 14.75676      32
 14.78898      33
 14.8212       34
 14.85342      34
 14.88564      35
 14.88564      35
 14.91786      36
 14.95008      37
 14.9823       37
 15.01452      38
 15.04674      39
 15.07896      39
 15.11118      40
 15.11118      41
 15.1434       41
 15.17562      42
 15.20784      43
 15.24006      43
 15.27228      44
 15.3045       45
 15.3045       46
 15.33672      46
 15.36894      47
 15.40116      48
 15.43338      49
 15.4656       49
 15.49782      50
 15.53004      51
 15.53004      52
 15.56226      53
 15.59448      53
 15.6267       54
 15.65892      55
 15.69114      56
 15.72336      57
 15.75558      57
 15.75558      58
 15.7878       59
 15.82002      60
 15.85224      61
 15.88446      62
 15.91668      62
 15.9489       63
 15.98112      64
 15.98112      64
 16.01334      65
 16.04556      66
 16.07778      67
 16.11         68
 16.14222      68
 16.14222      69
 16.17444      70
 16.20666      70
 16.2711       71
 16.30332      72
 16.33554      72
 16.36776      72
 16.36776      73
 16.39998      73
 16.4322       74
 16.46442      74
 16.49664      74
 16.52886      74
 16.56108      74
 16.56108      74
 16.5933       74
 16.62552      74
 16.65774      74
 16.68996      74
 16.72218      74
 16.7544       74
 16.78662      74
 16.78662      74
 16.81884      74
 16.85106      73
 16.88328      73
 16.9155       73
 16.94772      72
 16.94772      72
 16.97994      72
 17.01216      71
 17.04438      71
 17.0766       70
 17.10882      70
 17.14104      69
 17.17326      68
 17.17326      68
 17.20548      67
 17.2377       66
 17.26992      66
 17.30214      65
 17.33436      64
 17.33436      63
 17.36658      63
 17.3988       62
 17.43102      61
 17.46324      61
 17.49546      60
 17.52768      59
 17.5599       59
 17.5599       58
 17.59212      57
 17.62434      57
 17.65656      56
 17.68878      56
 17.721        55
 17.721        55
 17.75322      54
 17.78544      53
 17.81766      53
 17.84988      52
 17.8821       52
 17.91432      51
 17.94654      51
 17.94654      50
 17.97876      50
 18.01098      49
 18.0432       49
 18.07542      49
 18.10764      48
 18.10764      48
 18.13986      48
 18.17208      47
 18.2043       47
 18.23652      47
 18.26874      46
 18.30096      46
 18.33318      46
 18.33318      46
 18.3654       46
 18.39762      45
 18.42984      45
 18.46206      45
 18.49428      45
 18.49428      45
 18.5265       45
 18.55872      45
 18.59094      45
 18.62316      45
 18.65538      45
 18.6876       46
 18.6876       45
 18.71982      45
 18.75204      45
 18.78426      45
 18.81648      45
 18.8487       45
 18.8487       45
 18.88092      46
 18.91314      46
 18.94536      46
 18.97758      46
 19.0098       46
 19.0098       46
 19.04202      47
 19.07424      47
 19.10646      47
 19.13868      47
 19.1709       47
 19.20312      48
 19.23534      48
 19.23534      48
 19.26756      49
 19.29978      49
 19.332        49
 19.36422      50
 19.39644      50
 19.39644      50
 19.42866      51
 19.46088      51
 19.52532      52
 19.55754      52
 19.55754      53
 19.58976      53
 19.62198      54
 19.6542       54
 19.68642      55
 19.71864      56
 19.75086      56
 19.75086      57
 19.78308      57
 19.8153       58
 19.84752      59
 19.87974      59
 19.91196      60
 19.94418      61
 19.94418      61
 19.9764       62
 20.00862      63
 20.04084      63
 20.07306      64
 20.10528      65
 20.10528      66
 20.1375       66
 20.16972      67
 20.20194      68
 20.23416      69
 20.26638      69
 20.26638      70
 20.2986       71
 20.33082      72
 20.36304      73
 20.39526      73
 20.42748      74
 20.42748      75
 20.4597       76
 20.49192      77
 20.52414      78
 20.55636      79
 20.58858      80
 20.6208       81
 20.6208       81
 20.65302      83
 20.68524      83
 20.71746      84
 20.74968      85
 20.7819       86
 20.7819       87
 20.81412      88
 20.84634      89
 20.87856      90
 20.91078      91
 20.943        92
 20.943        93
 20.97522      94
 21.00744      94
 21.03966      96
 21.07188      96
 21.07188      97
 21.1041       98
 21.13632      99
 21.16854      100
 21.20076      101
 21.23298      102
 21.23298      102
 21.2652       103
 21.29742      104
 21.32964      104
 21.36186      105
 21.39408      105
 21.39408      106
 21.4263       106
 21.45852      107
 21.49074      107
 21.52296      108
 21.55518      108
 21.5874       109
 21.5874       109
 21.61962      109
 21.65184      109
 21.68406      110
 21.71628      110
 21.7485       110
 21.7485       110
 21.78072      110
 21.81294      110
 21.84516      110
 21.87738      110
 21.87738      110
 21.9096       110
 21.94182      110
 21.97404      110
 22.00626      110
 22.03848      109
 22.03848      109
 22.0707       109
 22.10292      108
 22.13514      108
 22.16736      108
 22.19958      107
 22.19958      107
 22.2318       106
 22.26402      106
 22.29624      105
 22.32846      105
 22.32846      104
 22.36068      104
 22.3929       104
 22.42512      103
 22.45734      103
 22.48956      102
 22.48956      102
 22.52178      102
 22.554        101
 22.58622      101
 22.61844      100
 22.65066      99
 22.65066      99
 22.68288      98
 22.7151       98
 22.77954      98
 22.81176      97
 22.81176      97
 22.84398      96
 22.8762       96
 22.90842      95
 22.94064      95
 22.94064      95
 22.97286      94
 23.00508      94
 23.0373       94
 23.06952      94
 23.10174      93
 23.10174      93
 23.13396      93
 23.16618      93
 23.1984       92
 23.23062      92
 23.23062      92
 23.26284      92
 23.29506      92
 23.32728      91
 23.3595       91
 23.39172      91
 23.39172      91
 23.42394      91
 23.45616      90
 23.48838      90
 23.5206       90
 23.55282      90
 23.55282      90
 23.58504      90
 23.61726      90
 23.64948      90
 23.6817       90
 23.6817       90
 23.71392      90
 23.74614      90
 23.77836      90
 23.81058      90
 23.81058      89
 23.8428       89
 23.87502      88
 23.90724      88
 23.93946      87
 23.97168      87
 23.97168      87
 24.0039       87
 24.03612      87
 24.06834      87
 24.10056      88
 24.10056      88
 24.13278      88
 24.165        88
 24.19722      88
 24.22944      89
 24.26166      89
 24.26166      89
 24.29388      90
 24.3261       90
 24.35832      90
 24.39054      91
 24.39054      91
 24.42276      92
 24.45498      92
 24.4872       92
 24.51942      93
 24.51942      93
 24.55164      93
 24.58386      94
 24.61608      94
 24.6483       95
 24.6483       95
 24.68052      96
 24.71274      96
 24.74496      97
 24.77718      97
 24.77718      98
 24.8094       99
 24.84162      99
 24.87384      101
 24.90606      101
 24.93828      102
 24.93828      103
 24.9705       103
 25.00272      104
 25.03494      105
 25.06716      105
 25.06716      106
 25.09938      107
 25.1316       107
 25.16382      108
 25.19604      109
 25.19604      110
 25.22826      111
 25.26048      111
 25.2927       112
 25.32492      113
 25.32492      114
 25.35714      115
 25.38936      116
 25.42158      116
 25.4538       117
 25.4538       118
 25.48602      119
 25.51824      120
 25.55046      121
 25.58268      122
 25.58268      123
 25.6149       123
 25.64712      124
 25.67934      125
 25.71156      126
 25.71156      127
 25.74378      128
 25.776        129
 25.80822      130
 25.84044      131
 25.84044      132
 25.87266      133
 25.90488      134
 25.9371       135
 25.96932      136
 25.96932      136
 26.03376      137
 26.06598      138
 26.0982       139
 26.0982       140
 26.13042      141
 26.16264      142
 26.19486      143
 26.22708      143
 26.22708      144
 26.2593       145
 26.29152      146
 26.32374      147
 26.35596      147
 26.35596      148
 26.38818      149
 26.4204       150
 26.45262      150
 26.45262      151
 26.48484      152
 26.51706      152
 26.54928      153
 26.5815       154
 26.5815       154
 26.61372      155
 26.64594      155
 26.67816      156
 26.71038      156
 26.71038      157
 26.7426       157
 26.77482      158
 26.80704      158
 26.83926      158
 26.83926      159
 26.87148      159
 26.9037       159
 26.93592      160
 26.96814      160
 26.96814      160
 27.00036      160
 27.03258      160
 27.0648       161
 27.09702      161
 27.09702      161
 27.12924      161
 27.16146      161
 27.19368      161
 27.2259       161
 27.2259       161
 27.25812      161
 27.29034      161
 27.32256      161
 27.32256      162
 27.35478      161
 27.387        160
 27.41922      160
 27.45144      160
 27.45144      160
 27.48366      160
 27.51588      160
 27.5481       160
 27.5481       160
 27.58032      160
 27.61254      160
 27.64476      160
 27.67698      160
 27.67698      160
 27.7092       160
 27.74142      160
 27.77364      160
 27.77364      160
 27.80586      160
 27.83808      160
 27.8703       160
 27.90252      160
 27.90252      159
 27.93474      160
 27.96696      160
 27.99918      159
 27.99918      159
 28.0314       159
 28.06362      159
 28.09584      159
 28.12806      159
 28.12806      159
 28.16028      159
 28.1925       159
 28.22472      159
 28.25694      159
 28.25694      159
 28.28916      159
 28.32138      159
 28.3536       159
 28.3536       159
 28.38582      159
 28.41804      159
 28.45026      159
 28.48248      159
 28.48248      159
