 0             0
 0             0
 0             0
 0             0
 0             0
 0             0
 6.444e-002    0
 9.666e-002    0
 9.666e-002    0
 0.12888       0
 0.1611        0
 0.1611        0
 0.22554       0
 0.22554       0
 0.25776       0
 0.28998       0
 0.28998       0
 0.35442       0
 0.38664       0
 0.38664       0
 0.41886       0
 0.45108       0
 0.4833        0
 0.51552       0
 0.54774       0
 0.54774       0
 0.61218       0
 0.61218       0
 0.6444        0
 0.67662       0
 0.70884       0
 0.74106       0
 0.77328       0
 0.77328       0
 0.83772       0
 0.83772       0
 0.86994       0
 0.90216       0
 0.93438       0
 0.9666        0
 0.99882       0
 0.99882       0
 1.03104       0
 1.09548       0
 1.09548       0
 1.1277        0
 1.15992       0
 1.19214       0
 1.22436       0
 1.25658       0
 1.25658       0
 1.32102       0
 1.32102       0
 1.35324       0
 1.38546       0
 1.41768       0
 1.4499        0
 1.48212       0
 1.48212       0
 1.54656       0
 1.57878       0
 1.57878       0
 1.64322       0
 1.64322       0
 1.67544       0
 1.70766       0
 1.73988       0
 1.7721        0
 1.80432       0
 1.80432       0
 1.86876       0
 1.86876       0
 1.90098       0
 1.9332        0
 1.96542       0
 1.99764       0
 2.02986       0
 2.06208       0
 2.0943        0
 2.12652       0
 2.12652       0
 2.15874       0
 2.19096       0
 2.22318       0
 2.2554        0
 2.28762       0
 2.31984       0
 2.35206       0
 2.38428       0
 2.38428       0
 2.44872       0
 2.44872       0
 2.48094       0
 2.51316       0
 2.54538       0
 2.5776        0
 2.60982       0
 2.64204       0
 2.67426       0
 2.70648       0
 2.70648       0
 2.77092       0
 2.77092       0
 2.80314       0
 2.83536       0
 2.86758       0
 2.8998        0
 2.93202       0
 2.96424       0
 2.99646       0
 3.02868       0
 3.02868       0
 3.09312       0
 3.09312       0
 3.12534       0
 3.18978       0
 3.18978       0
 3.25422       0
 3.28644       0
 3.31866       0
 3.35088       0
 3.3831        0
 3.3831        0
 3.44754       0
 3.47976       0
 3.47976       0
 3.5442        0
 3.5442        0
 3.57642       0
 3.60864       0
 3.64086       0
 3.67308       0
 3.7053        0
 3.73752       0
 3.76974       0
 3.80196       0
 3.80196       0
 3.8664        0
 3.8664        0
 3.89862       0
 3.93084       0
 3.96306       0
 3.99528       0
 4.0275        0
 4.05972       1
 4.09194       1
 4.12416       1
 4.15638       1
 4.1886        1
 4.22082       1
 4.22082       1
 4.28526       1
 4.28526       2
 4.31748       2
 4.3497        2
 4.38192       2
 4.41414       2
 4.44636       2
 4.47858       3
 4.5108        3
 4.54302       3
 4.57524       3
 4.60746       3
 4.63968       3
 4.63968       4
 4.70412       4
 4.70412       4
 4.73634       4
 4.76856       4
 4.80078       4
 4.833         5
 4.86522       5
 4.89744       5
 4.92966       5
 4.96188       5
 4.9941        5
 5.02632       6
 5.05854       6
 5.09076       6
 5.12298       6
 5.12298       6
 5.1552        7
 5.18742       7
 5.21964       7
 5.25186       7
 5.28408       7
 5.3163        8
 5.34852       8
 5.38074       8
 5.41296       8
 5.44518       9
 5.4774        9
 5.50962       9
 5.54184       9
 5.54184       10
 5.57406       10
 5.60628       10
 5.6385        10
 5.67072       11
 5.70294       11
 5.73516       11
 5.76738       11
 5.7996        12
 5.83182       12
 5.86404       12
 5.89626       12
 5.92848       13
 5.9607        13
 5.99292       13
 5.99292       14
 6.05736       14
 6.05736       14
 6.08958       14
 6.1218        15
 6.15402       15
 6.18624       15
 6.21846       15
 6.25068       16
 6.2829        16
 6.31512       16
 6.34734       17
 6.37956       17
 6.41178       17
 6.444         18
 6.47622       18
 6.50844       18
 6.54066       18
 6.57288       19
 6.6051        19
 6.63732       19
 6.66954       19
 6.70176       19
 6.73398       19
 6.7662        20
 6.79842       20
 6.83064       20
 6.83064       20
 6.86286       20
 6.89508       20
 6.9273        20
 6.95952       20
 6.99174       20
 7.02396       20
 7.05618       20
 7.0884        20
 7.12062       20
 7.15284       19
 7.18506       19
 7.21728       19
 7.2495        19
 7.2495        19
 7.28172       19
 7.31394       19
 7.34616       19
 7.37838       19
 7.4106        18
 7.44282       18
 7.47504       18
 7.50726       18
 7.53948       18
 7.5717        17
 7.60392       17
 7.63614       17
 7.66836       16
 7.66836       16
 7.70058       16
 7.7328        16
 7.76502       16
 7.79724       15
 7.82946       15
 7.86168       15
 7.8939        15
 7.92612       15
 7.95834       15
 7.99056       14
 8.02278       14
 8.055         14
 8.08722       14
 8.08722       14
 8.11944       14
 8.15166       14
 8.18388       14
 8.2161        14
 8.24832       14
 8.28054       14
 8.31276       14
 8.34498       14
 8.3772        14
 8.40942       14
 8.44164       14
 8.47386       14
 8.50608       14
 8.50608       14
 8.5383        14
 8.57052       14
 8.60274       14
 8.63496       14
 8.66718       14
 8.6994        14
 8.73162       14
 8.76384       15
 8.79606       15
 8.82828       15
 8.8605        15
 8.89272       15
 8.89272       15
 8.92494       15
 8.95716       15
 8.98938       16
 9.0216        16
 9.05382       16
 9.08604       16
 9.11826       16
 9.15048       17
 9.1827        17
 9.21492       17
 9.24714       17
 9.24714       17
 9.31158       18
 9.31158       18
 9.3438        18
 9.37602       18
 9.40824       19
 9.44046       19
 9.47268       19
 9.5049        19
 9.53712       20
 9.56934       20
 9.60156       20
 9.63378       20
 9.63378       21
 9.666         21
 9.69822       21
 9.76266       21
 9.79488       22
 9.8271        22
 9.85932       22
 9.89154       23
 9.92376       23
 9.95598       23
 9.9882        24
 10.02042      24
 10.02042      24
 10.05264      25
 10.08486      25
 10.11708      25
 10.1493       26
 10.18152      26
 10.21374      26
 10.24596      27
 10.27818      27
 10.3104       27
 10.34262      28
 10.34262      28
 10.37484      28
 10.40706      29
 10.43928      29
 10.4715       29
 10.50372      30
 10.53594      30
 10.56816      30
 10.60038      31
 10.6326       31
 10.66482      31
 10.66482      32
 10.69704      32
 10.72926      33
 10.76148      33
 10.7937       33
 10.82592      34
 10.85814      34
 10.89036      34
 10.92258      35
 10.9548       35
 10.98702      36
 11.01924      36
 11.05146      36
 11.05146      37
 11.08368      37
 11.1159       38
 11.14812      38
 11.18034      38
 11.21256      39
 11.24478      39
 11.277        40
 11.30922      40
 11.34144      40
 11.37366      41
 11.37366      41
 11.40588      41
 11.4381       42
 11.47032      42
 11.50254      42
 11.53476      43
 11.56698      43
 11.5992       43
 11.63142      43
 11.66364      44
 11.66364      44
 11.69586      44
 11.72808      44
 11.7603       45
 11.79252      45
 11.82474      45
 11.85696      45
 11.88918      45
 11.9214       46
 11.95362      46
 11.98584      46
 11.98584      46
 12.01806      46
 12.05028      46
 12.0825       46
 12.11472      46
 12.14694      47
 12.17916      47
 12.21138      47
 12.2436       47
 12.27582      47
 12.30804      47
 12.30804      47
 12.34026      47
 12.37248      47
 12.4047       47
 12.43692      47
 12.46914      47
 12.50136      47
 12.53358      47
 12.5658       47
 12.59802      47
 12.59802      47
 12.63024      47
 12.66246      47
 12.69468      47
 12.7269       47
 12.75912      47
 12.79134      47
 12.82356      47
 12.85578      47
 12.888        47
 12.888        47
 12.92022      47
 12.95244      47
 13.01688      47
 13.0491       47
 13.08132      48
 13.11354      48
 13.14576      48
 13.17798      48
 13.17798      48
 13.2102       48
 13.24242      48
 13.27464      48
 13.30686      49
 13.33908      49
 13.3713       49
 13.40352      49
 13.43574      50
 13.46796      50
 13.46796      50
 13.50018      50
 13.5324       51
 13.56462      51
 13.59684      51
 13.62906      51
 13.66128      52
 13.6935       52
 13.72572      52
 13.75794      53
 13.75794      53
 13.79016      53
 13.82238      53
 13.8546       54
 13.88682      54
 13.91904      54
 13.95126      55
 13.98348      55
 14.0157       55
 14.0157       56
 14.04792      56
 14.08014      57
 14.11236      57
 14.14458      57
 14.1768       58
 14.20902      58
 14.24124      59
 14.27346      59
 14.27346      59
 14.30568      60
 14.3379       60
 14.37012      61
 14.40234      61
 14.43456      61
 14.46678      62
 14.499        62
 14.53122      63
 14.53122      63
 14.56344      63
 14.59566      64
 14.62788      64
 14.6601       65
 14.69232      65
 14.72454      66
 14.75676      66
 14.78898      67
 14.78898      67
 14.8212       68
 14.85342      69
 14.88564      69
 14.91786      70
 14.95008      70
 14.9823       71
 15.01452      71
 15.04674      72
 15.04674      73
 15.07896      73
 15.11118      74
 15.1434       75
 15.17562      75
 15.20784      76
 15.24006      77
 15.27228      77
 15.3045       78
 15.3045       79
 15.33672      79
 15.36894      80
 15.40116      81
 15.43338      81
 15.4656       82
 15.49782      82
 15.53004      83
 15.53004      84
 15.56226      84
 15.59448      84
 15.6267       85
 15.65892      86
 15.69114      87
 15.72336      87
 15.75558      88
 15.7878       89
 15.7878       90
 15.82002      91
 15.85224      91
 15.88446      92
 15.91668      93
 15.9489       94
 15.98112      95
 16.01334      95
 16.01334      96
 16.04556      97
 16.07778      98
 16.11         99
 16.14222      99
 16.17444      101
 16.20666      102
 16.2711       103
 16.2711       103
 16.30332      104
 16.33554      105
 16.36776      106
 16.39998      106
 16.4322       107
 16.46442      108
 16.49664      109
 16.52886      109
 16.52886      110
 16.56108      111
 16.5933       111
 16.62552      112
 16.65774      111
 16.68996      112
 16.72218      112
 16.7544       113
 16.7544       114
 16.78662      114
 16.81884      115
 16.85106      116
 16.88328      116
 16.9155       117
 16.94772      118
 16.97994      118
 16.97994      119
 17.01216      120
 17.04438      120
 17.0766       121
 17.10882      121
 17.14104      122
 17.17326      122
 17.17326      123
 17.20548      123
 17.2377       124
 17.26992      124
 17.30214      124
 17.33436      125
 17.36658      125
 17.3988       125
 17.3988       126
 17.43102      126
 17.46324      126
 17.49546      127
 17.52768      127
 17.5599       127
 17.59212      128
 17.62434      128
 17.62434      128
 17.65656      129
 17.68878      129
 17.721        130
 17.75322      130
 17.78544      130
 17.81766      131
 17.84988      131
 17.84988      131
 17.8821       132
 17.91432      132
 17.94654      132
 17.97876      133
 18.01098      133
 18.0432       134
 18.07542      134
 18.07542      134
 18.10764      135
 18.13986      135
 18.17208      136
 18.2043       136
 18.23652      136
 18.26874      137
 18.26874      137
 18.30096      138
 18.33318      138
 18.3654       139
 18.39762      139
 18.42984      140
 18.46206      140
 18.49428      140
 18.49428      141
 18.5265       141
 18.55872      142
 18.59094      142
 18.62316      143
 18.65538      143
 18.6876       144
 18.6876       144
 18.71982      145
 18.75204      145
 18.78426      146
 18.81648      146
 18.8487       147
 18.88092      147
 18.88092      148
 18.91314      149
 18.94536      149
 18.97758      150
 19.0098       150
 19.04202      151
 19.07424      151
 19.10646      152
 19.10646      152
 19.13868      153
 19.1709       153
 19.20312      154
 19.23534      154
 19.26756      155
 19.29978      155
 19.332        156
 19.332        156
 19.36422      157
 19.39644      157
 19.42866      158
 19.46088      159
 19.52532      159
 19.52532      160
 19.55754      160
 19.58976      161
 19.62198      161
 19.6542       162
 19.68642      163
 19.71864      163
 19.71864      164
 19.75086      165
 19.78308      165
 19.8153       166
 19.84752      167
 19.87974      168
 19.91196      169
 19.91196      169
 19.94418      170
 19.9764       171
 20.00862      172
 20.04084      173
 20.07306      174
 20.10528      175
 20.10528      175
 20.1375       176
 20.16972      177
 20.20194      178
 20.23416      179
 20.26638      180
 20.2986       181
 20.2986       182
 20.33082      183
 20.36304      184
 20.39526      185
 20.42748      186
 20.4597       187
 20.49192      188
 20.49192      189
 20.52414      190
 20.55636      191
 20.58858      192
 20.6208       193
 20.65302      194
 20.68524      195
 20.68524      196
 20.71746      197
 20.74968      198
 20.7819       199
 20.81412      200
 20.84634      202
 20.84634      203
 20.87856      204
 20.91078      205
 20.943        206
 20.97522      207
 21.00744      209
 21.03966      210
 21.03966      211
 21.07188      212
 21.1041       213
 21.13632      214
 21.16854      215
 21.20076      216
 21.20076      217
 21.23298      219
 21.2652       220
 21.29742      221
 21.32964      222
 21.36186      223
 21.39408      224
 21.4263       225
 21.4263       227
 21.45852      228
 21.49074      229
 21.52296      230
 21.55518      231
 21.5874       232
 21.5874       233
 21.61962      235
 21.65184      236
 21.68406      237
 21.71628      238
 21.7485       239
 21.7485       240
 21.78072      242
 21.81294      243
 21.84516      244
 21.87738      245
 21.9096       247
 21.9096       248
 21.94182      249
 21.97404      250
 22.00626      252
 22.03848      253
 22.0707       254
 22.10292      255
 22.10292      257
 22.13514      258
 22.16736      259
 22.19958      260
 22.2318       261
 22.26402      263
 22.26402      264
 22.29624      265
 22.32846      266
 22.36068      268
 22.3929       269
 22.42512      270
 22.42512      271
 22.45734      272
 22.48956      274
 22.52178      275
 22.554        276
 22.58622      277
 22.61844      279
 22.61844      280
 22.65066      281
 22.68288      282
 22.7151       283
 22.77954      285
 22.77954      286
 22.81176      287
 22.84398      288
 22.8762       289
 22.90842      291
 22.94064      292
 22.94064      293
 22.97286      294
 23.00508      295
 23.0373       297
 23.06952      298
 23.10174      299
 23.10174      301
 23.13396      303
 23.16618      304
 23.1984       305
 23.23062      306
 23.26284      308
 23.29506      309
 23.29506      310
 23.32728      312
 23.3595       313
 23.39172      314
 23.42394      316
 23.42394      317
 23.45616      318
 23.48838      320
 23.5206       321
 23.55282      322
 23.58504      324
 23.58504      325
 23.61726      326
 23.64948      328
 23.6817       329
 23.71392      331
 23.74614      332
 23.74614      333
 23.77836      335
 23.81058      336
 23.8428       338
 23.87502      339
 23.90724      340
 23.90724      342
 23.93946      343
 23.97168      345
 24.0039       346
 24.03612      348
 24.06834      349
 24.06834      350
 24.10056      352
 24.13278      353
 24.165        355
 24.19722      356
 24.19722      357
 24.22944      359
 24.26166      360
 24.29388      362
 24.3261       363
 24.35832      365
 24.35832      366
 24.39054      368
 24.42276      370
 24.45498      371
 24.4872       373
 24.4872       375
 24.51942      376
 24.55164      378
 24.58386      380
 24.61608      381
 24.6483       383
 24.68052      385
 24.68052      387
 24.71274      388
 24.74496      390
 24.77718      392
 24.8094       394
 24.84162      396
 24.84162      398
 24.87384      400
 24.90606      403
 24.93828      406
 24.9705       408
 24.9705       411
 25.00272      413
 25.03494      416
 25.06716      419
 25.09938      422
 25.09938      425
 25.1316       430
 25.16382      436
 25.19604      442
 25.22826      447
 25.22826      452
 25.26048      456
 25.2927       461
 25.32492      464
 25.35714      468
 25.38936      471
 25.38936      475
 25.42158      478
 25.4538       480
 25.48602      483
 25.51824      485
 25.51824      487
 25.55046      490
 25.58268      492
 25.6149       493
 25.64712      495
 25.67934      497
 25.67934      499
 25.71156      500
 25.74378      502
 25.776        503
 25.80822      506
 25.80822      508
 25.84044      509
 25.87266      511
 25.90488      513
 25.9371       514
 25.96932      516
 25.96932      518
 26.03376      520
 26.06598      521
 26.0982       523
 26.13042      525
 26.13042      526
 26.16264      528
 26.19486      530
 26.22708      531
 26.2593       533
 26.2593       535
 26.29152      537
 26.32374      538
 26.35596      540
 26.38818      542
 26.38818      544
 26.4204       546
 26.45262      547
 26.48484      549
 26.51706      551
 26.51706      553
 26.54928      554
 26.5815       556
 26.61372      557
 26.64594      559
 26.64594      560
 26.67816      562
 26.71038      563
 26.7426       564
 26.77482      565
 26.77482      567
 26.80704      567
 26.83926      569
 26.87148      569
 26.9037       570
 26.93592      571
 26.93592      572
 26.96814      572
 27.00036      573
 27.03258      573
 27.0648       574
 27.0648       575
 27.09702      576
 27.12924      577
 27.16146      577
 27.19368      578
 27.19368      579
 27.2259       580
 27.25812      581
 27.29034      582
 27.29034      583
 27.32256      584
 27.35478      586
 27.387        587
 27.41922      588
 27.45144      589
 27.45144      590
 27.48366      592
 27.51588      593
 27.5481       594
 27.5481       595
 27.58032      596
 27.61254      597
 27.64476      599
 27.67698      600
 27.7092       601
 27.7092       603
 27.74142      604
 27.77364      606
 27.80586      607
 27.80586      608
 27.83808      610
 27.8703       611
 27.90252      612
 27.93474      613
 27.93474      614
 27.96696      615
 27.99918      617
 28.0314       618
 28.06362      619
 28.06362      621
 28.09584      621
 28.12806      623
 28.16028      624
 28.16028      625
 28.1925       626
 28.22472      627
 28.25694      628
 28.28916      630
 28.28916      631
 28.32138      632
 28.3536       633
 28.38582      634
 28.41804      635
 28.41804      637
 28.45026      637
 28.48248      639
 28.5147       640
 28.5147       641
 28.54692      642
 28.57914      643
 28.61136      644
 28.64358      645
 28.64358      646
 28.6758       647
 28.70802      648
 28.74024      649
 28.77246      650
 28.77246      651
 28.80468      651
 28.8369       652
 28.86912      653
 28.86912      654
 28.90134      655
 28.93356      655
