 0             0
 0             0
 0             0
 0             0
 0             0
 3.222e-002    0
 3.222e-002    0
 9.666e-002    0
 0.12888       0
 0.12888       0
 0.1611        0
 0.19332       0
 0.19332       0
 0.25776       0
 0.25776       0
 0.28998       0
 0.3222        4
 0.35442       5
 0.38664       4
 0.41886       3
 0.41886       3
 0.45108       2
 0.4833        1
 0.51552       1
 0.54774       0
 0.57996       0
 0.57996       0
 0.6444        0
 0.6444        0
 0.67662       0
 0.70884       0
 0.74106       0
 0.77328       0
 0.8055        0
 0.8055        0
 0.83772       0
 0.86994       0
 0.90216       0
 0.93438       0
 0.9666        0
 0.9666        0
 1.03104       0
 1.03104       0
 1.06326       0
 1.1277        0
 1.1277        0
 1.15992       0
 1.19214       0
 1.19214       0
 1.25658       0
 1.2888        0
 1.2888        0
 1.35324       0
 1.35324       0
 1.38546       0
 1.41768       0
 1.4499        0
 1.48212       0
 1.51434       0
 1.51434       0
 1.54656       0
 1.57878       0
 1.611         0
 1.64322       0
 1.67544       0
 1.70766       0
 1.73988       0
 1.7721        0
 1.7721        0
 1.83654       0
 1.83654       0
 1.86876       0
 1.90098       0
 1.9332        0
 1.96542       0
 1.99764       0
 1.99764       0
 2.06208       0
 2.06208       0
 2.0943        0
 2.12652       0
 2.15874       0
 2.19096       0
 2.22318       0
 2.2554        0
 2.28762       0
 2.31984       0
 2.31984       0
 2.35206       0
 2.38428       0
 2.4165        0
 2.44872       0
 2.48094       0
 2.51316       0
 2.54538       0
 2.5776        0
 2.5776        0
 2.64204       0
 2.64204       0
 2.67426       0
 2.70648       0
 2.7387        0
 2.77092       0
 2.80314       0
 2.80314       0
 2.86758       0
 2.86758       0
 2.8998        0
 2.93202       0
 2.96424       0
 2.99646       0
 3.02868       0
 3.0609        0
 3.09312       0
 3.12534       0
 3.12534       0
 3.18978       0
 3.18978       0
 3.25422       0
 3.28644       0
 3.31866       0
 3.35088       0
 3.3831        0
 3.41532       0
 3.41532       1
 3.47976       0
 3.47976       0
 3.51198       1
 3.5442        1
 3.57642       1
 3.60864       1
 3.64086       1
 3.67308       2
 3.7053        2
 3.73752       2
 3.73752       2
 3.80196       3
 3.80196       3
 3.83418       3
 3.8664        3
 3.89862       3
 3.93084       4
 3.96306       4
 3.99528       4
 4.0275        5
 4.05972       5
 4.05972       5
 4.12416       5
 4.12416       6
 4.15638       6
 4.1886        6
 4.22082       7
 4.25304       7
 4.28526       7
 4.31748       8
 4.3497        8
 4.38192       8
 4.38192       9
 4.44636       9
 4.44636       9
 4.47858       10
 4.5108        10
 4.54302       10
 4.57524       11
 4.60746       11
 4.63968       12
 4.6719        12
 4.70412       13
 4.73634       13
 4.76856       14
 4.80078       14
 4.80078       15
 4.833         15
 4.86522       15
 4.89744       16
 4.92966       17
 4.96188       17
 4.9941        18
 5.02632       18
 5.05854       18
 5.09076       19
 5.12298       20
 5.12298       20
 5.1552        21
 5.18742       21
 5.21964       22
 5.25186       23
 5.28408       23
 5.3163        24
 5.34852       25
 5.38074       25
 5.41296       26
 5.44518       26
 5.44518       27
 5.4774        28
 5.50962       28
 5.54184       29
 5.57406       30
 5.60628       30
 5.6385        31
 5.67072       32
 5.70294       33
 5.73516       33
 5.76738       34
 5.7996        35
 5.7996        36
 5.83182       37
 5.86404       37
 5.89626       38
 5.92848       39
 5.9607        40
 5.99292       41
 6.02514       42
 6.05736       43
 6.08958       44
 6.1218        44
 6.1218        45
 6.18624       46
 6.18624       47
 6.21846       48
 6.25068       49
 6.2829        49
 6.31512       50
 6.34734       51
 6.37956       52
 6.41178       53
 6.444         54
 6.47622       54
 6.50844       55
 6.54066       56
 6.57288       56
 6.6051        57
 6.63732       57
 6.66954       57
 6.70176       58
 6.73398       58
 6.7662        58
 6.79842       58
 6.79842       57
 6.83064       57
 6.86286       57
 6.89508       56
 6.9273        56
 6.95952       55
 6.99174       55
 7.02396       54
 7.05618       53
 7.0884        53
 7.12062       52
 7.15284       51
 7.15284       50
 7.18506       49
 7.21728       48
 7.2495        48
 7.28172       47
 7.31394       46
 7.34616       45
 7.37838       44
 7.4106        43
 7.44282       42
 7.47504       41
 7.47504       40
 7.50726       39
 7.53948       37
 7.5717        37
 7.60392       35
 7.63614       34
 7.66836       33
 7.70058       32
 7.7328        32
 7.76502       31
 7.79724       30
 7.79724       29
 7.82946       29
 7.86168       28
 7.8939        27
 7.92612       27
 7.95834       26
 7.99056       26
 8.02278       25
 8.055         25
 8.08722       25
 8.11944       24
 8.11944       24
 8.15166       24
 8.18388       23
 8.2161        23
 8.24832       23
 8.28054       23
 8.31276       23
 8.34498       23
 8.3772        23
 8.40942       23
 8.44164       23
 8.44164       23
 8.47386       23
 8.50608       23
 8.5383        23
 8.57052       23
 8.60274       24
 8.63496       24
 8.66718       24
 8.6994        24
 8.73162       25
 8.76384       25
 8.76384       25
 8.79606       26
 8.82828       26
 8.8605        27
 8.89272       27
 8.92494       28
 8.95716       28
 8.98938       29
 9.0216        29
 9.05382       30
 9.08604       31
 9.08604       31
 9.11826       32
 9.15048       32
 9.1827        33
 9.21492       34
 9.24714       34
 9.27936       35
 9.31158       36
 9.3438        36
 9.3438        37
 9.37602       38
 9.40824       39
 9.44046       39
 9.47268       40
 9.5049        41
 9.53712       42
 9.56934       43
 9.60156       43
 9.63378       44
 9.666         45
 9.666         46
 9.69822       47
 9.76266       48
 9.79488       49
 9.8271        50
 9.85932       51
 9.89154       52
 9.92376       53
 9.95598       54
 9.95598       55
 9.9882        56
 10.02042      57
 10.05264      58
 10.08486      59
 10.11708      60
 10.1493       61
 10.18152      62
 10.21374      63
 10.21374      64
 10.24596      65
 10.27818      66
 10.3104       68
 10.34262      69
 10.37484      70
 10.40706      71
 10.43928      72
 10.4715       73
 10.50372      75
 10.50372      76
 10.53594      77
 10.56816      78
 10.60038      79
 10.6326       81
 10.66482      82
 10.69704      83
 10.72926      85
 10.76148      86
 10.76148      87
 10.7937       89
 10.82592      90
 10.85814      91
 10.89036      92
 10.92258      94
 10.9548       95
 10.98702      96
 11.01924      98
 11.05146      99
 11.05146      101
 11.08368      102
 11.1159       104
 11.14812      105
 11.18034      106
 11.21256      108
 11.24478      109
 11.277        110
 11.30922      112
 11.30922      113
 11.34144      114
 11.37366      115
 11.40588      116
 11.4381       117
 11.47032      117
 11.50254      118
 11.53476      119
 11.56698      119
 11.56698      119
 11.5992       120
 11.63142      120
 11.66364      120
 11.69586      120
 11.72808      120
 11.7603       120
 11.79252      119
 11.82474      119
 11.82474      118
 11.85696      118
 11.88918      117
 11.9214       117
 11.95362      116
 11.98584      115
 12.01806      114
 12.05028      113
 12.0825       113
 12.11472      112
 12.11472      111
 12.14694      110
 12.17916      109
 12.21138      107
 12.2436       106
 12.27582      105
 12.30804      104
 12.34026      102
 12.34026      101
 12.37248      99
 12.4047       97
 12.43692      96
 12.46914      94
 12.50136      92
 12.53358      91
 12.5658       90
 12.59802      88
 12.59802      87
 12.63024      86
 12.66246      85
 12.69468      84
 12.7269       83
 12.75912      82
 12.79134      81
 12.82356      80
 12.85578      79
 12.85578      78
 12.888        77
 12.92022      76
 12.95244      76
 13.01688      75
 13.0491       75
 13.0491       75
 13.08132      74
 13.11354      73
 13.14576      73
 13.17798      72
 13.2102       72
 13.24242      71
 13.27464      71
 13.30686      71
 13.30686      71
 13.33908      70
 13.3713       70
 13.40352      70
 13.43574      70
 13.46796      70
 13.50018      70
 13.5324       70
 13.5324       70
 13.56462      70
 13.59684      70
 13.62906      71
 13.66128      71
 13.6935       71
 13.72572      71
 13.75794      72
 13.75794      72
 13.79016      72
 13.82238      73
 13.8546       73
 13.88682      74
 13.91904      74
 13.95126      75
 13.98348      75
 13.98348      76
 14.0157       77
 14.04792      77
 14.08014      78
 14.11236      79
 14.14458      79
 14.1768       80
 14.20902      81
 14.24124      82
 14.24124      82
 14.27346      83
 14.30568      84
 14.3379       85
 14.37012      86
 14.40234      87
 14.43456      88
 14.46678      89
 14.46678      90
 14.499        91
 14.53122      92
 14.56344      93
 14.59566      94
 14.62788      95
 14.62788      96
 14.6601       97
 14.69232      98
 14.72454      101
 14.75676      102
 14.78898      103
 14.8212       104
 14.85342      106
 14.85342      107
 14.88564      108
 14.91786      110
 14.95008      111
 14.9823       113
 15.01452      114
 15.04674      116
 15.07896      118
 15.07896      117
 15.11118      124
 15.1434       126
 15.17562      127
 15.20784      128
 15.24006      129
 15.27228      130
 15.27228      131
 15.3045       132
 15.33672      134
 15.36894      135
 15.40116      137
 15.43338      138
 15.4656       140
 15.49782      141
 15.49782      143
 15.53004      144
 15.56226      146
 15.59448      148
 15.6267       149
 15.65892      151
 15.69114      153
 15.72336      154
 15.72336      156
 15.75558      158
 15.7878       160
 15.82002      161
 15.85224      163
 15.88446      165
 15.88446      167
 15.91668      169
 15.9489       170
 15.98112      172
 16.01334      174
 16.04556      176
 16.07778      178
 16.11         180
 16.11         181
 16.14222      183
 16.17444      185
 16.20666      186
 16.2711       188
 16.30332      190
 16.30332      191
 16.33554      193
 16.36776      194
 16.39998      196
 16.4322       197
 16.46442      198
 16.49664      199
 16.52886      200
 16.56108      202
 16.56108      203
 16.5933       204
 16.62552      205
 16.65774      205
 16.68996      206
 16.72218      206
 16.72218      207
 16.7544       207
 16.78662      208
 16.81884      208
 16.85106      208
 16.88328      208
 16.9155       208
 16.9155       208
 16.94772      208
 16.97994      208
 17.01216      208
 17.04438      207
 17.0766       207
 17.10882      206
 17.10882      206
 17.14104      205
 17.17326      204
 17.20548      203
 17.2377       202
 17.26992      200
 17.30214      199
 17.30214      198
 17.33436      197
 17.36658      196
 17.3988       195
 17.43102      193
 17.46324      192
 17.49546      191
 17.49546      190
 17.52768      188
 17.5599       187
 17.59212      186
 17.62434      185
 17.65656      184
 17.68878      183
 17.68878      182
 17.721        181
 17.75322      180
 17.78544      179
 17.81766      178
 17.84988      177
 17.8821       176
 17.8821       175
 17.91432      174
 17.94654      173
 17.97876      173
 18.01098      172
 18.0432       171
 18.0432       171
 18.07542      170
 18.10764      170
 18.13986      169
 18.17208      169
 18.2043       168
 18.23652      168
 18.23652      168
 18.26874      167
 18.30096      167
 18.33318      167
 18.3654       167
 18.39762      167
 18.42984      166
 18.42984      166
 18.46206      166
 18.49428      166
 18.5265       166
 18.55872      166
 18.59094      166
 18.59094      166
 18.62316      166
 18.65538      166
 18.6876       166
 18.71982      167
 18.75204      167
 18.75204      167
 18.78426      168
 18.81648      168
 18.8487       168
 18.88092      168
 18.91314      169
 18.94536      169
 18.94536      170
 18.97758      170
 19.0098       170
 19.04202      171
 19.07424      171
 19.10646      172
 19.10646      172
 19.13868      172
 19.1709       173
 19.20312      173
 19.23534      174
 19.26756      174
 19.29978      175
 19.29978      176
 19.332        176
 19.36422      177
 19.39644      178
 19.42866      178
 19.46088      179
 19.46088      180
 19.52532      181
 19.55754      182
 19.58976      183
 19.62198      184
 19.6542       185
 19.6542       186
 19.68642      187
 19.71864      188
 19.75086      189
 19.78308      191
 19.78308      192
 19.8153       193
 19.84752      194
 19.87974      196
 19.91196      197
 19.94418      199
 19.9764       200
 19.9764       203
 20.00862      204
 20.04084      206
 20.07306      207
 20.10528      209
 20.1375       211
 20.1375       212
 20.16972      214
 20.20194      216
 20.23416      218
 20.26638      219
 20.2986       221
 20.2986       223
 20.33082      225
 20.36304      226
 20.39526      228
 20.42748      230
 20.4597       232
 20.4597       234
 20.49192      236
 20.52414      237
 20.55636      239
 20.58858      241
 20.6208       243
 20.6208       245
 20.65302      247
 20.68524      249
 20.71746      251
 20.74968      253
 20.7819       255
 20.7819       257
 20.81412      259
 20.84634      261
 20.87856      264
 20.91078      265
 20.943        268
 20.943        270
 20.97522      272
 21.00744      274
 21.03966      276
 21.07188      278
 21.1041       280
 21.1041       282
 21.13632      284
 21.16854      286
 21.20076      288
 21.23298      290
 21.2652       292
 21.2652       294
 21.29742      296
 21.32964      297
 21.36186      300
 21.39408      301
 21.4263       304
 21.4263       305
 21.45852      307
 21.49074      309
 21.52296      310
 21.55518      312
 21.5874       313
 21.5874       315
 21.61962      316
 21.65184      318
 21.68406      319
 21.71628      321
 21.71628      322
 21.7485       323
 21.78072      324
 21.81294      325
 21.84516      327
 21.87738      328
 21.87738      328
 21.9096       329
 21.94182      330
 21.97404      331
 22.00626      332
 22.00626      332
 22.03848      333
 22.0707       334
 22.10292      334
 22.13514      335
 22.16736      335
 22.16736      335
 22.19958      336
 22.2318       336
 22.26402      336
 22.29624      336
 22.32846      337
 22.32846      337
 22.36068      337
 22.3929       337
 22.42512      337
 22.45734      337
 22.48956      335
 22.48956      336
 22.52178      329
 22.554        314
 22.58622      300
 22.61844      288
 22.61844      278
 22.65066      269
 22.68288      262
 22.7151       255
 22.77954      249
 22.77954      244
 22.81176      240
 22.84398      237
 22.8762       234
 22.90842      232
 22.90842      230
 22.94064      228
 22.97286      227
 23.00508      226
 23.0373       225
 23.0373       225
 23.06952      225
 23.10174      224
 23.13396      224
 23.16618      224
 23.16618      224
 23.1984       224
 23.23062      225
 23.26284      225
 23.29506      225
 23.32728      225
 23.32728      225
 23.3595       226
 23.39172      226
 23.42394      226
 23.45616      226
 23.48838      227
 23.48838      227
 23.5206       227
 23.55282      228
 23.58504      228
 23.61726      228
 23.64948      229
 23.64948      229
 23.6817       227
 23.71392      226
 23.74614      224
 23.77836      224
 23.77836      224
 23.81058      224
 23.8428       225
 23.87502      226
 23.90724      226
 23.90724      227
 23.93946      227
 23.97168      228
 24.0039       228
 24.03612      229
 24.03612      229
 24.06834      230
 24.10056      230
 24.13278      231
 24.165        232
 24.165        232
 24.19722      233
 24.22944      234
 24.26166      234
 24.29388      235
 24.3261       236
 24.3261       237
 24.35832      238
 24.39054      238
 24.42276      239
 24.45498      240
 24.45498      241
 24.4872       242
 24.51942      243
 24.55164      244
 24.58386      245
 24.58386      246
 24.61608      247
 24.6483       248
 24.68052      249
 24.71274      250
 24.71274      251
 24.74496      252
 24.77718      254
 24.8094       255
 24.84162      256
 24.84162      258
 24.87384      259
 24.90606      261
 24.93828      262
 24.9705       263
 24.9705       265
 25.00272      267
 25.03494      268
 25.06716      270
 25.09938      272
 25.09938      273
 25.1316       275
 25.16382      276
 25.19604      278
 25.22826      280
 25.22826      282
 25.26048      283
 25.2927       285
 25.32492      287
 25.35714      288
 25.35714      290
 25.38936      292
 25.42158      294
 25.4538       296
 25.48602      297
 25.48602      299
 25.51824      301
 25.55046      304
 25.58268      306
 25.6149       308
 25.6149       310
 25.64712      312
 25.67934      314
 25.71156      316
 25.74378      318
 25.74378      320
 25.776        322
 25.80822      324
 25.84044      325
 25.87266      327
 25.87266      329
 25.90488      331
 25.9371       334
 25.96932      336
 26.00154      337
 26.03376      340
 26.06598      342
 26.0982       344
 26.13042      346
 26.13042      348
 26.16264      350
 26.19486      352
 26.22708      354
 26.22708      356
 26.2593       359
 26.29152      361
 26.32374      363
 26.35596      365
 26.35596      368
 26.38818      370
 26.4204       372
 26.45262      374
 26.48484      377
 26.48484      379
 26.51706      381
 26.54928      383
 26.5815       385
 26.5815       387
 26.61372      389
 26.64594      391
 26.67816      393
 26.71038      395
 26.71038      397
 26.7426       399
 26.77482      401
 26.80704      402
 26.83926      405
 26.83926      407
 26.87148      409
 26.9037       411
 26.93592      412
 26.93592      414
 26.96814      416
 27.00036      417
 27.03258      419
 27.0648       421
 27.0648       422
 27.09702      424
 27.12924      425
 27.16146      427
 27.19368      428
 27.19368      430
 27.2259       431
 27.25812      433
 27.29034      434
 27.29034      435
 27.32256      437
 27.35478      438
 27.387        440
 27.41922      441
 27.41922      442
 27.45144      444
 27.48366      445
 27.51588      446
 27.51588      447
 27.5481       448
 27.58032      449
 27.61254      451
 27.64476      452
 27.64476      453
 27.67698      454
 27.7092       455
 27.74142      456
 27.74142      457
 27.77364      458
 27.80586      459
 27.83808      460
 27.8703       461
 27.8703       463
 27.90252      464
 27.93474      465
 27.96696      466
 27.96696      467
 27.99918      468
 28.0314       469
 28.06362      470
 28.09584      471
 28.09584      472
 28.12806      473
 28.16028      474
 28.1925       475
 28.1925       476
 28.22472      477
 28.25694      478
 28.28916      479
 28.28916      480
 28.32138      481
 28.3536       482
 28.38582      483
 28.41804      484
 28.41804      485
