 0             0
 0             0
 0             0
 0             0
 0             0
 0             0
 0             0
 0             0
 0             0
 0             0
 3.222e-002    0
 6.444e-002    0
 6.444e-002    0
 9.666e-002    0
 0.12888       0
 0.12888       0
 0.19332       0
 0.19332       0
 0.22554       0
 0.25776       0
 0.25776       0
 0.3222        0
 0.3222        0
 0.35442       0
 0.38664       0
 0.41886       0
 0.41886       0
 0.4833        0
 0.4833        0
 0.51552       0
 0.54774       0
 0.57996       0
 0.61218       0
 0.6444        0
 0.6444        0
 0.67662       0
 0.70884       0
 0.74106       0
 0.77328       0
 0.8055        0
 0.83772       0
 0.86994       0
 0.86994       0
 0.90216       0
 0.93438       0
 0.9666        0
 0.99882       0
 1.03104       0
 1.03104       0
 1.09548       0
 1.09548       0
 1.1277        0
 1.15992       0
 1.19214       0
 1.22436       0
 1.25658       0
 1.2888        0
 1.32102       0
 1.32102       0
 1.35324       0
 1.38546       0
 1.41768       0
 1.4499        0
 1.48212       0
 1.51434       0
 1.54656       0
 1.57878       0
 1.57878       0
 1.611         0
 1.64322       0
 1.67544       0
 1.70766       0
 1.73988       0
 1.7721        0
 1.80432       0
 1.83654       0
 1.83654       0
 1.86876       0
 1.90098       0
 1.9332        0
 1.96542       0
 1.99764       0
 2.02986       0
 2.06208       0
 2.0943        0
 2.12652       0
 2.12652       0
 2.15874       0
 2.19096       0
 2.22318       0
 2.2554        0
 2.28762       0
 2.31984       0
 2.35206       0
 2.38428       0
 2.4165        0
 2.44872       0
 2.44872       0
 2.48094       0
 2.51316       0
 2.54538       0
 2.5776        0
 2.60982       0
 2.64204       0
 2.67426       0
 2.70648       0
 2.7387        0
 2.77092       0
 2.80314       0
 2.80314       0
 2.83536       0
 2.86758       0
 2.8998        0
 2.93202       0
 2.96424       0
 2.99646       0
 3.02868       0
 3.0609        0
 3.09312       0
 3.12534       0
 3.12534       0
 3.18978       0
 3.18978       0
 3.25422       0
 3.28644       0
 3.31866       0
 3.35088       0
 3.3831        0
 3.41532       0
 3.44754       0
 3.47976       0
 3.47976       0
 3.51198       0
 3.5442        0
 3.57642       0
 3.60864       0
 3.64086       0
 3.67308       0
 3.7053        0
 3.73752       0
 3.76974       0
 3.80196       0
 3.80196       0
 3.83418       0
 3.8664        0
 3.89862       0
 3.93084       0
 3.96306       0
 3.99528       0
 4.0275        0
 4.05972       0
 4.09194       0
 4.12416       0
 4.15638       0
 4.15638       0
 4.1886        0
 4.22082       0
 4.25304       0
 4.28526       0
 4.31748       0
 4.3497        0
 4.38192       0
 4.41414       0
 4.44636       0
 4.47858       0
 4.5108        0
 4.54302       0
 4.54302       0
 4.57524       0
 4.60746       0
 4.63968       0
 4.6719        0
 4.70412       0
 4.73634       0
 4.76856       0
 4.80078       0
 4.833         0
 4.86522       0
 4.86522       1
 4.89744       1
 4.92966       1
 4.96188       1
 4.9941        1
 5.02632       1
 5.05854       1
 5.09076       1
 5.12298       1
 5.1552        2
 5.18742       2
 5.18742       2
 5.21964       2
 5.25186       2
 5.28408       2
 5.3163        2
 5.34852       3
 5.38074       3
 5.41296       3
 5.44518       3
 5.4774        3
 5.50962       3
 5.54184       4
 5.57406       4
 5.57406       4
 5.60628       4
 5.6385        4
 5.67072       4
 5.70294       5
 5.73516       5
 5.76738       5
 5.7996        5
 5.83182       5
 5.86404       6
 5.89626       6
 5.89626       6
 5.92848       6
 5.9607        7
 5.99292       7
 6.02514       7
 6.05736       7
 6.08958       7
 6.1218        8
 6.15402       8
 6.18624       8
 6.21846       9
 6.21846       9
 6.25068       9
 6.2829        9
 6.31512       10
 6.34734       10
 6.37956       10
 6.41178       11
 6.444         11
 6.50844       11
 6.50844       11
 6.54066       12
 6.57288       12
 6.6051        12
 6.63732       13
 6.66954       13
 6.70176       13
 6.73398       14
 6.7662        14
 6.79842       14
 6.83064       15
 6.83064       15
 6.86286       15
 6.89508       15
 6.9273        16
 6.95952       16
 6.99174       16
 7.02396       16
 7.05618       17
 7.0884        17
 7.12062       17
 7.15284       17
 7.15284       17
 7.18506       17
 7.21728       17
 7.2495        17
 7.28172       17
 7.31394       17
 7.34616       17
 7.37838       17
 7.4106        17
 7.44282       17
 7.44282       17
 7.47504       16
 7.50726       16
 7.53948       16
 7.5717        16
 7.60392       16
 7.63614       15
 7.66836       15
 7.70058       15
 7.7328        15
 7.7328        15
 7.76502       14
 7.79724       14
 7.82946       14
 7.86168       14
 7.8939        13
 7.92612       13
 7.95834       13
 7.99056       13
 8.02278       13
 8.055         12
 8.055         12
 8.08722       12
 8.11944       12
 8.15166       11
 8.18388       11
 8.2161        11
 8.24832       11
 8.28054       11
 8.31276       11
 8.31276       10
 8.34498       10
 8.3772        10
 8.40942       10
 8.44164       10
 8.47386       10
 8.50608       10
 8.5383        9
 8.57052       9
 8.60274       9
 8.60274       9
 8.63496       9
 8.66718       9
 8.6994        9
 8.73162       9
 8.76384       9
 8.79606       9
 8.82828       9
 8.8605        9
 8.8605        9
 8.89272       9
 8.92494       9
 8.95716       9
 8.98938       9
 9.0216        9
 9.05382       9
 9.08604       9
 9.11826       9
 9.15048       9
 9.15048       9
 9.1827        10
 9.21492       10
 9.24714       10
 9.27936       10
 9.31158       10
 9.3438        10
 9.37602       11
 9.40824       11
 9.40824       11
 9.44046       11
 9.47268       11
 9.5049        11
 9.53712       12
 9.56934       12
 9.60156       12
 9.63378       12
 9.666         13
 9.69822       13
 9.69822       13
 9.76266       13
 9.79488       14
 9.8271        14
 9.85932       14
 9.89154       14
 9.92376       15
 9.92376       15
 9.95598       15
 9.9882        16
 10.02042      16
 10.05264      16
 10.08486      17
 10.11708      17
 10.1493       17
 10.18152      18
 10.18152      18
 10.21374      18
 10.24596      19
 10.27818      19
 10.3104       20
 10.34262      20
 10.37484      20
 10.40706      21
 10.40706      21
 10.43928      22
 10.4715       22
 10.50372      23
 10.53594      23
 10.56816      23
 10.60038      24
 10.6326       24
 10.66482      25
 10.66482      25
 10.69704      25
 10.72926      26
 10.76148      26
 10.7937       27
 10.82592      27
 10.85814      28
 10.89036      28
 10.92258      29
 10.92258      30
 10.9548       30
 10.98702      31
 11.01924      31
 11.05146      32
 11.08368      32
 11.1159       33
 11.14812      33
 11.18034      34
 11.18034      34
 11.21256      35
 11.24478      35
 11.277        36
 11.30922      37
 11.34144      37
 11.37366      38
 11.40588      38
 11.40588      39
 11.4381       40
 11.47032      40
 11.50254      41
 11.53476      41
 11.56698      42
 11.5992       42
 11.63142      43
 11.63142      43
 11.66364      44
 11.69586      44
 11.72808      45
 11.7603       45
 11.79252      46
 11.82474      46
 11.85696      46
 11.85696      46
 11.88918      47
 11.9214       47
 11.95362      47
 11.98584      47
 12.01806      47
 12.05028      47
 12.0825       47
 12.0825       47
 12.11472      47
 12.14694      47
 12.17916      46
 12.21138      46
 12.2436       46
 12.27582      46
 12.30804      45
 12.34026      45
 12.34026      45
 12.37248      44
 12.4047       44
 12.43692      43
 12.46914      43
 12.50136      42
 12.53358      42
 12.53358      41
 12.5658       41
 12.59802      40
 12.63024      40
 12.66246      39
 12.69468      38
 12.7269       38
 12.75912      37
 12.75912      37
 12.79134      36
 12.82356      35
 12.85578      35
 12.888        34
 12.92022      34
 12.95244      33
 12.98466      32
 13.01688      32
 13.0491       31
 13.08132      31
 13.11354      30
 13.14576      30
 13.17798      29
 13.17798      29
 13.2102       28
 13.24242      28
 13.27464      27
 13.30686      27
 13.33908      26
 13.3713       26
 13.40352      26
 13.40352      25
 13.43574      25
 13.46796      25
 13.50018      24
 13.5324       24
 13.56462      24
 13.59684      24
 13.62906      24
 13.62906      23
 13.66128      23
 13.6935       23
 13.72572      23
 13.75794      23
 13.79016      23
 13.82238      23
 13.82238      23
 13.8546       23
 13.88682      23
 13.91904      23
 13.95126      23
 13.98348      23
 14.0157       23
 14.04792      23
 14.04792      23
 14.08014      23
 14.11236      23
 14.14458      24
 14.1768       24
 14.20902      24
 14.24124      24
 14.27346      24
 14.27346      25
 14.30568      25
 14.3379       25
 14.37012      25
 14.40234      26
 14.43456      26
 14.43456      26
 14.46678      26
 14.499        26
 14.53122      27
 14.56344      27
 14.59566      27
 14.62788      28
 14.62788      28
 14.6601       28
 14.69232      29
 14.72454      29
 14.75676      30
 14.78898      30
 14.8212       31
 14.8212       31
 14.85342      32
 14.88564      32
 14.91786      33
 14.95008      33
 14.9823       33
 15.01452      33
 15.04674      33
 15.04674      33
 15.07896      34
 15.11118      34
 15.1434       35
 15.17562      35
 15.20784      36
 15.20784      37
 15.24006      37
 15.27228      38
 15.3045       39
 15.33672      39
 15.36894      40
 15.40116      41
 15.43338      41
 15.43338      42
 15.4656       43
 15.49782      43
 15.53004      44
 15.56226      45
 15.59448      46
 15.59448      46
 15.6267       47
 15.65892      48
 15.69114      49
 15.72336      49
 15.75558      50
 15.7878       51
 15.7878       52
 15.82002      53
 15.85224      53
 15.88446      54
 15.91668      55
 15.9489       56
 15.98112      57
 15.98112      58
 16.01334      58
 16.04556      59
 16.07778      60
 16.11         61
 16.14222      62
 16.17444      62
 16.17444      63
 16.20666      64
 16.2711       65
 16.30332      66
 16.33554      67
 16.36776      67
 16.36776      68
 16.39998      69
 16.4322       70
 16.46442      70
 16.49664      71
 16.52886      72
 16.52886      72
 16.56108      73
 16.5933       73
 16.62552      74
 16.65774      74
 16.68996      75
 16.68996      75
 16.72218      75
 16.7544       76
 16.78662      76
 16.81884      76
 16.85106      76
 16.88328      76
 16.88328      76
 16.9155       77
 16.94772      77
 16.97994      77
 17.01216      77
 17.04438      77
 17.0766       76
 17.0766       76
 17.10882      76
 17.14104      76
 17.17326      76
 17.20548      76
 17.2377       75
 17.2377       75
 17.26992      75
 17.30214      75
 17.33436      74
 17.36658      74
 17.3988       73
 17.43102      73
 17.43102      72
 17.46324      72
 17.49546      71
 17.52768      70
 17.5599       70
 17.59212      69
 17.59212      68
 17.62434      68
 17.65656      67
 17.68878      66
 17.721        66
 17.75322      65
 17.75322      64
 17.78544      64
 17.81766      63
 17.84988      62
 17.8821       62
 17.91432      61
 17.94654      61
 17.94654      60
 17.97876      59
 18.01098      59
 18.0432       58
 18.07542      57
 18.10764      57
 18.10764      56
 18.13986      55
 18.17208      55
 18.2043       54
 18.23652      53
 18.26874      53
 18.26874      52
 18.30096      52
 18.33318      51
 18.3654       51
 18.39762      50
 18.42984      50
 18.42984      49
 18.46206      49
 18.49428      49
 18.5265       48
 18.55872      48
 18.59094      47
 18.62316      47
 18.62316      47
 18.65538      47
 18.6876       46
 18.71982      46
 18.75204      46
 18.78426      46
 18.78426      45
 18.81648      45
 18.8487       45
 18.88092      45
 18.91314      45
 18.94536      45
 18.94536      45
 18.97758      45
 19.0098       45
 19.04202      45
 19.07424      45
 19.10646      45
 19.10646      45
 19.13868      45
 19.1709       45
 19.20312      45
 19.23534      45
 19.26756      45
 19.26756      46
 19.29978      46
 19.332        46
 19.36422      46
 19.39644      46
 19.42866      47
 19.42866      47
 19.46088      47
 19.52532      47
 19.55754      48
 19.58976      48
 19.58976      48
 19.62198      49
 19.6542       49
 19.68642      50
 19.71864      50
 19.75086      50
 19.75086      51
 19.78308      51
 19.8153       52
 19.84752      52
 19.87974      53
 19.91196      53
 19.91196      54
 19.94418      54
 19.9764       55
 20.00862      55
 20.04084      56
 20.04084      57
 20.07306      57
 20.10528      58
 20.1375       58
 20.16972      59
 20.20194      60
 20.20194      60
 20.23416      61
 20.26638      62
 20.2986       62
 20.33082      63
 20.36304      64
 20.36304      65
 20.39526      65
 20.42748      66
 20.4597       67
 20.49192      68
 20.52414      68
 20.52414      69
 20.55636      70
 20.58858      71
 20.6208       72
 20.65302      73
 20.68524      73
 20.68524      74
 20.71746      75
 20.74968      76
 20.7819       77
 20.81412      78
 20.81412      79
 20.84634      80
 20.87856      81
 20.91078      81
 20.943        82
 20.97522      83
 20.97522      84
 21.00744      85
 21.03966      86
 21.07188      87
 21.1041       88
 21.1041       89
 21.13632      90
 21.16854      91
 21.20076      92
 21.23298      93
 21.2652       93
 21.2652       94
 21.29742      95
 21.32964      96
 21.36186      97
 21.39408      98
 21.4263       98
 21.4263       99
 21.45852      100
 21.49074      101
 21.52296      102
 21.55518      102
 21.55518      103
 21.5874       103
 21.61962      104
 21.65184      104
 21.68406      105
 21.71628      105
 21.71628      106
 21.7485       106
 21.78072      106
 21.81294      107
 21.84516      107
 21.84516      107
 21.87738      107
 21.9096       108
 21.94182      108
 21.97404      108
 21.97404      108
 22.00626      108
 22.03848      108
 22.0707       108
 22.10292      108
 22.10292      108
 22.13514      108
 22.16736      108
 22.19958      107
 22.2318       107
 22.26402      107
 22.26402      107
 22.29624      106
 22.32846      106
 22.36068      105
 22.3929       105
 22.3929       105
 22.42512      104
 22.45734      104
 22.48956      103
 22.52178      103
 22.52178      103
 22.554        102
 22.58622      102
 22.61844      101
 22.65066      101
 22.68288      99
 22.68288      99
 22.7151       98
 22.77954      98
 22.81176      97
 22.81176      97
 22.84398      96
 22.8762       96
 22.90842      95
 22.94064      94
 22.94064      94
 22.97286      93
 23.00508      93
 23.0373       92
 23.06952      91
 23.06952      91
 23.10174      90
 23.13396      90
 23.16618      89
 23.1984       89
 23.1984       88
 23.23062      88
 23.26284      87
 23.29506      87
 23.32728      86
 23.3595       86
 23.3595       85
 23.39172      85
 23.42394      85
 23.45616      84
 23.48838      84
 23.48838      83
 23.5206       83
 23.55282      82
 23.58504      82
 23.61726      82
 23.61726      81
 23.64948      81
 23.6817       81
 23.71392      80
 23.74614      80
 23.74614      80
 23.77836      80
 23.81058      79
 23.8428       79
 23.87502      79
 23.87502      79
 23.90724      79
 23.93946      79
 23.97168      78
 24.0039       78
 24.0039       78
 24.03612      78
 24.06834      78
 24.10056      78
 24.13278      78
 24.13278      78
 24.165        78
 24.19722      78
 24.22944      78
 24.22944      78
 24.26166      78
 24.29388      78
 24.3261       78
 24.35832      78
 24.35832      78
 24.39054      78
 24.42276      79
 24.45498      79
 24.4872       79
 24.4872       79
 24.51942      79
 24.55164      79
 24.58386      80
 24.61608      80
 24.6483       80
 24.6483       80
 24.68052      81
 24.71274      81
 24.74496      81
 24.74496      82
 24.77718      82
 24.8094       82
 24.84162      83
 24.87384      83
 24.87384      84
 24.90606      84
 24.93828      85
 24.9705       85
 25.00272      85
 25.00272      86
 25.03494      86
 25.06716      87
 25.09938      87
 25.1316       88
 25.1316       89
 25.16382      89
 25.19604      90
 25.22826      91
 25.22826      92
 25.26048      92
 25.2927       93
 25.32492      94
 25.35714      94
 25.35714      95
 25.38936      96
 25.42158      97
 25.4538       98
 25.48602      99
 25.48602      99
 25.51824      101
 25.55046      102
 25.58268      103
 25.6149       104
 25.6149       105
 25.64712      106
 25.67934      106
 25.71156      107
 25.71156      108
 25.74378      109
 25.776        110
 25.80822      111
 25.84044      112
 25.84044      113
 25.87266      114
 25.90488      115
 25.9371       116
 25.96932      117
 25.96932      118
 26.03376      119
 26.06598      120
 26.06598      121
 26.0982       122
 26.13042      123
 26.16264      124
 26.19486      125
 26.19486      126
 26.22708      127
 26.2593       127
 26.29152      128
 26.32374      129
 26.32374      130
 26.35596      131
 26.38818      132
 26.4204       133
 26.4204       134
 26.45262      134
 26.48484      135
 26.51706      136
 26.54928      137
 26.54928      138
 26.5815       138
 26.61372      139
 26.64594      140
 26.67816      140
 26.67816      141
 26.71038      142
 26.7426       142
 26.77482      143
 26.77482      144
 26.80704      144
 26.83926      145
 26.87148      145
 26.87148      146
 26.9037       146
 26.93592      146
 26.96814      147
 27.00036      147
 27.00036      148
 27.03258      148
 27.0648       148
 27.09702      148
 27.09702      148
 27.12924      149
 27.16146      149
 27.19368      149
 27.2259       149
 27.2259       149
 27.25812      149
 27.29034      149
 27.32256      149
 27.32256      149
 27.35478      149
 27.387        149
 27.41922      149
 27.45144      149
 27.45144      149
 27.48366      149
 27.51588      149
 27.5481       149
 27.5481       149
 27.58032      149
 27.61254      149
 27.64476      149
 27.64476      149
 27.67698      149
 27.7092       149
 27.74142      149
 27.74142      148
 27.77364      148
 27.80586      148
 27.83808      148
 27.8703       148
 27.8703       147
 27.90252      147
 27.93474      147
 27.96696      147
 27.96696      147
 27.99918      146
 28.0314       146
 28.06362      146
 28.06362      146
