 0             0
 0             0
 0             0
 0             0
 0             0
 0             0
 0             0
 0             0
 0             0
 3.222e-002    0
 6.444e-002    0
 6.444e-002    0
 0.12888       0
 0.12888       0
 0.1611        0
 0.19332       0
 0.22554       0
 0.25776       0
 0.28998       0
 0.28998       0
 0.35442       0
 0.35442       0
 0.38664       0
 0.41886       0
 0.45108       0
 0.4833        0
 0.51552       0
 0.54774       0
 0.57996       0
 0.61218       0
 0.61218       0
 0.67662       0
 0.67662       0
 0.70884       0
 0.74106       0
 0.77328       0
 0.8055        0
 0.83772       0
 0.86994       0
 0.90216       0
 0.93438       0
 0.9666        0
 0.99882       0
 1.03104       0
 1.03104       0
 1.09548       0
 1.09548       0
 1.1277        0
 1.19214       0
 1.19214       0
 1.22436       0
 1.25658       0
 1.2888        0
 1.32102       0
 1.35324       0
 1.38546       0
 1.41768       0
 1.4499        0
 1.48212       0
 1.51434       0
 1.54656       0
 1.57878       0
 1.611         0
 1.64322       0
 1.67544       0
 1.70766       0
 1.70766       0
 1.7721        0
 1.7721        0
 1.80432       0
 1.83654       0
 1.86876       0
 1.90098       0
 1.9332        0
 1.96542       0
 1.99764       0
 2.02986       0
 2.06208       0
 2.0943        0
 2.12652       0
 2.15874       0
 2.19096       0
 2.22318       0
 2.2554        0
 2.28762       0
 2.31984       0
 2.35206       0
 2.38428       0
 2.4165        0
 2.44872       0
 2.48094       0
 2.51316       0
 2.54538       0
 2.5776        0
 2.5776        0
 2.64204       0
 2.64204       0
 2.67426       0
 2.70648       0
 2.7387        0
 2.77092       0
 2.80314       0
 2.83536       0
 2.86758       0
 2.8998        0
 2.93202       0
 2.96424       0
 2.99646       0
 3.02868       0
 3.0609        0
 3.09312       0
 3.12534       0
 3.15756       0
 3.18978       0
 3.25422       0
 3.28644       0
 3.31866       0
 3.35088       0
 3.3831        0
 3.41532       0
 3.44754       0
 3.47976       0
 3.47976       0
 3.51198       0
 3.5442        0
 3.57642       0
 3.60864       0
 3.64086       0
 3.67308       0
 3.7053        0
 3.73752       0
 3.76974       0
 3.80196       0
 3.83418       0
 3.8664        0
 3.89862       0
 3.93084       0
 3.96306       0
 3.99528       0
 4.0275        0
 4.05972       0
 4.09194       0
 4.12416       0
 4.15638       0
 4.1886        0
 4.22082       0
 4.25304       0
 4.28526       1
 4.31748       1
 4.3497        1
 4.3497        1
 4.41414       1
 4.41414       1
 4.44636       2
 4.47858       2
 4.5108        2
 4.54302       2
 4.57524       2
 4.60746       3
 4.63968       3
 4.6719        3
 4.70412       3
 4.73634       3
 4.76856       4
 4.80078       4
 4.833         4
 4.86522       4
 4.89744       5
 4.92966       5
 4.96188       5
 4.9941        5
 5.02632       6
 5.05854       6
 5.09076       6
 5.12298       6
 5.1552        7
 5.18742       7
 5.18742       7
 5.21964       7
 5.25186       8
 5.28408       8
 5.3163        8
 5.34852       9
 5.38074       9
 5.41296       9
 5.44518       10
 5.4774        10
 5.50962       10
 5.54184       11
 5.57406       11
 5.60628       12
 5.6385        12
 5.67072       12
 5.70294       13
 5.73516       13
 5.76738       13
 5.7996        14
 5.83182       14
 5.86404       15
 5.89626       15
 5.89626       15
 5.92848       16
 5.9607        16
 5.99292       17
 6.02514       17
 6.05736       18
 6.08958       18
 6.1218        19
 6.15402       19
 6.18624       19
 6.21846       20
 6.25068       20
 6.2829        21
 6.31512       21
 6.34734       22
 6.37956       22
 6.41178       23
 6.444         24
 6.50844       24
 6.50844       25
 6.54066       25
 6.57288       26
 6.6051        26
 6.63732       27
 6.66954       27
 6.70176       28
 6.73398       28
 6.7662        29
 6.79842       30
 6.83064       30
 6.86286       31
 6.89508       31
 6.9273        32
 6.95952       32
 6.99174       33
 7.02396       34
 7.05618       34
 7.0884        35
 7.12062       35
 7.12062       36
 7.15284       36
 7.18506       36
 7.21728       37
 7.2495        37
 7.28172       38
 7.31394       38
 7.34616       38
 7.37838       39
 7.4106        39
 7.44282       39
 7.47504       39
 7.50726       39
 7.53948       40
 7.5717        40
 7.60392       40
 7.63614       40
 7.63614       40
 7.66836       40
 7.70058       40
 7.7328        40
 7.76502       40
 7.79724       40
 7.82946       40
 7.86168       40
 7.8939        40
 7.92612       39
 7.95834       39
 7.99056       39
 8.02278       38
 8.055         38
 8.08722       38
 8.11944       38
 8.15166       37
 8.18388       37
 8.18388       37
 8.2161        37
 8.24832       36
 8.28054       36
 8.31276       36
 8.34498       36
 8.3772        36
 8.40942       35
 8.44164       35
 8.47386       35
 8.50608       35
 8.5383        35
 8.57052       35
 8.60274       35
 8.63496       35
 8.63496       34
 8.66718       34
 8.6994        34
 8.73162       34
 8.76384       34
 8.79606       34
 8.82828       34
 8.8605        34
 8.89272       34
 8.92494       34
 8.95716       34
 8.98938       34
 9.0216        35
 9.05382       35
 9.08604       35
 9.11826       35
 9.11826       35
 9.15048       35
 9.1827        35
 9.21492       36
 9.24714       36
 9.27936       36
 9.31158       36
 9.3438        36
 9.37602       37
 9.40824       37
 9.44046       37
 9.47268       38
 9.5049        38
 9.53712       38
 9.56934       39
 9.56934       39
 9.60156       39
 9.63378       40
 9.666         40
 9.69822       40
 9.76266       41
 9.79488       41
 9.8271        42
 9.85932       42
 9.89154       43
 9.92376       43
 9.95598       44
 9.9882        44
 9.9882        45
 10.02042      45
 10.05264      45
 10.08486      46
 10.11708      47
 10.1493       47
 10.18152      48
 10.21374      48
 10.24596      49
 10.27818      49
 10.3104       50
 10.34262      51
 10.37484      51
 10.37484      52
 10.40706      52
 10.43928      53
 10.4715       54
 10.50372      54
 10.53594      55
 10.56816      56
 10.60038      56
 10.6326       57
 10.66482      58
 10.69704      58
 10.72926      59
 10.76148      60
 10.76148      61
 10.7937       61
 10.82592      62
 10.85814      63
 10.89036      64
 10.92258      64
 10.9548       65
 10.98702      66
 11.01924      67
 11.05146      68
 11.08368      68
 11.1159       69
 11.14812      70
 11.14812      71
 11.18034      72
 11.21256      73
 11.24478      73
 11.277        74
 11.30922      75
 11.34144      76
 11.37366      77
 11.40588      78
 11.4381       79
 11.47032      80
 11.50254      81
 11.50254      82
 11.53476      82
 11.56698      83
 11.5992       84
 11.63142      85
 11.66364      86
 11.69586      87
 11.72808      88
 11.7603       89
 11.79252      90
 11.82474      91
 11.85696      92
 11.85696      93
 11.88918      94
 11.9214       95
 11.95362      96
 11.98584      96
 12.01806      97
 12.05028      98
 12.0825       99
 12.11472      101
 12.14694      101
 12.17916      102
 12.21138      103
 12.21138      103
 12.2436       104
 12.27582      105
 12.30804      105
 12.34026      106
 12.37248      106
 12.4047       107
 12.43692      108
 12.46914      108
 12.50136      109
 12.50136      109
 12.53358      109
 12.5658       110
 12.59802      110
 12.63024      110
 12.66246      111
 12.69468      111
 12.7269       111
 12.75912      111
 12.79134      111
 12.82356      111
 12.85578      111
 12.888        111
 12.888        111
 12.92022      111
 12.95244      111
 13.01688      111
 13.0491       111
 13.08132      111
 13.11354      111
 13.14576      111
 13.17798      111
 13.17798      111
 13.2102       111
 13.24242      111
 13.27464      111
 13.30686      111
 13.33908      111
 13.3713       110
 13.40352      111
 13.43574      110
 13.46796      110
 13.50018      110
 13.50018      110
 13.5324       110
 13.56462      111
 13.59684      110
 13.62906      111
 13.66128      111
 13.6935       111
 13.72572      111
 13.75794      111
 13.79016      111
 13.79016      111
 13.82238      112
 13.8546       112
 13.88682      112
 13.91904      112
 13.95126      113
 13.98348      113
 14.0157       113
 14.04792      113
 14.08014      114
 14.08014      114
 14.11236      114
 14.14458      115
 14.1768       115
 14.20902      115
 14.24124      116
 14.27346      116
 14.30568      117
 14.3379       117
 14.37012      117
 14.40234      118
 14.40234      118
 14.43456      119
 14.46678      120
 14.499        120
 14.53122      120
 14.56344      121
 14.59566      121
 14.62788      122
 14.62788      122
 14.6601       123
 14.69232      124
 14.72454      124
 14.75676      125
 14.78898      125
 14.8212       126
 14.85342      126
 14.88564      127
 14.91786      128
 14.95008      128
 14.95008      129
 14.9823       130
 15.01452      130
 15.04674      131
 15.07896      132
 15.11118      133
 15.1434       133
 15.17562      134
 15.20784      135
 15.20784      136
 15.24006      137
 15.27228      138
 15.3045       139
 15.33672      140
 15.36894      140
 15.40116      141
 15.43338      142
 15.4656       143
 15.49782      144
 15.49782      145
 15.53004      146
 15.56226      148
 15.59448      149
 15.6267       150
 15.65892      151
 15.69114      152
 15.72336      153
 15.75558      155
 15.75558      156
 15.7878       157
 15.82002      159
 15.85224      161
 15.88446      162
 15.91668      164
 15.9489       166
 15.98112      168
 15.98112      170
 16.01334      171
 16.04556      173
 16.07778      175
 16.11         176
 16.14222      178
 16.17444      180
 16.20666      181
 16.23888      183
 16.2711       184
 16.30332      185
 16.33554      186
 16.36776      186
 16.39998      187
 16.4322       187
 16.4322       187
 16.46442      188
 16.49664      188
 16.52886      189
 16.56108      189
 16.5933       190
 16.62552      190
 16.65774      191
 16.65774      191
 16.68996      191
 16.72218      192
 16.7544       192
 16.78662      193
 16.81884      193
 16.85106      193
 16.88328      194
 16.9155       195
 16.9155       195
 16.94772      196
 16.97994      196
 17.01216      197
 17.04438      198
 17.0766       198
 17.10882      199
 17.14104      200
 17.14104      200
 17.17326      202
 17.20548      203
 17.2377       203
 17.26992      204
 17.30214      205
 17.33436      206
 17.36658      207
 17.3988       208
 17.3988       208
 17.43102      210
 17.46324      210
 17.49546      211
 17.52768      212
 17.5599       213
 17.59212      214
 17.62434      215
 17.62434      215
 17.65656      216
 17.68878      217
 17.721        218
 17.75322      219
 17.78544      219
 17.81766      220
 17.84988      221
 17.84988      221
 17.8821       222
 17.91432      223
 17.94654      223
 17.97876      224
 18.01098      224
 18.0432       225
 18.07542      225
 18.07542      225
 18.10764      225
 18.13986      226
 18.17208      226
 18.2043       226
 18.23652      226
 18.26874      226
 18.30096      226
 18.30096      225
 18.33318      225
 18.3654       225
 18.39762      224
 18.42984      224
 18.46206      224
 18.49428      223
 18.5265       223
 18.5265       223
 18.55872      222
 18.59094      222
 18.62316      221
 18.65538      221
 18.6876       221
 18.71982      220
 18.71982      220
 18.75204      219
 18.78426      219
 18.81648      218
 18.8487       218
 18.88092      217
 18.91314      217
 18.94536      216
 18.94536      215
 18.97758      215
 19.0098       214
 19.04202      214
 19.07424      214
 19.10646      213
 19.13868      213
 19.13868      213
 19.1709       212
 19.20312      212
 19.23534      212
 19.26756      212
 19.29978      213
 19.332        213
 19.36422      213
 19.36422      214
 19.39644      214
 19.42866      214
 19.46088      215
 19.52532      215
 19.55754      216
 19.55754      217
 19.58976      217
 19.62198      218
 19.6542       219
 19.68642      220
 19.71864      221
 19.75086      221
 19.78308      222
 19.78308      223
 19.8153       224
 19.84752      225
 19.87974      226
 19.91196      226
 19.94418      227
 19.94418      228
 19.9764       228
 20.00862      229
 20.04084      229
 20.07306      228
 20.10528      228
 20.1375       228
 20.16972      227
 20.16972      227
 20.20194      226
 20.23416      225
 20.26638      224
 20.2986       223
 20.33082      222
 20.36304      220
 20.36304      219
 20.39526      218
 20.42748      216
 20.4597       215
 20.49192      214
 20.52414      212
 20.55636      211
 20.55636      211
 20.58858      209
 20.6208       209
 20.65302      208
 20.68524      208
 20.71746      207
 20.74968      207
 20.74968      207
 20.7819       207
 20.81412      207
 20.84634      207
 20.87856      207
 20.91078      207
 20.943        207
 20.943        208
 20.97522      208
 21.00744      208
 21.03966      209
 21.07188      209
 21.1041       210
 21.1041       210
 21.13632      211
 21.16854      212
 21.20076      212
 21.23298      213
 21.2652       213
 21.29742      214
 21.29742      215
 21.32964      216
 21.36186      216
 21.39408      217
 21.4263       218
 21.45852      218
 21.49074      219
 21.49074      220
 21.52296      220
 21.55518      221
 21.5874       222
 21.61962      223
 21.65184      224
 21.65184      225
 21.68406      226
 21.71628      227
 21.7485       227
 21.78072      228
 21.81294      230
 21.84516      230
 21.84516      231
 21.87738      233
 21.9096       233
 21.94182      235
 21.97404      236
 22.00626      236
 22.00626      238
 22.03848      239
 22.0707       239
 22.10292      241
 22.13514      241
 22.16736      242
 22.19958      243
 22.19958      243
 22.2318       244
 22.26402      245
 22.29624      245
 22.32846      246
 22.36068      247
 22.36068      247
 22.3929       248
 22.42512      249
 22.45734      249
 22.48956      250
 22.52178      251
 22.52178      251
 22.554        252
 22.58622      253
 22.61844      254
 22.65066      254
 22.68288      255
 22.7151       256
 22.7151       257
 22.77954      257
 22.81176      258
 22.84398      259
 22.8762       260
 22.8762       261
 22.90842      261
 22.94064      262
 22.97286      263
 23.00508      263
 23.0373       264
 23.0373       265
 23.06952      265
 23.10174      266
 23.13396      266
 23.16618      266
 23.1984       267
 23.1984       267
 23.23062      267
 23.26284      268
 23.29506      268
 23.32728      268
 23.3595       269
 23.3595       269
 23.39172      269
 23.42394      269
 23.45616      269
 23.48838      270
 23.5206       270
 23.5206       270
 23.55282      270
 23.58504      270
 23.61726      270
 23.64948      271
 23.6817       271
 23.6817       271
 23.71392      272
 23.74614      272
 23.77836      273
 23.81058      273
 23.8428       273
 23.8428       274
 23.87502      274
 23.90724      275
 23.93946      275
 23.97168      276
 23.97168      276
 24.0039       277
 24.03612      278
 24.06834      278
 24.10056      279
 24.13278      279
 24.165        280
 24.165        281
 24.19722      281
 24.22944      282
 24.26166      283
 24.29388      283
 24.3261       284
 24.3261       284
 24.35832      285
 24.39054      285
 24.42276      286
 24.45498      286
 24.45498      287
 24.4872       287
 24.51942      287
 24.55164      288
 24.58386      288
 24.61608      288
 24.61608      289
 24.6483       289
 24.68052      289
 24.71274      289
 24.74496      289
 24.74496      290
 24.77718      289
 24.8094       290
 24.84162      290
 24.87384      289
 24.90606      290
 24.90606      290
 24.93828      289
 24.9705       289
 25.00272      289
 25.03494      289
 25.03494      289
 25.06716      288
 25.09938      287
 25.1316       287
 25.16382      286
 25.19604      286
 25.19604      286
 25.22826      285
 25.26048      285
 25.2927       285
 25.32492      285
 25.35714      285
 25.35714      285
 25.38936      285
 25.42158      285
 25.4538       285
 25.48602      285
 25.48602      285
 25.51824      285
 25.55046      285
 25.58268      285
 25.6149       285
 25.6149       285
 25.64712      285
 25.67934      284
 25.71156      285
 25.74378      285
 25.74378      285
 25.776        285
 25.80822      285
 25.84044      285
 25.87266      285
 25.90488      285
 25.90488      285
 25.9371       286
 25.96932      286
 26.03376      287
 26.03376      287
 26.06598      287
 26.0982       288
 26.13042      289
 26.16264      289
 26.19486      290
 26.19486      290
 26.22708      291
 26.2593       292
 26.29152      292
 26.32374      293
 26.32374      294
 26.35596      294
 26.38818      295
 26.4204       296
 26.45262      296
 26.45262      297
 26.48484      298
 26.51706      298
 26.54928      299
 26.5815       299
 26.5815       300
 26.61372      301
 26.64594      301
 26.67816      302
 26.71038      303
 26.71038      303
 26.7426       303
 26.77482      304
 26.80704      304
 26.83926      304
 26.83926      304
 26.87148      304
 26.9037       304
 26.93592      303
 26.96814      303
 27.00036      303
 27.00036      302
 27.03258      301
 27.0648       301
 27.09702      300
 27.12924      300
 27.12924      300
 27.16146      299
 27.19368      299
 27.2259       299
 27.2259       298
 27.25812      298
 27.29034      298
 27.32256      298
 27.35478      298
 27.35478      298
 27.387        298
 27.41922      298
 27.45144      298
 27.48366      299
 27.51588      299
 27.51588      299
 27.5481       299
 27.58032      300
 27.61254      300
 27.61254      300
 27.64476      301
 27.67698      301
 27.7092       302
 27.74142      303
 27.74142      303
 27.77364      304
 27.80586      304
 27.83808      304
 27.8703       305
 27.8703       305
 27.90252      306
 27.93474      306
 27.96696      307
 27.99918      307
 27.99918      308
 28.0314       308
 28.06362      309
 28.09584      309
 28.12806      310
 28.12806      311
 28.16028      311
 28.1925       311
 28.22472      312
 28.22472      312
 28.25694      313
 28.28916      314
 28.32138      314
 28.3536       315
 28.3536       316
 28.38582      316
 28.41804      317
 28.45026      317
 28.48248      318
 28.48248      319
 28.5147       319
 28.54692      320
 28.57914      321
 28.61136      321
 28.61136      322
 28.64358      322
 28.6758       323
 28.70802      324
 28.74024      324
 28.74024      325
 28.77246      326
 28.80468      326
 28.8369       327
 28.8369       328
 28.86912      328
 28.90134      329
 28.93356      329
 28.96578      330
 28.96578      330
 28.998        331
 29.03022      331
 29.06244      332
 29.06244      332
 29.09466      333
 29.12688      333
 29.1591       333
 29.1591       333
 29.19132      333
