 0             0
 0             0
 0             0
 0             0
 0             0
 0             0
 0             0
 0             0
 0             0
 0             0
 3.222e-002    0
 6.444e-002    0
 6.444e-002    0
 9.666e-002    0
 0.12888       0
 0.1611        0
 0.19332       0
 0.22554       0
 0.22554       0
 0.28998       0
 0.28998       0
 0.3222        0
 0.35442       0
 0.38664       0
 0.41886       0
 0.45108       0
 0.45108       0
 0.4833        0
 0.51552       0
 0.54774       0
 0.57996       0
 0.61218       0
 0.61218       0
 0.67662       0
 0.67662       0
 0.70884       0
 0.74106       0
 0.77328       0
 0.8055        0
 0.83772       0
 0.86994       0
 0.90216       0
 0.93438       0
 0.93438       0
 0.9666        0
 0.99882       0
 1.03104       0
 1.06326       0
 1.09548       0
 1.1277        0
 1.15992       0
 1.19214       0
 1.19214       0
 1.25658       0
 1.25658       0
 1.2888        0
 1.32102       0
 1.35324       0
 1.38546       0
 1.41768       0
 1.4499        0
 1.48212       0
 1.51434       0
 1.51434       0
 1.57878       0
 1.57878       0
 1.611         0
 1.64322       0
 1.67544       0
 1.70766       0
 1.73988       0
 1.7721        0
 1.80432       0
 1.83654       0
 1.86876       0
 1.90098       0
 1.90098       0
 1.9332        0
 1.96542       0
 1.99764       0
 2.02986       0
 2.06208       0
 2.0943        0
 2.12652       0
 2.15874       0
 2.19096       0
 2.22318       0
 2.2554        0
 2.28762       0
 2.31984       0
 2.35206       0
 2.38428       0
 2.38428       0
 2.4165        0
 2.44872       0
 2.48094       0
 2.51316       0
 2.54538       0
 2.5776        0
 2.60982       0
 2.64204       0
 2.67426       0
 2.70648       0
 2.7387        0
 2.77092       0
 2.80314       0
 2.83536       0
 2.83536       0
 2.8998        0
 2.8998        0
 2.93202       0
 2.96424       0
 2.99646       0
 3.02868       0
 3.0609        0
 3.09312       0
 3.12534       0
 3.15756       0
 3.18978       0
 3.222         0
 3.28644       0
 3.28644       0
 3.35088       0
 3.35088       0
 3.3831        0
 3.41532       0
 3.44754       0
 3.47976       0
 3.51198       0
 3.5442        0
 3.57642       0
 3.60864       0
 3.64086       0
 3.67308       0
 3.7053        0
 3.73752       0
 3.76974       0
 3.80196       0
 3.83418       0
 3.8664        0
 3.8664        0
 3.89862       0
 3.93084       0
 3.96306       0
 3.99528       0
 4.0275        0
 4.05972       0
 4.09194       0
 4.12416       0
 4.15638       0
 4.1886        0
 4.22082       0
 4.25304       0
 4.28526       0
 4.31748       0
 4.31748       0
 4.3497        0
 4.38192       0
 4.41414       0
 4.44636       0
 4.47858       0
 4.5108        0
 4.54302       0
 4.57524       0
 4.60746       0
 4.63968       0
 4.6719        0
 4.70412       0
 4.73634       0
 4.76856       0
 4.80078       0
 4.80078       0
 4.833         0
 4.86522       0
 4.89744       0
 4.92966       0
 4.96188       0
 4.9941        0
 5.02632       0
 5.05854       0
 5.09076       0
 5.12298       0
 5.1552        1
 5.18742       1
 5.21964       1
 5.25186       1
 5.28408       1
 5.3163        1
 5.3163        1
 5.34852       1
 5.38074       1
 5.41296       2
 5.44518       2
 5.4774        2
 5.50962       2
 5.54184       2
 5.57406       2
 5.60628       2
 5.6385        2
 5.67072       3
 5.70294       3
 5.73516       3
 5.73516       3
 5.76738       3
 5.7996        3
 5.83182       3
 5.86404       4
 5.89626       4
 5.92848       4
 5.9607        4
 5.99292       4
 6.02514       4
 6.05736       5
 6.08958       5
 6.1218        5
 6.15402       5
 6.18624       5
 6.21846       5
 6.21846       6
 6.25068       6
 6.2829        6
 6.31512       6
 6.34734       6
 6.37956       7
 6.41178       7
 6.444         7
 6.50844       7
 6.54066       7
 6.57288       8
 6.6051        8
 6.6051        8
 6.63732       8
 6.66954       8
 6.70176       9
 6.73398       9
 6.7662        9
 6.79842       9
 6.83064       10
 6.86286       10
 6.89508       10
 6.9273        10
 6.95952       10
 6.99174       11
 7.02396       11
 7.02396       11
 7.05618       11
 7.0884        11
 7.12062       11
 7.15284       12
 7.18506       12
 7.21728       12
 7.2495        12
 7.28172       12
 7.31394       12
 7.34616       12
 7.37838       12
 7.4106        12
 7.4106        12
 7.44282       12
 7.47504       12
 7.50726       12
 7.53948       12
 7.5717        12
 7.60392       12
 7.63614       12
 7.66836       12
 7.70058       12
 7.7328        12
 7.76502       11
 7.79724       11
 7.79724       11
 7.82946       11
 7.86168       11
 7.8939        11
 7.92612       11
 7.95834       10
 7.99056       10
 8.02278       10
 8.055         10
 8.08722       10
 8.11944       10
 8.15166       9
 8.18388       9
 8.18388       9
 8.2161        9
 8.24832       9
 8.28054       9
 8.31276       9
 8.34498       8
 8.3772        8
 8.40942       8
 8.44164       8
 8.47386       8
 8.50608       8
 8.5383        8
 8.5383        8
 8.57052       8
 8.60274       7
 8.63496       7
 8.66718       7
 8.6994        7
 8.73162       7
 8.76384       7
 8.79606       7
 8.82828       7
 8.8605        7
 8.8605        7
 8.89272       7
 8.92494       7
 8.95716       7
 8.98938       7
 9.0216        7
 9.05382       7
 9.08604       7
 9.11826       7
 9.15048       7
 9.1827        7
 9.21492       7
 9.21492       7
 9.24714       8
 9.27936       8
 9.31158       8
 9.3438        8
 9.37602       8
 9.40824       8
 9.44046       8
 9.47268       8
 9.5049        8
 9.53712       9
 9.56934       9
 9.56934       9
 9.60156       9
 9.63378       9
 9.666         9
 9.69822       9
 9.76266       10
 9.79488       10
 9.8271        10
 9.85932       10
 9.85932       10
 9.89154       10
 9.92376       11
 9.95598       11
 9.9882        11
 10.02042      11
 10.05264      11
 10.08486      12
 10.11708      12
 10.1493       12
 10.18152      12
 10.21374      13
 10.21374      13
 10.24596      13
 10.27818      13
 10.3104       13
 10.34262      14
 10.37484      14
 10.40706      14
 10.43928      15
 10.4715       15
 10.50372      15
 10.50372      15
 10.53594      16
 10.56816      16
 10.60038      16
 10.6326       16
 10.66482      17
 10.69704      17
 10.72926      17
 10.76148      18
 10.7937       18
 10.7937       18
 10.82592      19
 10.85814      19
 10.89036      19
 10.92258      20
 10.9548       20
 10.98702      20
 11.01924      21
 11.05146      21
 11.08368      21
 11.08368      22
 11.1159       22
 11.14812      22
 11.18034      23
 11.21256      23
 11.24478      23
 11.277        24
 11.30922      24
 11.34144      24
 11.37366      25
 11.40588      25
 11.40588      26
 11.4381       26
 11.47032      26
 11.50254      27
 11.53476      27
 11.56698      28
 11.5992       28
 11.63142      28
 11.66364      29
 11.69586      29
 11.69586      29
 11.72808      30
 11.7603       30
 11.79252      30
 11.82474      31
 11.85696      31
 11.88918      31
 11.9214       32
 11.95362      32
 11.98584      32
 11.98584      32
 12.01806      33
 12.05028      33
 12.0825       33
 12.11472      33
 12.14694      33
 12.17916      34
 12.21138      34
 12.2436       34
 12.2436       34
 12.27582      34
 12.30804      34
 12.34026      34
 12.37248      34
 12.4047       34
 12.43692      34
 12.46914      34
 12.50136      34
 12.50136      34
 12.53358      34
 12.5658       34
 12.59802      34
 12.63024      34
 12.66246      34
 12.69468      33
 12.7269       33
 12.75912      33
 12.79134      33
 12.79134      33
 12.82356      32
 12.85578      32
 12.888        32
 12.92022      32
 12.95244      32
 13.01688      31
 13.0491       31
 13.0491       31
 13.08132      31
 13.11354      31
 13.14576      30
 13.17798      30
 13.2102       30
 13.24242      30
 13.27464      29
 13.30686      29
 13.30686      29
 13.33908      29
 13.3713       29
 13.40352      28
 13.43574      28
 13.46796      28
 13.50018      28
 13.5324       28
 13.56462      28
 13.56462      27
 13.59684      27
 13.62906      27
 13.66128      27
 13.6935       27
 13.72572      27
 13.75794      27
 13.79016      27
 13.82238      27
 13.82238      27
 13.8546       27
 13.88682      27
 13.91904      27
 13.95126      27
 13.98348      27
 14.0157       27
 14.04792      26
 14.08014      27
 14.08014      27
 14.11236      27
 14.14458      27
 14.1768       27
 14.20902      27
 14.24124      27
 14.27346      27
 14.30568      27
 14.3379       27
 14.3379       27
 14.37012      27
 14.40234      27
 14.43456      27
 14.46678      28
 14.499        28
 14.53122      28
 14.56344      28
 14.56344      28
 14.59566      28
 14.62788      28
 14.6601       29
 14.69232      29
 14.72454      29
 14.75676      29
 14.78898      29
 14.78898      29
 14.8212       30
 14.85342      30
 14.88564      30
 14.91786      30
 14.95008      31
 14.9823       31
 15.01452      31
 15.04674      31
 15.04674      32
 15.07896      32
 15.11118      32
 15.1434       32
 15.17562      33
 15.20784      33
 15.24006      33
 15.27228      34
 15.27228      34
 15.3045       34
 15.33672      35
 15.36894      35
 15.40116      35
 15.43338      36
 15.4656       36
 15.49782      36
 15.49782      37
 15.53004      37
 15.56226      38
 15.59448      38
 15.6267       38
 15.65892      39
 15.69114      39
 15.72336      40
 15.72336      40
 15.75558      41
 15.7878       41
 15.82002      42
 15.85224      42
 15.88446      42
 15.91668      43
 15.91668      43
 15.9489       44
 15.98112      44
 16.01334      45
 16.04556      45
 16.07778      46
 16.11         46
 16.14222      47
 16.14222      47
 16.17444      48
 16.20666      48
 16.2711       49
 16.30332      49
 16.33554      50
 16.36776      50
 16.36776      51
 16.39998      51
 16.4322       52
 16.46442      53
 16.49664      53
 16.52886      54
 16.56108      54
 16.5933       55
 16.5933       55
 16.62552      56
 16.65774      56
 16.68996      57
 16.72218      57
 16.7544       57
 16.78662      58
 16.78662      58
 16.81884      59
 16.85106      59
 16.88328      60
 16.9155       60
 16.94772      60
 16.97994      61
 16.97994      61
 17.01216      62
 17.04438      62
 17.0766       62
 17.10882      63
 17.14104      63
 17.17326      63
 17.20548      63
 17.20548      64
 17.2377       64
 17.26992      64
 17.30214      64
 17.33436      65
 17.36658      65
 17.3988       65
 17.3988       65
 17.43102      65
 17.46324      65
 17.49546      65
 17.52768      65
 17.5599       65
 17.59212      66
 17.59212      65
 17.62434      65
 17.65656      65
 17.68878      65
 17.721        65
 17.75322      65
 17.78544      65
 17.81766      65
 17.81766      65
 17.84988      65
 17.8821       65
 17.91432      65
 17.94654      65
 17.97876      65
 17.97876      65
 18.01098      65
 18.0432       65
 18.07542      65
 18.10764      65
 18.13986      65
 18.17208      65
 18.2043       64
 18.2043       64
 18.23652      64
 18.26874      64
 18.30096      64
 18.33318      64
 18.3654       64
 18.3654       64
 18.39762      64
 18.42984      64
 18.46206      64
 18.49428      64
 18.5265       64
 18.55872      64
 18.59094      64
 18.59094      64
 18.62316      64
 18.65538      64
 18.6876       64
 18.71982      64
 18.75204      64
 18.75204      64
 18.78426      64
 18.81648      65
 18.8487       66
 18.88092      70
 18.91314      73
 18.91314      76
 18.94536      79
 18.97758      81
 19.0098       83
 19.04202      85
 19.07424      86
 19.10646      87
 19.10646      89
 19.13868      90
 19.1709       91
 19.20312      93
 19.23534      93
 19.26756      94
 19.29978      95
 19.29978      96
 19.332        97
 19.36422      98
 19.39644      98
 19.42866      99
 19.46088      100
 19.4931       101
 19.52532      102
 19.55754      102
 19.58976      102
 19.62198      103
 19.6542       103
 19.6542       104
 19.68642      105
 19.71864      105
 19.75086      106
 19.78308      106
 19.8153       106
 19.84752      107
 19.84752      107
 19.87974      107
 19.91196      108
 19.94418      108
 19.9764       108
 20.00862      109
 20.00862      109
 20.04084      109
 20.07306      109
 20.10528      108
 20.1375       109
 20.16972      108
 20.16972      108
 20.20194      108
 20.23416      108
 20.26638      107
 20.2986       108
 20.33082      107
 20.36304      107
 20.36304      107
 20.39526      106
 20.42748      106
 20.4597       106
 20.49192      106
 20.52414      106
 20.52414      106
 20.55636      106
 20.58858      106
 20.6208       105
 20.65302      105
 20.68524      105
 20.68524      105
 20.71746      105
 20.74968      105
 20.7819       105
 20.81412      104
 20.84634      105
 20.84634      104
 20.87856      105
 20.91078      104
 20.943        104
 20.97522      105
 21.00744      104
 21.03966      104
 21.03966      105
 21.07188      104
 21.1041       104
 21.13632      104
 21.16854      104
 21.20076      105
 21.20076      105
 21.23298      105
 21.2652       105
 21.29742      105
 21.32964      105
 21.36186      106
 21.36186      105
 21.39408      106
 21.4263       106
 21.45852      106
 21.49074      106
 21.52296      106
 21.52296      106
 21.55518      107
 21.5874       107
 21.61962      107
 21.65184      108
 21.68406      108
 21.68406      108
 21.71628      108
 21.7485       108
 21.78072      109
 21.81294      109
 21.84516      109
 21.84516      110
 21.87738      110
 21.9096       110
 21.94182      111
 21.97404      111
 22.00626      111
 22.00626      112
 22.03848      111
 22.0707       111
 22.10292      112
 22.13514      112
 22.16736      112
 22.16736      113
 22.19958      112
 22.2318       113
 22.26402      113
 22.29624      113
 22.32846      113
 22.32846      113
 22.36068      113
 22.3929       114
 22.42512      114
 22.45734      114
 22.48956      114
 22.48956      114
 22.52178      114
 22.554        115
 22.58622      115
 22.61844      115
 22.61844      116
 22.65066      115
 22.68288      116
 22.7151       116
 22.77954      116
 22.77954      117
 22.81176      117
 22.84398      117
 22.8762       118
 22.90842      117
 22.90842      118
 22.94064      118
 22.97286      118
 23.00508      118
 23.0373       119
 23.06952      118
 23.06952      119
 23.10174      119
 23.13396      119
 23.16618      119
 23.1984       119
 23.1984       119
 23.23062      120
 23.26284      119
 23.29506      119
 23.32728      120
 23.3595       119
 23.3595       120
 23.39172      120
 23.42394      119
 23.45616      119
 23.48838      119
 23.5206       118
 23.5206       119
 23.55282      118
 23.58504      118
 23.61726      119
 23.64948      118
 23.64948      118
 23.6817       119
 23.71392      118
 23.74614      119
 23.77836      119
 23.81058      119
 23.81058      120
 23.8428       120
 23.87502      120
 23.90724      121
 23.93946      121
 23.93946      121
 23.97168      122
 24.0039       122
 24.03612      122
 24.06834      122
 24.06834      122
 24.10056      123
 24.13278      123
 24.165        123
 24.19722      124
 24.22944      124
 24.22944      124
 24.26166      124
 24.29388      124
 24.3261       124
 24.35832      125
 24.35832      125
 24.39054      125
 24.42276      125
 24.45498      125
 24.4872       125
 24.4872       126
 24.51942      125
 24.55164      126
 24.58386      126
 24.61608      125
 24.6483       126
 24.6483       126
 24.68052      126
 24.71274      126
 24.74496      126
 24.77718      126
 24.77718      126
 24.8094       126
 24.84162      126
 24.87384      126
 24.90606      126
 24.90606      126
 24.93828      126
 24.9705       125
 25.00272      126
 25.00272      125
 25.03494      125
 25.06716      126
 25.09938      125
 25.1316       125
 25.16382      125
 25.16382      125
 25.19604      125
 25.22826      125
 25.26048      125
 25.2927       125
 25.2927       125
 25.32492      124
 25.35714      125
 25.38936      125
 25.42158      124
 25.42158      125
 25.4538       124
 25.48602      124
 25.51824      125
 25.55046      124
 25.55046      124
 25.58268      124
 25.6149       124
 25.64712      124
 25.67934      124
 25.67934      124
 25.71156      124
 25.74378      124
 25.776        124
 25.80822      124
 25.80822      124
 25.84044      124
 25.87266      124
 25.90488      124
 25.9371       124
 25.96932      125
 25.96932      125
 26.03376      125
 26.06598      125
 26.06598      125
 26.0982       126
 26.13042      126
 26.16264      126
 26.19486      126
 26.19486      126
 26.22708      126
 26.2593       127
 26.29152      127
 26.32374      127
 26.32374      128
 26.35596      127
 26.38818      128
 26.4204       128
 26.45262      128
 26.45262      129
 26.48484      129
 26.51706      129
 26.54928      129
 26.5815       129
 26.5815       129
 26.61372      130
 26.64594      130
 26.67816      130
 26.71038      130
 26.71038      130
 26.7426       130
 26.77482      130
 26.80704      130
 26.83926      130
 26.83926      130
 26.87148      129
 26.9037       130
 26.93592      129
 26.93592      129
 26.96814      129
 27.00036      129
 27.03258      128
 27.0648       129
 27.0648       128
 27.09702      128
 27.12924      128
 27.16146      128
 27.19368      128
 27.19368      128
 27.2259       128
 27.25812      128
 27.29034      128
 27.29034      128
 27.32256      128
 27.35478      128
 27.387        128
 27.41922      128
 27.41922      128
 27.45144      128
 27.48366      129
 27.51588      128
 27.5481       129
 27.5481       129
 27.58032      129
 27.61254      129
 27.64476      129
 27.64476      129
 27.67698      130
 27.7092       130
 27.74142      130
 27.77364      130
 27.77364      130
 27.80586      130
 27.83808      131
 27.8703       130
 27.8703       130
 27.90252      131
 27.93474      131
 27.96696      131
 27.99918      131
 27.99918      131
 28.0314       132
 28.06362      132
 28.09584      132
 28.09584      132
 28.12806      132
 28.16028      132
 28.1925       133
 28.22472      132
 28.22472      132
 28.25694      133
 28.28916      133
 28.32138      133
 28.32138      133
 28.3536       133
 28.38582      133
 28.41804      134
 28.41804      134
 28.45026      134
 28.48248      134
 28.5147       134
 28.54692      135
 28.54692      134
 28.57914      135
 28.61136      135
 28.64358      135
