 0             0
 0             0
 0             0
 0             0
 0             0
 0             0
 0             0
 0             0
 0             0
 0             0
 3.222e-002    0
 6.444e-002    0
 6.444e-002    0
 9.666e-002    0
 0.12888       0
 0.1611        0
 0.19332       0
 0.19332       0
 0.22554       0
 0.25776       0
 0.28998       0
 0.3222        0
 0.35442       0
 0.35442       0
 0.38664       0
 0.41886       0
 0.45108       0
 0.4833        0
 0.51552       0
 0.54774       0
 0.54774       0
 0.57996       0
 0.61218       0
 0.6444        0
 0.67662       0
 0.70884       0
 0.74106       0
 0.77328       0
 0.8055        0
 0.8055        0
 0.83772       0
 0.86994       0
 0.90216       0
 0.93438       0
 0.9666        0
 0.99882       0
 1.03104       0
 1.03104       0
 1.06326       0
 1.09548       0
 1.1277        0
 1.15992       0
 1.19214       0
 1.22436       0
 1.25658       0
 1.2888        0
 1.2888        0
 1.32102       0
 1.35324       0
 1.38546       0
 1.41768       0
 1.4499        0
 1.48212       0
 1.51434       0
 1.54656       0
 1.57878       0
 1.57878       0
 1.611         0
 1.64322       0
 1.67544       0
 1.70766       0
 1.73988       0
 1.7721        0
 1.80432       0
 1.83654       0
 1.86876       0
 1.90098       0
 1.90098       0
 1.9332        0
 1.96542       0
 1.99764       0
 2.02986       0
 2.06208       0
 2.0943        0
 2.12652       0
 2.15874       0
 2.19096       0
 2.22318       0
 2.2554        0
 2.2554        0
 2.31984       0
 2.31984       0
 2.35206       0
 2.38428       0
 2.4165        0
 2.44872       0
 2.48094       0
 2.51316       0
 2.54538       0
 2.5776        0
 2.60982       0
 2.64204       0
 2.67426       0
 2.67426       0
 2.70648       0
 2.7387        0
 2.77092       0
 2.80314       0
 2.83536       0
 2.86758       0
 2.8998        0
 2.93202       0
 2.96424       0
 2.99646       0
 3.02868       0
 3.0609        0
 3.09312       0
 3.09312       0
 3.12534       0
 3.15756       0
 3.18978       0
 3.25422       0
 3.28644       0
 3.31866       0
 3.35088       0
 3.3831        0
 3.41532       0
 3.44754       0
 3.47976       0
 3.51198       0
 3.51198       0
 3.5442        0
 3.57642       0
 3.60864       0
 3.64086       0
 3.67308       0
 3.7053        0
 3.73752       0
 3.76974       0
 3.80196       0
 3.83418       0
 3.8664        0
 3.89862       0
 3.93084       0
 3.93084       0
 3.96306       0
 3.99528       0
 4.0275        0
 4.05972       0
 4.09194       0
 4.12416       0
 4.15638       0
 4.1886        0
 4.22082       1
 4.25304       1
 4.28526       1
 4.31748       1
 4.3497        1
 4.38192       1
 4.38192       2
 4.41414       2
 4.44636       2
 4.47858       2
 4.5108        2
 4.54302       2
 4.57524       3
 4.60746       3
 4.63968       3
 4.6719        3
 4.70412       3
 4.73634       4
 4.76856       4
 4.80078       4
 4.80078       4
 4.833         5
 4.86522       5
 4.89744       5
 4.92966       5
 4.96188       6
 4.9941        6
 5.02632       6
 5.05854       6
 5.09076       7
 5.12298       7
 5.1552        7
 5.18742       7
 5.21964       8
 5.21964       8
 5.25186       8
 5.28408       9
 5.3163        9
 5.34852       9
 5.38074       10
 5.41296       10
 5.44518       10
 5.4774        11
 5.50962       11
 5.54184       12
 5.57406       12
 5.60628       12
 5.6385        13
 5.67072       13
 5.67072       13
 5.70294       14
 5.73516       14
 5.76738       15
 5.7996        15
 5.83182       16
 5.86404       16
 5.89626       17
 5.92848       17
 5.9607        18
 5.99292       18
 6.02514       19
 6.02514       19
 6.05736       20
 6.08958       20
 6.1218        21
 6.15402       21
 6.18624       22
 6.21846       22
 6.25068       23
 6.2829        24
 6.31512       24
 6.34734       25
 6.37956       25
 6.41178       26
 6.444         27
 6.444         27
 6.50844       28
 6.54066       29
 6.57288       29
 6.6051        30
 6.63732       31
 6.66954       31
 6.70176       32
 6.73398       33
 6.7662        33
 6.79842       34
 6.79842       35
 6.83064       35
 6.86286       36
 6.89508       37
 6.9273        37
 6.95952       38
 6.99174       38
 7.02396       38
 7.05618       39
 7.0884        39
 7.12062       40
 7.15284       40
 7.15284       40
 7.18506       40
 7.21728       40
 7.2495        40
 7.28172       40
 7.31394       40
 7.34616       40
 7.37838       40
 7.4106        40
 7.44282       40
 7.47504       40
 7.50726       39
 7.50726       39
 7.53948       39
 7.5717        39
 7.60392       38
 7.63614       38
 7.66836       37
 7.70058       37
 7.7328        37
 7.76502       36
 7.79724       36
 7.82946       35
 7.86168       35
 7.86168       34
 7.8939        34
 7.92612       33
 7.95834       33
 7.99056       32
 8.02278       32
 8.055         31
 8.08722       31
 8.11944       30
 8.15166       30
 8.18388       29
 8.2161        29
 8.24832       28
 8.24832       28
 8.28054       28
 8.31276       27
 8.34498       27
 8.3772        26
 8.40942       25
 8.44164       25
 8.47386       24
 8.50608       24
 8.5383        24
 8.57052       24
 8.57052       23
 8.60274       23
 8.63496       23
 8.66718       23
 8.6994        23
 8.73162       23
 8.76384       23
 8.79606       23
 8.82828       23
 8.8605        23
 8.89272       23
 8.89272       23
 8.92494       23
 8.95716       23
 8.98938       23
 9.0216        23
 9.05382       23
 9.08604       24
 9.11826       24
 9.15048       24
 9.1827        24
 9.21492       24
 9.21492       25
 9.24714       25
 9.27936       25
 9.31158       25
 9.3438        26
 9.37602       26
 9.40824       27
 9.44046       27
 9.47268       27
 9.5049        28
 9.5049        28
 9.53712       29
 9.56934       29
 9.60156       30
 9.63378       30
 9.666         31
 9.69822       31
 9.76266       32
 9.79488       32
 9.79488       33
 9.8271        33
 9.85932       34
 9.89154       35
 9.92376       35
 9.95598       36
 9.9882        36
 10.02042      37
 10.05264      38
 10.08486      39
 10.08486      39
 10.11708      40
 10.1493       41
 10.18152      42
 10.21374      42
 10.24596      43
 10.27818      44
 10.3104       45
 10.34262      46
 10.37484      46
 10.37484      47
 10.40706      48
 10.43928      49
 10.4715       50
 10.50372      51
 10.53594      52
 10.56816      53
 10.60038      54
 10.6326       55
 10.66482      56
 10.69704      57
 10.69704      57
 10.72926      59
 10.76148      60
 10.7937       61
 10.82592      62
 10.85814      63
 10.89036      64
 10.92258      65
 10.9548       66
 10.9548       67
 10.98702      68
 11.01924      69
 11.05146      70
 11.08368      72
 11.1159       73
 11.14812      74
 11.18034      75
 11.21256      76
 11.24478      78
 11.24478      79
 11.277        80
 11.30922      81
 11.34144      82
 11.37366      84
 11.40588      85
 11.4381       86
 11.47032      87
 11.50254      88
 11.50254      90
 11.53476      91
 11.56698      92
 11.5992       93
 11.63142      94
 11.66364      95
 11.69586      96
 11.72808      97
 11.7603       97
 11.79252      98
 11.79252      99
 11.82474      99
 11.85696      101
 11.88918      101
 11.9214       101
 11.95362      102
 11.98584      102
 12.01806      102
 12.05028      102
 12.0825       102
 12.0825       102
 12.11472      102
 12.14694      102
 12.17916      102
 12.21138      101
 12.2436       101
 12.27582      101
 12.30804      101
 12.30804      99
 12.34026      99
 12.37248      99
 12.4047       98
 12.43692      98
 12.46914      97
 12.50136      96
 12.53358      96
 12.5658       95
 12.5658       94
 12.59802      93
 12.63024      92
 12.66246      91
 12.69468      90
 12.7269       89
 12.75912      88
 12.79134      87
 12.82356      87
 12.85578      85
 12.85578      85
 12.888        84
 12.92022      83
 12.95244      82
 13.01688      81
 13.0491       80
 13.0491       79
 13.08132      78
 13.11354      77
 13.14576      76
 13.17798      75
 13.2102       75
 13.24242      74
 13.27464      73
 13.30686      72
 13.30686      71
 13.33908      71
 13.3713       70
 13.40352      69
 13.43574      69
 13.46796      68
 13.50018      67
 13.5324       67
 13.5324       66
 13.56462      66
 13.59684      65
 13.62906      65
 13.66128      64
 13.6935       64
 13.72572      64
 13.75794      63
 13.79016      63
 13.79016      63
 13.82238      63
 13.8546       63
 13.88682      63
 13.91904      62
 13.95126      62
 13.98348      62
 14.0157       62
 14.0157       62
 14.04792      62
 14.08014      63
 14.11236      63
 14.14458      63
 14.1768       63
 14.20902      63
 14.24124      64
 14.27346      64
 14.27346      64
 14.30568      65
 14.3379       65
 14.37012      65
 14.40234      66
 14.43456      66
 14.46678      67
 14.499        67
 14.499        68
 14.53122      68
 14.56344      69
 14.59566      70
 14.62788      70
 14.6601       71
 14.69232      72
 14.72454      72
 14.72454      73
 14.75676      74
 14.78898      75
 14.8212       75
 14.85342      76
 14.88564      77
 14.91786      78
 14.95008      79
 14.95008      80
 14.9823       81
 15.01452      82
 15.04674      83
 15.07896      84
 15.11118      85
 15.1434       86
 15.17562      87
 15.17562      88
 15.20784      89
 15.24006      91
 15.27228      92
 15.3045       93
 15.33672      94
 15.36894      95
 15.36894      97
 15.40116      98
 15.43338      99
 15.4656       101
 15.49782      103
 15.53004      104
 15.56226      105
 15.59448      107
 15.59448      108
 15.6267       110
 15.65892      111
 15.69114      113
 15.72336      114
 15.75558      115
 15.7878       117
 15.7878       118
 15.82002      120
 15.85224      122
 15.88446      123
 15.91668      125
 15.9489       126
 15.98112      128
 16.01334      129
 16.01334      131
 16.04556      133
 16.07778      134
 16.11         136
 16.14222      138
 16.17444      139
 16.20666      141
 16.23888      143
 16.2711       144
 16.30332      146
 16.33554      147
 16.36776      149
 16.39998      150
 16.4322       152
 16.4322       153
 16.46442      154
 16.49664      156
 16.52886      157
 16.56108      158
 16.5933       159
 16.62552      161
 16.62552      162
 16.65774      163
 16.68996      163
 16.72218      164
 16.7544       165
 16.78662      166
 16.81884      166
 16.81884      167
 16.85106      167
 16.88328      168
 16.9155       168
 16.94772      168
 16.97994      169
 17.01216      169
 17.04438      169
 17.04438      169
 17.0766       169
 17.10882      169
 17.14104      169
 17.17326      169
 17.20548      169
 17.20548      169
 17.2377       168
 17.26992      168
 17.30214      168
 17.33436      167
 17.36658      167
 17.3988       166
 17.43102      165
 17.43102      165
 17.46324      164
 17.49546      163
 17.52768      162
 17.5599       161
 17.59212      160
 17.62434      159
 17.62434      158
 17.65656      157
 17.68878      156
 17.721        155
 17.75322      153
 17.78544      152
 17.81766      151
 17.81766      150
 17.84988      149
 17.8821       149
 17.91432      148
 17.94654      147
 17.97876      146
 18.01098      145
 18.01098      144
 18.0432       143
 18.07542      142
 18.10764      141
 18.13986      140
 18.17208      140
 18.17208      138
 18.2043       138
 18.23652      137
 18.26874      136
 18.30096      135
 18.33318      134
 18.3654       134
 18.3654       133
 18.39762      132
 18.42984      132
 18.46206      131
 18.49428      130
 18.5265       130
 18.55872      129
 18.55872      129
 18.59094      128
 18.62316      128
 18.65538      127
 18.6876       127
 18.71982      127
 18.75204      126
 18.75204      126
 18.78426      125
 18.81648      125
 18.8487       125
 18.88092      125
 18.91314      124
 18.91314      124
 18.94536      124
 18.97758      124
 19.0098       124
 19.04202      124
 19.07424      124
 19.10646      124
 19.10646      124
 19.13868      124
 19.1709       124
 19.20312      124
 19.23534      124
 19.26756      124
 19.29978      125
 19.29978      125
 19.332        125
 19.36422      125
 19.39644      125
 19.42866      125
 19.46088      125
 19.46088      125
 19.52532      126
 19.55754      126
 19.58976      127
 19.62198      127
 19.6542       128
 19.6542       128
 19.68642      129
 19.71864      129
 19.75086      130
 19.78308      131
 19.8153       132
 19.8153       132
 19.84752      133
 19.87974      134
 19.91196      135
 19.94418      136
 19.9764       137
 20.00862      137
 20.00862      138
 20.04084      139
 20.07306      140
 20.10528      141
 20.1375       142
 20.16972      143
 20.16972      145
 20.20194      146
 20.23416      147
 20.26638      148
 20.2986       149
 20.33082      151
 20.33082      152
 20.36304      153
 20.39526      154
 20.42748      155
 20.4597       156
 20.49192      158
 20.49192      159
 20.52414      161
 20.55636      162
 20.58858      164
 20.6208       165
 20.65302      167
 20.68524      168
 20.68524      170
 20.71746      171
 20.74968      173
 20.7819       175
 20.81412      176
 20.84634      178
 20.84634      180
 20.87856      182
 20.91078      183
 20.943        185
 20.97522      187
 20.97522      189
 21.00744      191
 21.03966      192
 21.07188      194
 21.1041       196
 21.13632      198
 21.16854      200
 21.16854      202
 21.20076      204
 21.23298      206
 21.2652       208
 21.29742      210
 21.29742      211
 21.32964      213
 21.36186      215
 21.39408      216
 21.4263       218
 21.45852      220
 21.49074      221
 21.49074      223
 21.52296      224
 21.55518      226
 21.5874       227
 21.61962      228
 21.65184      230
 21.65184      231
 21.68406      232
 21.71628      233
 21.7485       234
 21.78072      235
 21.81294      236
 21.81294      237
 21.84516      238
 21.87738      239
 21.9096       240
 21.94182      240
 21.97404      241
 21.97404      242
 22.00626      242
 22.03848      243
 22.0707       244
 22.10292      244
 22.10292      244
 22.13514      245
 22.16736      245
 22.19958      245
 22.2318       245
 22.26402      245
 22.26402      245
 22.29624      245
 22.32846      245
 22.36068      245
 22.3929       244
 22.42512      244
 22.42512      243
 22.45734      243
 22.48956      243
 22.52178      242
 22.554        241
 22.58622      241
 22.58622      240
 22.61844      240
 22.65066      239
 22.68288      239
 22.7151       238
 22.74732      238
 22.77954      237
 22.81176      237
 22.84398      236
 22.8762       236
 22.8762       235
 22.90842      235
 22.94064      234
 22.97286      234
 23.00508      233
 23.0373       233
 23.0373       232
 23.06952      231
 23.10174      231
 23.13396      230
 23.16618      230
 23.16618      229
 23.1984       228
 23.23062      228
 23.26284      227
 23.29506      227
 23.32728      226
 23.32728      226
 23.3595       226
 23.39172      225
 23.42394      225
 23.45616      225
 23.45616      225
 23.48838      225
 23.5206       224
 23.55282      224
 23.58504      224
 23.58504      224
 23.61726      224
 23.64948      224
 23.6817       223
 23.71392      223
 23.74614      223
 23.74614      223
 23.77836      223
 23.81058      223
 23.8428       223
 23.87502      223
 23.90724      223
 23.90724      224
 23.93946      224
 23.97168      224
 24.0039       225
 24.03612      225
 24.03612      225
 24.06834      226
 24.10056      226
 24.13278      227
 24.165        227
 24.165        228
 24.19722      229
 24.22944      229
 24.26166      230
 24.29388      231
 24.3261       232
 24.3261       235
 24.35832      243
 24.39054      251
 24.42276      258
 24.42276      263
 24.45498      268
 24.4872       273
 24.51942      277
 24.55164      280
 24.58386      284
 24.58386      286
 24.61608      289
 24.6483       291
 24.68052      292
 24.71274      294
 24.71274      295
 24.74496      296
 24.77718      297
 24.8094       298
 24.84162      298
 24.84162      299
 24.87384      299
 24.90606      299
 24.93828      299
 24.9705       299
 24.9705       299
 25.00272      299
 25.03494      299
 25.06716      299
 25.09938      299
 25.09938      298
 25.1316       298
 25.16382      298
 25.19604      298
 25.22826      298
 25.22826      297
 25.26048      298
 25.2927       298
 25.32492      297
 25.35714      297
 25.35714      297
 25.38936      297
 25.42158      297
 25.4538       297
 25.48602      296
 25.48602      296
 25.51824      296
 25.55046      296
 25.58268      296
 25.6149       295
 25.6149       295
 25.64712      296
 25.67934      295
 25.71156      296
 25.74378      296
 25.74378      296
 25.776        296
 25.80822      296
 25.84044      296
 25.87266      297
 25.87266      297
 25.90488      298
 25.9371       298
 25.96932      299
 26.00154      300
 26.03376      301
 26.06598      303
 26.0982       304
 26.13042      304
 26.13042      305
 26.16264      307
 26.19486      307
 26.22708      308
 26.2593       310
 26.2593       311
 26.29152      312
 26.32374      313
 26.35596      314
 26.38818      315
 26.38818      316
 26.4204       316
 26.45262      318
 26.48484      318
 26.51706      319
 26.51706      320
 26.54928      320
 26.5815       321
 26.61372      321
 26.61372      321
 26.64594      322
 26.67816      322
 26.71038      322
 26.7426       322
 26.7426       321
 26.77482      321
 26.80704      321
 26.83926      320
 26.87148      319
 26.87148      319
 26.9037       318
 26.93592      318
 26.96814      318
 26.96814      317
 27.00036      317
 27.03258      316
 27.0648       316
 27.09702      316
 27.09702      315
 27.12924      315
 27.16146      315
 27.19368      315
 27.2259       315
 27.2259       316
 27.25812      316
 27.29034      316
 27.32256      316
 27.35478      316
 27.35478      317
 27.387        317
 27.41922      318
 27.45144      318
 27.45144      319
 27.48366      319
 27.51588      320
 27.5481       320
 27.58032      320
 27.58032      321
 27.61254      321
 27.64476      322
 27.67698      322
 27.7092       323
 27.7092       323
 27.74142      323
 27.77364      324
 27.80586      324
 27.80586      325
 27.83808      325
 27.8703       326
 27.90252      326
 27.93474      326
 27.93474      327
 27.96696      327
 27.99918      328
 28.0314       328
 28.0314       328
 28.06362      329
 28.09584      329
 28.12806      329
 28.12806      330
 28.16028      330
 28.1925       331
 28.22472      332
 28.25694      332
 28.25694      332
 28.28916      333
 28.32138      333
 28.3536       334
 28.3536       335
 28.38582      335
 28.41804      336
 28.45026      336
 28.48248      336
 28.48248      337
