 0             1
 0             1
 0             2
 0             2
 0             2
 0             2
 0             2
 0             2
 0             2
 0             2
 0             2
 0             2
 3.222e-002    2
 3.222e-002    2
 6.444e-002    2
 9.666e-002    2
 9.666e-002    2
 0.12888       2
 0.1611        2
 0.19332       2
 0.22554       2
 0.25776       2
 0.25776       2
 0.28998       2
 0.3222        2
 0.35442       2
 0.38664       2
 0.41886       2
 0.45108       2
 0.45108       2
 0.4833        2
 0.51552       2
 0.54774       2
 0.57996       2
 0.61218       2
 0.6444        2
 0.67662       2
 0.70884       2
 0.74106       2
 0.74106       2
 0.77328       2
 0.8055        2
 0.83772       2
 0.86994       2
 0.90216       2
 0.93438       2
 0.9666        2
 0.99882       2
 1.03104       3
 1.06326       4
 1.06326       4
 1.09548       4
 1.1277        4
 1.15992       4
 1.19214       3
 1.22436       3
 1.25658       3
 1.2888        3
 1.32102       3
 1.35324       3
 1.38546       3
 1.41768       3
 1.4499        3
 1.48212       3
 1.51434       3
 1.51434       3
 1.54656       3
 1.57878       2
 1.611         2
 1.64322       3
 1.67544       3
 1.70766       3
 1.73988       3
 1.7721        3
 1.80432       3
 1.83654       3
 1.86876       3
 1.90098       3
 1.9332        3
 1.96542       3
 1.99764       3
 1.99764       3
 2.02986       3
 2.06208       3
 2.0943        3
 2.12652       3
 2.15874       3
 2.19096       3
 2.22318       3
 2.2554        3
 2.28762       3
 2.31984       3
 2.35206       3
 2.38428       3
 2.4165        3
 2.44872       3
 2.48094       3
 2.51316       3
 2.54538       3
 2.54538       3
 2.5776        3
 2.60982       3
 2.64204       3
 2.67426       3
 2.70648       3
 2.7387        3
 2.77092       4
 2.80314       3
 2.83536       4
 2.86758       4
 2.8998        4
 2.93202       4
 2.96424       4
 2.99646       4
 3.02868       4
 3.0609        4
 3.09312       4
 3.09312       5
 3.12534       5
 3.15756       5
 3.18978       5
 3.25422       5
 3.28644       5
 3.31866       6
 3.35088       5
 3.3831        6
 3.41532       6
 3.44754       6
 3.47976       6
 3.51198       7
 3.5442        7
 3.57642       7
 3.57642       7
 3.60864       7
 3.64086       8
 3.67308       8
 3.7053        8
 3.73752       9
 3.76974       9
 3.80196       9
 3.83418       10
 3.8664        10
 3.89862       10
 3.93084       11
 3.96306       11
 3.99528       12
 4.0275        12
 4.05972       12
 4.05972       13
 4.09194       13
 4.12416       14
 4.15638       14
 4.1886        15
 4.22082       15
 4.25304       16
 4.28526       16
 4.31748       17
 4.3497        18
 4.38192       18
 4.41414       19
 4.44636       19
 4.47858       20
 4.5108        21
 4.54302       21
 4.54302       22
 4.57524       23
 4.60746       24
 4.63968       24
 4.6719        25
 4.70412       26
 4.73634       27
 4.76856       28
 4.80078       28
 4.833         29
 4.86522       30
 4.89744       31
 4.92966       32
 4.96188       33
 4.9941        34
 4.9941        35
 5.02632       36
 5.05854       37
 5.09076       38
 5.12298       39
 5.1552        40
 5.18742       42
 5.21964       43
 5.25186       44
 5.28408       45
 5.3163        46
 5.34852       48
 5.38074       49
 5.41296       50
 5.41296       52
 5.44518       53
 5.4774        54
 5.50962       56
 5.54184       57
 5.57406       59
 5.60628       60
 5.6385        62
 5.67072       63
 5.70294       65
 5.73516       66
 5.76738       68
 5.7996        70
 5.83182       71
 5.86404       73
 5.86404       75
 5.89626       77
 5.92848       79
 5.9607        80
 5.99292       82
 6.02514       84
 6.05736       86
 6.08958       88
 6.1218        90
 6.15402       92
 6.18624       94
 6.21846       96
 6.25068       98
 6.2829        101
 6.2829        103
 6.31512       105
 6.34734       107
 6.37956       109
 6.41178       112
 6.444         114
 6.50844       116
 6.54066       118
 6.57288       120
 6.6051        122
 6.63732       124
 6.66954       126
 6.66954       127
 6.70176       129
 6.73398       130
 6.7662        132
 6.79842       133
 6.83064       134
 6.86286       135
 6.89508       135
 6.9273        136
 6.95952       136
 6.99174       135
 7.02396       135
 7.05618       134
 7.05618       136
 7.0884        135
 7.12062       134
 7.15284       132
 7.18506       130
 7.21728       128
 7.2495        126
 7.28172       124
 7.31394       122
 7.34616       120
 7.37838       118
 7.4106        116
 7.44282       114
 7.44282       112
 7.47504       110
 7.50726       108
 7.53948       106
 7.5717        104
 7.60392       102
 7.63614       100
 7.66836       97
 7.70058       96
 7.7328        94
 7.76502       91
 7.79724       90
 7.79724       88
 7.82946       86
 7.86168       84
 7.8939        82
 7.92612       81
 7.95834       79
 7.99056       78
 8.02278       77
 8.055         75
 8.08722       74
 8.11944       73
 8.15166       71
 8.18388       70
 8.18388       70
 8.2161        68
 8.24832       68
 8.28054       67
 8.31276       66
 8.34498       66
 8.3772        65
 8.40942       65
 8.44164       64
 8.47386       64
 8.50608       64
 8.50608       64
 8.5383        63
 8.57052       64
 8.60274       64
 8.63496       64
 8.66718       64
 8.6994        64
 8.73162       65
 8.76384       65
 8.79606       66
 8.82828       66
 8.82828       67
 8.8605        67
 8.89272       68
 8.92494       69
 8.95716       70
 8.98938       71
 9.0216        72
 9.05382       73
 9.08604       74
 9.11826       75
 9.15048       76
 9.1827        78
 9.1827        79
 9.21492       80
 9.24714       82
 9.27936       83
 9.31158       85
 9.3438        86
 9.37602       88
 9.40824       89
 9.44046       91
 9.47268       93
 9.47268       95
 9.5049        97
 9.53712       98
 9.56934       97
 9.60156       94
 9.63378       92
 9.666         91
 9.69822       90
 9.76266       89
 9.79488       90
 9.79488       90
 9.8271        90
 9.85932       91
 9.89154       91
 9.92376       93
 9.95598       95
 9.9882        95
 10.02042      97
 10.05264      98
 10.08486      100
 10.11708      102
 10.11708      104
 10.1493       105
 10.18152      107
 10.21374      109
 10.24596      111
 10.27818      114
 10.3104       115
 10.34262      118
 10.37484      120
 10.37484      122
 10.40706      124
 10.43928      127
 10.4715       129
 10.50372      132
 10.53594      134
 10.56816      136
 10.60038      139
 10.6326       141
 10.66482      144
 10.66482      146
 10.69704      149
 10.72926      151
 10.76148      154
 10.7937       157
 10.82592      159
 10.85814      162
 10.89036      165
 10.92258      168
 10.9548       170
 10.9548       173
 10.98702      176
 11.01924      178
 11.05146      181
 11.08368      184
 11.1159       187
 11.14812      190
 11.18034      193
 11.21256      196
 11.24478      199
 11.24478      202
 11.277        205
 11.30922      208
 11.34144      211
 11.37366      213
 11.40588      216
 11.4381       219
 11.47032      221
 11.50254      224
 11.53476      226
 11.53476      228
 11.56698      230
 11.5992       231
 11.63142      233
 11.66364      234
 11.69586      235
 11.72808      235
 11.7603       236
 11.79252      236
 11.82474      236
 11.82474      235
 11.85696      234
 11.88918      233
 11.9214       231
 11.95362      230
 11.98584      228
 12.01806      225
 12.05028      223
 12.0825       220
 12.0825       217
 12.11472      214
 12.14694      211
 12.17916      208
 12.21138      204
 12.2436       200
 12.27582      197
 12.30804      193
 12.34026      190
 12.34026      187
 12.37248      184
 12.4047       180
 12.43692      176
 12.46914      173
 12.50136      169
 12.53358      165
 12.5658       162
 12.59802      158
 12.59802      154
 12.63024      151
 12.66246      147
 12.69468      144
 12.7269       141
 12.75912      138
 12.79134      135
 12.82356      132
 12.85578      129
 12.85578      127
 12.888        125
 12.92022      122
 12.95244      120
 13.01688      118
 13.0491       116
 13.08132      115
 13.08132      113
 13.11354      111
 13.14576      110
 13.17798      108
 13.2102       107
 13.24242      106
 13.27464      105
 13.30686      104
 13.33908      103
 13.33908      102
 13.3713       102
 13.40352      101
 13.43574      100
 13.46796      99
 13.50018      99
 13.5324       99
 13.56462      99
 13.56462      99
 13.59684      99
 13.62906      99
 13.66128      99
 13.6935       100
 13.72572      101
 13.75794      101
 13.79016      102
 13.82238      103
 13.82238      104
 13.8546       105
 13.88682      105
 13.91904      107
 13.95126      107
 13.98348      109
 14.0157       110
 14.04792      111
 14.08014      112
 14.08014      114
 14.11236      115
 14.14458      117
 14.1768       119
 14.20902      120
 14.24124      122
 14.27346      124
 14.30568      125
 14.30568      127
 14.3379       129
 14.37012      131
 14.40234      133
 14.43456      135
 14.46678      137
 14.499        140
 14.53122      142
 14.53122      144
 14.56344      147
 14.59566      149
 14.62788      151
 14.6601       154
 14.69232      156
 14.72454      159
 14.75676      161
 14.75676      164
 14.78898      167
 14.8212       169
 14.85342      172
 14.88564      175
 14.91786      178
 14.95008      181
 14.9823       184
 14.9823       186
 15.01452      189
 15.04674      192
 15.07896      195
 15.11118      199
 15.1434       203
 15.17562      206
 15.20784      209
 15.20784      212
 15.24006      215
 15.27228      219
 15.3045       222
 15.33672      226
 15.36894      229
 15.40116      233
 15.43338      236
 15.43338      240
 15.4656       244
 15.49782      247
 15.53004      251
 15.56226      254
 15.59448      258
 15.6267       261
 15.6267       266
 15.65892      263
 15.69114      262
 15.72336      267
 15.75558      272
 15.7878       277
 15.82002      282
 15.85224      287
 15.85224      291
 15.88446      296
 15.91668      300
 15.9489       306
 15.98112      310
 16.01334      315
 16.04556      319
 16.07778      324
 16.07778      328
 16.11         332
 16.14222      335
 16.17444      339
 16.20666      343
 16.2711       347
 16.2711       351
 16.30332      355
 16.33554      359
 16.36776      363
 16.39998      366
 16.4322       370
 16.46442      373
 16.49664      376
 16.49664      379
 16.52886      382
 16.56108      385
 16.5933       387
 16.62552      389
 16.65774      391
 16.65774      393
 16.68996      394
 16.72218      395
 16.7544       396
 16.78662      397
 16.81884      397
 16.85106      397
 16.88328      397
 16.88328      397
 16.9155       396
 16.94772      395
 16.97994      394
 17.01216      392
 17.04438      391
 17.0766       389
 17.0766       386
 17.10882      384
 17.14104      381
 17.17326      378
 17.20548      375
 17.2377       372
 17.26992      368
 17.26992      364
 17.30214      360
 17.33436      356
 17.36658      352
 17.3988       347
 17.43102      342
 17.46324      337
 17.46324      332
 17.49546      327
 17.52768      322
 17.5599       316
 17.59212      311
 17.62434      306
 17.65656      300
 17.65656      295
 17.68878      290
 17.721        285
 17.75322      281
 17.78544      276
 17.81766      271
 17.84988      267
 17.84988      263
 17.8821       259
 17.91432      255
 17.94654      251
 17.97876      247
 18.01098      244
 18.0432       240
 18.0432       237
 18.07542      234
 18.10764      231
 18.13986      228
 18.17208      225
 18.2043       223
 18.23652      221
 18.23652      219
 18.26874      217
 18.30096      215
 18.33318      213
 18.3654       212
 18.39762      210
 18.42984      209
 18.42984      208
 18.46206      207
 18.49428      206
 18.5265       205
 18.55872      204
 18.59094      203
 18.59094      203
 18.62316      203
 18.65538      202
 18.6876       202
 18.71982      202
 18.75204      202
 18.78426      202
 18.78426      202
 18.81648      203
 18.8487       203
 18.88092      203
 18.91314      204
 18.94536      205
 18.94536      205
 18.97758      206
 19.0098       207
 19.04202      208
 19.07424      209
 19.10646      210
 19.13868      211
 19.13868      213
 19.1709       214
 19.20312      215
 19.23534      217
 19.26756      218
 19.29978      220
 19.332        221
 19.332        223
 19.36422      225
 19.39644      226
 19.42866      228
 19.46088      231
 19.4931       232
 19.52532      234
 19.55754      237
 19.58976      239
 19.62198      241
 19.6542       243
 19.68642      246
 19.68642      248
 19.71864      251
 19.75086      253
 19.78308      256
 19.8153       258
 19.84752      261
 19.84752      264
 19.87974      267
 19.91196      270
 19.94418      273
 19.9764       276
 20.00862      279
 20.04084      282
 20.04084      285
 20.07306      288
 20.10528      292
 20.1375       295
 20.16972      299
 20.20194      303
 20.20194      306
 20.23416      310
 20.26638      313
 20.2986       316
 20.33082      320
 20.36304      324
 20.36304      327
 20.39526      331
 20.42748      335
 20.4597       338
 20.49192      342
 20.52414      346
 20.52414      350
 20.55636      354
 20.58858      358
 20.6208       362
 20.65302      366
 20.68524      370
 20.71746      374
 20.71746      378
 20.74968      382
 20.7819       387
 20.81412      391
 20.84634      395
 20.84634      399
 20.87856      404
 20.91078      408
 20.943        413
 20.97522      417
 21.00744      421
 21.03966      425
 21.03966      429
 21.07188      434
 21.1041       438
 21.13632      442
 21.16854      446
 21.20076      450
 21.20076      454
 21.23298      458
 21.2652       462
 21.29742      466
 21.32964      469
 21.36186      473
 21.36186      476
 21.39408      480
 21.4263       483
 21.45852      486
 21.49074      489
 21.49074      492
 21.52296      495
 21.55518      498
 21.5874       500
 21.61962      503
 21.65184      506
 21.68406      508
 21.68406      510
 21.71628      512
 21.7485       514
 21.78072      515
 21.81294      516
 21.84516      518
 21.84516      519
 21.87738      520
 21.9096       521
 21.94182      521
 21.97404      521
 21.97404      522
 22.00626      522
 22.03848      521
 22.0707       521
 22.10292      520
 22.13514      520
 22.13514      518
 22.16736      517
 22.19958      516
 22.2318       514
 22.26402      512
 22.29624      510
 22.29624      507
 22.32846      505
 22.36068      501
 22.3929       498
 22.42512      496
 22.45734      492
 22.45734      489
 22.48956      486
 22.52178      482
 22.554        479
 22.58622      475
 22.61844      471
 22.61844      467
 22.65066      464
 22.68288      460
 22.7151       456
 22.77954      451
 22.77954      447
 22.81176      443
 22.84398      439
 22.8762       435
 22.90842      431
 22.90842      427
 22.94064      423
 22.97286      419
 23.00508      415
 23.0373       411
 23.0373       408
 23.06952      404
 23.10174      400
 23.13396      396
 23.16618      393
 23.1984       390
 23.1984       387
 23.23062      384
 23.26284      381
 23.29506      378
 23.32728      376
 23.32728      374
 23.3595       371
 23.39172      369
 23.42394      367
 23.45616      364
 23.48838      362
 23.48838      360
 23.5206       358
 23.55282      357
 23.58504      355
 23.61726      354
 23.64948      352
 23.64948      351
 23.6817       350
 23.71392      349
 23.74614      348
 23.77836      347
 23.77836      346
 23.81058      346
 23.8428       345
 23.87502      344
 23.90724      344
 23.93946      344
 23.93946      343
 23.97168      343
 24.0039       343
 24.03612      343
 24.06834      343
 24.06834      343
 24.10056      343
 24.13278      343
 24.165        343
 24.19722      343
 24.19722      344
 24.22944      344
 24.26166      344
 24.29388      345
 24.3261       345
 24.35832      346
 24.35832      347
 24.39054      348
 24.42276      349
 24.45498      349
 24.4872       350
 24.4872       352
 24.51942      353
 24.55164      354
 24.58386      355
 24.61608      356
 24.61608      358
 24.6483       360
 24.68052      361
 24.71274      363
 24.74496      365
 24.74496      366
 24.77718      368
 24.8094       370
 24.84162      372
 24.87384      374
 24.87384      376
 24.90606      378
 24.93828      381
 24.9705       383
 25.00272      385
 25.00272      388
 25.03494      390
 25.06716      393
 25.09938      395
 25.1316       398
 25.1316       401
 25.16382      404
 25.19604      407
 25.22826      410
 25.26048      413
 25.26048      416
 25.2927       419
 25.32492      422
 25.35714      425
 25.38936      428
 25.38936      431
 25.42158      435
 25.4538       438
 25.48602      441
 25.51824      445
 25.55046      448
 25.55046      451
 25.58268      455
 25.6149       458
 25.64712      462
 25.67934      465
 25.67934      469
 25.71156      473
 25.74378      476
 25.776        480
 25.80822      484
 25.80822      487
 25.84044      491
 25.87266      495
 25.90488      498
 25.9371       502
 25.9371       507
 25.96932      510
 26.03376      514
 26.06598      518
 26.06598      521
 26.0982       525
 26.13042      529
 26.16264      532
 26.19486      536
 26.19486      539
 26.22708      542
 26.2593       546
 26.29152      550
 26.32374      553
 26.32374      557
 26.35596      560
 26.38818      563
 26.4204       566
 26.45262      569
 26.45262      573
 26.48484      576
 26.51706      579
 26.54928      582
 26.5815       585
 26.5815       587
 26.61372      590
 26.64594      593
 26.67816      596
 26.71038      598
 26.71038      601
 26.7426       603
 26.77482      606
 26.80704      609
 26.80704      611
 26.83926      613
 26.87148      615
 26.9037       617
 26.93592      619
 26.93592      620
 26.96814      622
 27.00036      624
 27.03258      625
 27.0648       626
 27.0648       627
 27.09702      628
 27.12924      630
 27.16146      631
 27.19368      631
 27.19368      632
 27.2259       633
 27.25812      633
 27.29034      634
 27.29034      634
 27.32256      634
 27.35478      634
 27.387        634
 27.41922      634
 27.41922      634
 27.45144      633
 27.48366      633
 27.51588      632
 27.5481       632
 27.5481       632
 27.58032      631
 27.61254      630
 27.64476      630
 27.64476      629
 27.67698      628
 27.7092       628
 27.74142      626
 27.77364      626
 27.77364      625
 27.80586      623
 27.83808      622
 27.8703       621
 27.8703       620
 27.90252      619
 27.93474      618
 27.96696      616
 27.99918      615
 27.99918      614
 28.0314       612
 28.06362      611
 28.09584      610
 28.09584      609
 28.12806      608
 28.16028      606
 28.1925       604
 28.22472      603
 28.22472      601
 28.25694      600
 28.28916      599
 28.32138      598
 28.32138      596
 28.3536       595
 28.38582      594
 28.41804      593
 28.45026      591
 28.45026      590
 28.48248      589
 28.5147       587
 28.54692      586
