 0             5
 0             5
 0             5
 0             5
 0             5
 0             5
 0             5
 0             5
 0             5
 0             4
 0             5
 0             5
 0             5
 3.222e-002    5
 3.222e-002    5
 6.444e-002    5
 9.666e-002    5
 9.666e-002    5
 0.12888       5
 0.1611        5
 0.19332       5
 0.19332       5
 0.22554       5
 0.25776       5
 0.28998       5
 0.3222        5
 0.35442       5
 0.38664       5
 0.38664       5
 0.41886       5
 0.45108       5
 0.4833        5
 0.51552       5
 0.54774       5
 0.57996       5
 0.61218       5
 0.6444        5
 0.6444        5
 0.67662       5
 0.70884       5
 0.74106       5
 0.77328       5
 0.8055        5
 0.83772       5
 0.86994       5
 0.90216       5
 0.93438       5
 0.9666        5
 0.99882       5
 0.99882       5
 1.03104       5
 1.06326       5
 1.09548       5
 1.1277        5
 1.15992       5
 1.19214       5
 1.22436       5
 1.25658       5
 1.2888        5
 1.32102       5
 1.35324       5
 1.38546       5
 1.41768       5
 1.41768       5
 1.4499        5
 1.48212       5
 1.51434       5
 1.54656       5
 1.57878       5
 1.611         5
 1.64322       5
 1.67544       5
 1.70766       5
 1.73988       5
 1.7721        5
 1.80432       5
 1.83654       5
 1.83654       5
 1.86876       5
 1.90098       5
 1.9332        5
 1.96542       5
 1.99764       5
 2.02986       5
 2.06208       5
 2.0943        5
 2.12652       5
 2.15874       5
 2.19096       5
 2.22318       5
 2.2554        5
 2.28762       5
 2.28762       5
 2.31984       5
 2.35206       5
 2.38428       5
 2.4165        5
 2.44872       5
 2.48094       5
 2.51316       5
 2.54538       5
 2.5776        5
 2.60982       5
 2.64204       5
 2.67426       5
 2.70648       5
 2.7387        5
 2.7387        5
 2.77092       5
 2.80314       5
 2.83536       5
 2.86758       5
 2.8998        5
 2.93202       5
 2.96424       5
 2.99646       5
 3.02868       5
 3.0609        5
 3.09312       5
 3.12534       5
 3.15756       5
 3.18978       5
 3.18978       5
 3.25422       5
 3.28644       5
 3.31866       5
 3.35088       6
 3.3831        5
 3.41532       6
 3.44754       6
 3.47976       6
 3.51198       6
 3.5442        6
 3.57642       6
 3.57642       6
 3.60864       6
 3.64086       6
 3.67308       6
 3.7053        6
 3.73752       7
 3.76974       7
 3.80196       7
 3.83418       7
 3.8664        7
 3.89862       7
 3.93084       7
 3.96306       7
 3.99528       8
 4.0275        8
 4.0275        8
 4.05972       8
 4.09194       8
 4.12416       8
 4.15638       9
 4.1886        9
 4.22082       9
 4.25304       9
 4.28526       9
 4.31748       9
 4.3497        10
 4.38192       10
 4.41414       10
 4.41414       11
 4.44636       11
 4.47858       11
 4.5108        11
 4.54302       11
 4.57524       12
 4.60746       12
 4.63968       12
 4.6719        13
 4.70412       13
 4.73634       13
 4.76856       14
 4.80078       14
 4.80078       15
 4.833         15
 4.86522       15
 4.89744       16
 4.92966       16
 4.96188       17
 4.9941        17
 5.02632       18
 5.05854       18
 5.09076       15
 5.12298       15
 5.1552        16
 5.18742       17
 5.18742       18
 5.21964       19
 5.25186       20
 5.28408       20
 5.3163        21
 5.34852       22
 5.38074       22
 5.41296       23
 5.44518       24
 5.4774        25
 5.50962       26
 5.54184       26
 5.54184       27
 5.57406       28
 5.60628       29
 5.6385        30
 5.67072       31
 5.70294       31
 5.73516       32
 5.76738       33
 5.7996        34
 5.83182       35
 5.86404       36
 5.89626       36
 5.89626       37
 5.92848       38
 5.9607        39
 5.99292       40
 6.02514       41
 6.05736       42
 6.08958       43
 6.1218        44
 6.15402       45
 6.18624       46
 6.21846       47
 6.25068       49
 6.25068       50
 6.2829        51
 6.31512       52
 6.34734       53
 6.37956       54
 6.41178       55
 6.444         56
 6.50844       58
 6.54066       59
 6.54066       60
 6.57288       61
 6.6051        62
 6.63732       63
 6.66954       64
 6.70176       65
 6.73398       66
 6.7662        67
 6.79842       68
 6.83064       69
 6.86286       70
 6.89508       70
 6.89508       71
 6.9273        71
 6.95952       71
 6.99174       72
 7.02396       72
 7.05618       72
 7.0884        72
 7.12062       72
 7.15284       71
 7.18506       71
 7.21728       70
 7.2495        69
 7.2495        69
 7.28172       68
 7.31394       68
 7.34616       69
 7.37838       67
 7.4106        66
 7.44282       65
 7.47504       63
 7.50726       62
 7.53948       61
 7.53948       60
 7.5717        59
 7.60392       57
 7.63614       56
 7.66836       55
 7.70058       54
 7.7328        53
 7.76502       52
 7.79724       50
 7.82946       49
 7.86168       48
 7.86168       47
 7.8939        46
 7.92612       45
 7.95834       44
 7.99056       43
 8.02278       42
 8.055         41
 8.08722       41
 8.11944       40
 8.15166       39
 8.15166       38
 8.18388       37
 8.2161        37
 8.24832       36
 8.28054       35
 8.31276       35
 8.34498       35
 8.3772        34
 8.40942       34
 8.44164       33
 8.44164       33
 8.47386       33
 8.50608       32
 8.5383        32
 8.57052       32
 8.60274       31
 8.63496       31
 8.66718       39
 8.6994        38
 8.73162       37
 8.73162       37
 8.76384       36
 8.79606       35
 8.82828       35
 8.8605        34
 8.89272       35
 8.92494       34
 8.95716       34
 8.98938       35
 9.0216        38
 9.0216        34
 9.05382       35
 9.08604       35
 9.11826       35
 9.15048       36
 9.1827        36
 9.21492       36
 9.24714       37
 9.27936       37
 9.31158       38
 9.31158       38
 9.3438        39
 9.37602       40
 9.40824       40
 9.44046       41
 9.47268       42
 9.5049        43
 9.53712       44
 9.56934       45
 9.60156       46
 9.60156       47
 9.63378       48
 9.666         49
 9.69822       50
 9.76266       51
 9.79488       52
 9.8271        53
 9.85932       54
 9.85932       55
 9.89154       57
 9.92376       58
 9.95598       59
 9.9882        60
 10.02042      62
 10.05264      63
 10.08486      64
 10.11708      66
 10.1493       67
 10.1493       69
 10.18152      70
 10.21374      71
 10.24596      73
 10.27818      74
 10.3104       76
 10.34262      77
 10.37484      79
 10.37484      81
 10.40706      82
 10.43928      84
 10.4715       86
 10.50372      87
 10.53594      89
 10.56816      91
 10.60038      93
 10.6326       95
 10.66482      96
 10.66482      98
 10.69704      101
 10.72926      103
 10.76148      105
 10.7937       107
 10.82592      109
 10.85814      111
 10.89036      113
 10.89036      115
 10.92258      117
 10.9548       119
 10.98702      121
 11.01924      123
 11.05146      125
 11.08368      127
 11.1159       130
 11.14812      132
 11.14812      134
 11.18034      137
 11.21256      139
 11.24478      141
 11.277        143
 11.30922      145
 11.34144      148
 11.37366      150
 11.40588      152
 11.40588      154
 11.4381       156
 11.47032      158
 11.50254      160
 11.53476      162
 11.56698      164
 11.5992       165
 11.63142      167
 11.66364      168
 11.66364      170
 11.69586      170
 11.72808      171
 11.7603       172
 11.79252      172
 11.82474      173
 11.85696      173
 11.88918      173
 11.88918      172
 11.9214       172
 11.95362      171
 11.98584      170
 12.01806      169
 12.05028      167
 12.0825       166
 12.11472      164
 12.11472      162
 12.14694      160
 12.17916      158
 12.21138      158
 12.2436       155
 12.27582      151
 12.30804      145
 12.34026      140
 12.37248      136
 12.37248      132
 12.4047       127
 12.43692      123
 12.46914      119
 12.50136      114
 12.53358      111
 12.5658       108
 12.59802      105
 12.59802      102
 12.63024      99
 12.66246      96
 12.69468      94
 12.7269       92
 12.75912      89
 12.79134      87
 12.82356      84
 12.82356      82
 12.85578      80
 12.888        78
 12.92022      76
 12.95244      74
 13.01688      72
 13.0491       70
 13.0491       69
 13.08132      67
 13.11354      66
 13.14576      64
 13.17798      63
 13.2102       61
 13.24242      60
 13.27464      59
 13.27464      58
 13.30686      57
 13.33908      56
 13.3713       56
 13.40352      55
 13.43574      54
 13.46796      54
 13.50018      53
 13.50018      53
 13.5324       53
 13.56462      52
 13.59684      52
 13.62906      52
 13.66128      52
 13.6935       52
 13.72572      52
 13.72572      52
 13.75794      53
 13.79016      53
 13.82238      53
 13.8546       54
 13.88682      54
 13.91904      55
 13.95126      56
 13.95126      56
 13.98348      57
 14.0157       58
 14.04792      58
 14.08014      59
 14.11236      60
 14.14458      61
 14.1768       62
 14.1768       63
 14.20902      64
 14.24124      66
 14.27346      67
 14.30568      68
 14.3379       69
 14.37012      71
 14.37012      72
 14.40234      73
 14.43456      75
 14.46678      76
 14.499        78
 14.53122      79
 14.56344      81
 14.56344      83
 14.59566      84
 14.62788      86
 14.6601       87
 14.69232      89
 14.72454      91
 14.75676      93
 14.75676      95
 14.78898      97
 14.8212       98
 14.85342      101
 14.88564      103
 14.91786      105
 14.95008      107
 14.9823       110
 14.9823       111
 15.01452      114
 15.04674      116
 15.07896      118
 15.11118      120
 15.1434       122
 15.17562      125
 15.17562      127
 15.20784      129
 15.24006      132
 15.27228      134
 15.3045       136
 15.33672      139
 15.36894      142
 15.36894      144
 15.40116      147
 15.43338      149
 15.4656       152
 15.49782      154
 15.53004      157
 15.56226      159
 15.59448      162
 15.59448      165
 15.6267       168
 15.65892      171
 15.69114      173
 15.72336      176
 15.75558      179
 15.75558      182
 15.7878       185
 15.82002      188
 15.85224      191
 15.88446      194
 15.91668      197
 15.9489       200
 15.98112      204
 15.98112      207
 16.01334      210
 16.04556      213
 16.07778      216
 16.11         219
 16.14222      222
 16.17444      225
 16.20666      228
 16.23888      231
 16.2711       234
 16.30332      237
 16.33554      239
 16.36776      242
 16.36776      245
 16.39998      247
 16.4322       250
 16.46442      252
 16.49664      254
 16.52886      257
 16.56108      258
 16.56108      260
 16.5933       262
 16.62552      263
 16.65774      264
 16.68996      265
 16.72218      266
 16.7544       267
 16.7544       267
 16.78662      268
 16.81884      268
 16.85106      268
 16.88328      267
 16.9155       267
 16.9155       266
 16.94772      265
 16.97994      264
 17.01216      263
 17.04438      261
 17.0766       260
 17.10882      258
 17.10882      259
 17.14104      256
 17.17326      253
 17.20548      251
 17.2377       247
 17.26992      244
 17.30214      241
 17.30214      238
 17.33436      234
 17.36658      231
 17.3988       227
 17.43102      223
 17.46324      219
 17.46324      215
 17.49546      211
 17.52768      206
 17.5599       202
 17.59212      197
 17.62434      192
 17.65656      188
 17.68878      184
 17.68878      180
 17.721        176
 17.75322      172
 17.78544      167
 17.81766      164
 17.84988      160
 17.84988      156
 17.8821       152
 17.91432      149
 17.94654      145
 17.97876      142
 18.01098      138
 18.01098      135
 18.0432       132
 18.07542      129
 18.10764      126
 18.13986      124
 18.17208      121
 18.2043       119
 18.2043       116
 18.23652      114
 18.26874      112
 18.30096      110
 18.33318      108
 18.3654       107
 18.3654       105
 18.39762      104
 18.42984      103
 18.46206      101
 18.49428      101
 18.5265       99
 18.55872      98
 18.55872      97
 18.59094      97
 18.62316      96
 18.65538      96
 18.6876       95
 18.71982      95
 18.71982      95
 18.75204      95
 18.78426      95
 18.81648      95
 18.8487       95
 18.88092      95
 18.88092      96
 18.91314      96
 18.94536      96
 18.97758      97
 19.0098       97
 19.04202      98
 19.04202      99
 19.07424      101
 19.10646      102
 19.13868      103
 19.1709       104
 19.20312      105
 19.20312      106
 19.23534      107
 19.26756      108
 19.29978      109
 19.332        111
 19.36422      112
 19.36422      114
 19.39644      115
 19.42866      117
 19.46088      118
 19.52532      120
 19.55754      122
 19.55754      123
 19.58976      125
 19.62198      127
 19.6542       129
 19.68642      131
 19.71864      132
 19.71864      134
 19.75086      137
 19.78308      138
 19.8153       141
 19.84752      143
 19.87974      145
 19.87974      147
 19.91196      149
 19.94418      152
 19.9764       154
 20.00862      156
 20.04084      159
 20.04084      161
 20.07306      164
 20.10528      166
 20.1375       169
 20.16972      171
 20.20194      174
 20.20194      176
 20.23416      179
 20.26638      182
 20.2986       184
 20.33082      187
 20.36304      190
 20.36304      193
 20.39526      195
 20.42748      198
 20.4597       202
 20.49192      205
 20.52414      208
 20.52414      211
 20.55636      214
 20.58858      217
 20.6208       220
 20.65302      223
 20.68524      226
 20.68524      229
 20.71746      232
 20.74968      235
 20.7819       238
 20.81412      241
 20.81412      245
 20.84634      248
 20.87856      251
 20.91078      254
 20.943        257
 20.97522      261
 20.97522      264
 21.00744      267
 21.03966      270
 21.07188      273
 21.1041       276
 21.1041       280
 21.13632      283
 21.16854      285
 21.20076      288
 21.23298      291
 21.2652       294
 21.2652       296
 21.29742      299
 21.32964      302
 21.36186      305
 21.39408      307
 21.4263       310
 21.4263       312
 21.45852      314
 21.49074      316
 21.52296      318
 21.55518      319
 21.5874       321
 21.5874       323
 21.61962      324
 21.65184      325
 21.68406      326
 21.71628      327
 21.71628      328
 21.7485       328
 21.78072      329
 21.81294      330
 21.84516      330
 21.87738      330
 21.87738      330
 21.9096       329
 21.94182      329
 21.97404      329
 22.00626      329
 22.00626      327
 22.03848      325
 22.0707       324
 22.10292      323
 22.13514      321
 22.16736      319
 22.16736      317
 22.19958      315
 22.2318       313
 22.26402      311
 22.29624      308
 22.29624      305
 22.32846      302
 22.36068      298
 22.3929       295
 22.42512      292
 22.45734      289
 22.45734      286
 22.48956      282
 22.52178      278
 22.554        275
 22.58622      271
 22.58622      267
 22.61844      264
 22.65066      260
 22.68288      256
 22.7151       252
 22.74732      248
 22.77954      245
 22.81176      241
 22.84398      237
 22.8762       233
 22.8762       229
 22.90842      225
 22.94064      222
 22.97286      218
 23.00508      214
 23.0373       210
 23.0373       207
 23.06952      204
 23.10174      200
 23.13396      196
 23.16618      193
 23.16618      190
 23.1984       187
 23.23062      185
 23.26284      182
 23.29506      179
 23.29506      177
 23.32728      174
 23.3595       172
 23.39172      170
 23.42394      168
 23.42394      166
 23.45616      164
 23.48838      163
 23.5206       161
 23.55282      160
 23.58504      158
 23.58504      157
 23.61726      156
 23.64948      155
 23.6817       154
 23.71392      152
 23.71392      152
 23.74614      151
 23.77836      150
 23.81058      150
 23.8428       149
 23.8428       149
 23.87502      149
 23.90724      148
 23.93946      148
 23.97168      148
 23.97168      148
 24.0039       148
 24.03612      148
 24.06834      148
 24.10056      149
 24.10056      149
 24.13278      149
 24.165        150
 24.19722      150
 24.22944      151
 24.22944      151
 24.26166      152
 24.29388      153
 24.3261       153
 24.35832      154
 24.35832      155
 24.39054      156
 24.42276      157
 24.45498      158
 24.4872       159
 24.4872       160
 24.51942      162
 24.55164      163
 24.58386      164
 24.61608      166
 24.61608      167
 24.6483       168
 24.68052      170
 24.71274      172
 24.74496      173
 24.74496      175
 24.77718      177
 24.8094       178
 24.84162      180
 24.87384      182
 24.87384      184
 24.90606      186
 24.93828      188
 24.9705       190
 25.00272      192
 25.00272      194
 25.03494      196
 25.06716      199
 25.09938      201
 25.1316       204
 25.1316       206
 25.16382      209
 25.19604      211
 25.22826      213
 25.26048      216
 25.26048      219
 25.2927       221
 25.32492      224
 25.35714      226
 25.35714      229
 25.38936      232
 25.42158      234
 25.4538       237
 25.48602      240
 25.48602      243
 25.51824      245
 25.55046      248
 25.58268      251
 25.6149       254
 25.6149       257
 25.64712      260
 25.67934      262
 25.71156      265
 25.74378      268
 25.74378      271
 25.776        274
 25.80822      276
 25.84044      280
 25.87266      283
 25.87266      285
 25.90488      289
 25.9371       292
 25.96932      295
 26.00154      298
 26.03376      301
 26.06598      305
 26.0982       308
 26.0982       311
 26.13042      314
 26.16264      317
 26.19486      319
 26.22708      322
 26.22708      325
 26.2593       328
 26.29152      330
 26.32374      333
 26.35596      335
 26.35596      338
 26.38818      341
 26.4204       343
 26.45262      345
 26.45262      347
 26.48484      350
 26.51706      352
 26.54928      354
 26.5815       356
 26.5815       358
 26.61372      359
 26.64594      361
 26.67816      363
 26.71038      364
 26.71038      366
 26.7426       367
 26.77482      368
 26.80704      370
 26.83926      371
 26.83926      372
 26.87148      373
 26.9037       373
 26.93592      374
 26.93592      374
 26.96814      374
 27.00036      375
 27.03258      375
 27.0648       375
 27.0648       375
 27.09702      374
 27.12924      374
 27.16146      374
 27.16146      373
 27.19368      373
 27.2259       373
 27.25812      371
 27.29034      370
 27.29034      369
 27.32256      367
 27.35478      366
 27.387        364
 27.387        362
 27.41922      361
 27.45144      359
 27.48366      357
 27.48366      355
 27.51588      353
 27.5481       351
 27.58032      349
 27.61254      347
 27.61254      345
 27.64476      343
 27.67698      340
 27.7092       338
 27.7092       336
 27.74142      333
 27.77364      330
 27.80586      328
 27.83808      325
 27.83808      323
 27.8703       320
 27.90252      317
 27.93474      315
 27.93474      312
 27.96696      310
 27.99918      307
 28.0314       304
 28.06362      301
 28.06362      299
 28.09584      296
 28.12806      294
 28.12806      291
 28.16028      289
 28.1925       287
 28.22472      284
