 0             5
 0             5
 0             5
 0             5
 0             5
 0             5
 0             5
 0             5
 0             6
 0             6
 0             6
 0             6
 0             6
 3.222e-002    6
 3.222e-002    6
 6.444e-002    5
 9.666e-002    6
 9.666e-002    5
 0.12888       5
 0.1611        5
 0.19332       5
 0.19332       5
 0.22554       5
 0.25776       5
 0.28998       5
 0.3222        5
 0.35442       5
 0.38664       5
 0.41886       5
 0.41886       5
 0.45108       5
 0.4833        5
 0.51552       5
 0.54774       5
 0.57996       5
 0.61218       5
 0.6444        5
 0.67662       5
 0.70884       5
 0.70884       5
 0.74106       5
 0.77328       5
 0.8055        5
 0.83772       5
 0.86994       5
 0.90216       5
 0.93438       5
 0.9666        5
 0.99882       5
 1.03104       5
 1.06326       5
 1.06326       5
 1.09548       5
 1.1277        5
 1.15992       5
 1.19214       5
 1.22436       5
 1.25658       5
 1.2888        5
 1.32102       5
 1.35324       5
 1.38546       5
 1.41768       5
 1.4499        5
 1.48212       5
 1.48212       5
 1.51434       5
 1.54656       5
 1.57878       5
 1.611         5
 1.64322       5
 1.67544       5
 1.70766       5
 1.73988       5
 1.7721        5
 1.80432       5
 1.83654       5
 1.86876       5
 1.90098       5
 1.9332        5
 1.9332        5
 1.96542       5
 1.99764       5
 2.02986       5
 2.06208       5
 2.0943        5
 2.12652       5
 2.15874       5
 2.19096       5
 2.22318       5
 2.2554        5
 2.28762       5
 2.31984       5
 2.35206       4
 2.38428       4
 2.4165        4
 2.4165        5
 2.44872       5
 2.48094       5
 2.51316       5
 2.54538       5
 2.5776        5
 2.60982       5
 2.64204       5
 2.67426       5
 2.70648       5
 2.7387        5
 2.77092       5
 2.80314       5
 2.83536       5
 2.86758       5
 2.86758       5
 2.8998        5
 2.93202       5
 2.96424       5
 2.99646       5
 3.02868       5
 3.0609        5
 3.09312       5
 3.12534       5
 3.15756       5
 3.18978       5
 3.222         5
 3.25422       5
 3.28644       5
 3.31866       5
 3.35088       5
 3.3831        5
 3.41532       5
 3.44754       5
 3.47976       5
 3.51198       5
 3.5442        5
 3.57642       5
 3.60864       5
 3.64086       5
 3.67308       5
 3.7053        5
 3.73752       5
 3.73752       5
 3.76974       5
 3.80196       5
 3.83418       6
 3.8664        5
 3.89862       6
 3.93084       6
 3.96306       5
 3.99528       6
 4.0275        5
 4.05972       5
 4.09194       6
 4.12416       5
 4.15638       5
 4.15638       5
 4.1886        5
 4.22082       5
 4.25304       5
 4.28526       5
 4.31748       5
 4.3497        5
 4.38192       5
 4.41414       5
 4.44636       5
 4.47858       5
 4.5108        5
 4.54302       5
 4.54302       5
 4.57524       6
 4.60746       5
 4.63968       5
 4.6719        6
 4.70412       5
 4.73634       5
 4.76856       6
 4.80078       5
 4.833         6
 4.86522       6
 4.89744       5
 4.92966       6
 4.92966       6
 4.96188       6
 4.9941        6
 5.02632       6
 5.05854       6
 5.09076       6
 5.12298       6
 5.1552        6
 5.18742       6
 5.21964       6
 5.25186       6
 5.28408       7
 5.3163        7
 5.3163        7
 5.34852       7
 5.38074       7
 5.41296       7
 5.44518       8
 5.4774        7
 5.50962       8
 5.54184       8
 5.57406       8
 5.60628       8
 5.6385        8
 5.67072       6
 5.70294       6
 5.70294       7
 5.73516       7
 5.76738       7
 5.7996        7
 5.83182       8
 5.86404       9
 5.89626       9
 5.92848       10
 5.9607        11
 5.99292       11
 6.02514       12
 6.05736       13
 6.05736       13
 6.08958       14
 6.1218        14
 6.15402       15
 6.18624       16
 6.21846       16
 6.25068       17
 6.2829        18
 6.31512       18
 6.34734       19
 6.37956       20
 6.41178       20
 6.444         21
 6.444         22
 6.50844       22
 6.54066       23
 6.57288       24
 6.6051        24
 6.63732       25
 6.66954       26
 6.70176       27
 6.73398       28
 6.73398       28
 6.7662        29
 6.79842       30
 6.83064       30
 6.86286       31
 6.89508       32
 6.9273        32
 6.95952       33
 6.99174       33
 7.02396       33
 7.05618       34
 7.0884        34
 7.0884        34
 7.12062       35
 7.15284       35
 7.18506       35
 7.21728       35
 7.2495        35
 7.28172       35
 7.31394       35
 7.34616       35
 7.37838       34
 7.4106        34
 7.4106        34
 7.44282       34
 7.47504       34
 7.50726       33
 7.53948       33
 7.5717        32
 7.60392       32
 7.63614       32
 7.66836       31
 7.70058       31
 7.7328        30
 7.7328        30
 7.76502       29
 7.79724       29
 7.82946       28
 7.86168       27
 7.8939        27
 7.92612       26
 7.95834       26
 7.99056       26
 8.02278       24
 8.055         23
 8.055         15
 8.08722       16
 8.11944       16
 8.15166       17
 8.18388       16
 8.2161        18
 8.24832       18
 8.28054       17
 8.31276       17
 8.34498       17
 8.34498       17
 8.3772        16
 8.40942       16
 8.44164       16
 8.47386       16
 8.50608       16
 8.5383        15
 8.57052       15
 8.60274       15
 8.63496       14
 8.66718       14
 8.66718       14
 8.6994        13
 8.73162       13
 8.76384       13
 8.79606       12
 8.82828       12
 8.8605        12
 8.89272       12
 8.92494       11
 8.95716       11
 8.95716       11
 8.98938       11
 9.0216        10
 9.05382       10
 9.08604       10
 9.11826       10
 9.15048       10
 9.1827        9
 9.21492       9
 9.24714       9
 9.24714       9
 9.27936       9
 9.31158       9
 9.3438        9
 9.37602       9
 9.40824       8
 9.44046       8
 9.47268       8
 9.5049        8
 9.5049        8
 9.53712       8
 9.56934       8
 9.60156       8
 9.63378       9
 9.666         8
 9.69822       9
 9.76266       9
 9.79488       9
 9.79488       9
 9.8271        9
 9.85932       9
 9.89154       10
 9.92376       10
 9.95598       10
 9.9882        11
 10.02042      11
 10.05264      11
 10.08486      12
 10.08486      12
 10.11708      12
 10.1493       13
 10.18152      13
 10.21374      14
 10.24596      15
 10.27818      15
 10.3104       16
 10.34262      16
 10.37484      17
 10.37484      18
 10.40706      19
 10.43928      19
 10.4715       20
 10.50372      21
 10.53594      22
 10.56816      23
 10.60038      24
 10.60038      25
 10.6326       26
 10.66482      27
 10.69704      28
 10.72926      29
 10.76148      30
 10.7937       31
 10.82592      33
 10.85814      34
 10.89036      35
 10.89036      36
 10.92258      38
 10.9548       39
 10.98702      41
 11.01924      42
 11.05146      44
 11.08368      45
 11.1159       47
 11.14812      48
 11.14812      50
 11.18034      51
 11.21256      53
 11.24478      55
 11.277        57
 11.30922      58
 11.34144      60
 11.37366      62
 11.40588      64
 11.40588      65
 11.4381       67
 11.47032      69
 11.50254      71
 11.53476      73
 11.56698      74
 11.5992       76
 11.63142      78
 11.63142      79
 11.66364      81
 11.69586      83
 11.72808      84
 11.7603       86
 11.79252      87
 11.82474      88
 11.85696      89
 11.88918      90
 11.88918      91
 11.9214       92
 11.95362      93
 11.98584      93
 12.01806      94
 12.05028      94
 12.0825       95
 12.11472      95
 12.11472      95
 12.14694      95
 12.17916      95
 12.21138      95
 12.2436       94
 12.27582      94
 12.30804      93
 12.34026      93
 12.37248      92
 12.37248      91
 12.4047       90
 12.43692      89
 12.46914      88
 12.50136      87
 12.53358      86
 12.5658       85
 12.59802      83
 12.59802      82
 12.63024      80
 12.66246      79
 12.69468      77
 12.7269       76
 12.75912      74
 12.79134      72
 12.82356      71
 12.85578      69
 12.85578      67
 12.888        66
 12.92022      64
 12.95244      62
 13.01688      61
 13.0491       59
 13.0491       57
 13.08132      56
 13.11354      54
 13.14576      52
 13.17798      51
 13.2102       49
 13.24242      47
 13.27464      46
 13.30686      44
 13.30686      43
 13.33908      42
 13.3713       40
 13.40352      39
 13.43574      38
 13.46796      36
 13.50018      35
 13.5324       34
 13.5324       32
 13.56462      31
 13.59684      30
 13.62906      29
 13.66128      28
 13.6935       27
 13.72572      26
 13.75794      26
 13.75794      24
 13.79016      24
 13.82238      23
 13.8546       22
 13.88682      21
 13.91904      21
 13.95126      20
 13.98348      19
 13.98348      19
 14.0157       18
 14.04792      18
 14.08014      17
 14.11236      17
 14.14458      15
 14.1768       14
 14.20902      14
 14.20902      15
 14.24124      15
 14.27346      15
 14.30568      14
 14.3379       14
 14.37012      14
 14.40234      14
 14.43456      14
 14.43456      14
 14.46678      13
 14.499        14
 14.53122      14
 14.56344      14
 14.59566      14
 14.62788      14
 14.62788      14
 14.6601       14
 14.69232      14
 14.72454      15
 14.75676      15
 14.78898      15
 14.8212       16
 14.8212       16
 14.85342      17
 14.88564      18
 14.91786      19
 14.95008      16
 14.9823       16
 15.01452      17
 15.04674      18
 15.04674      19
 15.07896      20
 15.11118      22
 15.1434       23
 15.17562      24
 15.20784      25
 15.24006      27
 15.24006      28
 15.27228      29
 15.3045       30
 15.33672      32
 15.36894      33
 15.40116      35
 15.43338      36
 15.4656       38
 15.4656       39
 15.49782      41
 15.53004      42
 15.56226      44
 15.59448      46
 15.6267       47
 15.65892      49
 15.65892      51
 15.69114      53
 15.72336      55
 15.75558      57
 15.7878       59
 15.82002      61
 15.85224      63
 15.85224      65
 15.88446      67
 15.91668      70
 15.9489       72
 15.98112      74
 16.01334      76
 16.04556      79
 16.07778      81
 16.07778      83
 16.11         86
 16.14222      88
 16.17444      91
 16.20666      93
 16.2711       96
 16.2711       98
 16.30332      102
 16.33554      104
 16.36776      106
 16.39998      109
 16.4322       112
 16.46442      114
 16.46442      117
 16.49664      119
 16.52886      121
 16.56108      124
 16.5933       126
 16.62552      128
 16.62552      130
 16.65774      132
 16.68996      134
 16.72218      136
 16.7544       138
 16.78662      140
 16.81884      142
 16.81884      143
 16.85106      145
 16.88328      146
 16.9155       147
 16.94772      149
 16.97994      150
 17.01216      151
 17.01216      152
 17.04438      153
 17.0766       153
 17.10882      154
 17.14104      155
 17.17326      155
 17.20548      155
 17.20548      155
 17.2377       156
 17.26992      156
 17.30214      155
 17.33436      155
 17.36658      155
 17.3988       154
 17.3988       154
 17.43102      153
 17.46324      152
 17.49546      151
 17.52768      150
 17.5599       139
 17.5599       137
 17.59212      137
 17.62434      136
 17.65656      136
 17.68878      135
 17.721        134
 17.75322      133
 17.75322      131
 17.78544      130
 17.81766      129
 17.84988      127
 17.8821       125
 17.91432      124
 17.91432      122
 17.94654      120
 17.97876      118
 18.01098      116
 18.0432       114
 18.07542      112
 18.10764      109
 18.10764      107
 18.13986      105
 18.17208      103
 18.2043       100
 18.23652      97
 18.26874      95
 18.30096      93
 18.30096      90
 18.33318      88
 18.3654       86
 18.39762      84
 18.42984      82
 18.46206      80
 18.46206      78
 18.49428      76
 18.5265       74
 18.55872      72
 18.59094      70
 18.62316      68
 18.62316      66
 18.65538      65
 18.6876       63
 18.71982      61
 18.75204      60
 18.78426      58
 18.78426      56
 18.81648      55
 18.8487       53
 18.88092      52
 18.91314      51
 18.94536      49
 18.97758      48
 18.97758      47
 19.0098       46
 19.04202      45
 19.07424      43
 19.10646      42
 19.13868      42
 19.13868      41
 19.1709       40
 19.20312      39
 19.23534      38
 19.26756      37
 19.29978      37
 19.29978      36
 19.332        35
 19.36422      34
 19.39644      34
 19.42866      33
 19.46088      33
 19.4931       32
 19.52532      32
 19.55754      32
 19.58976      31
 19.62198      31
 19.6542       31
 19.6542       31
 19.68642      31
 19.71864      31
 19.75086      31
 19.78308      32
 19.8153       32
 19.8153       32
 19.84752      32
 19.87974      33
 19.91196      33
 19.94418      34
 19.9764       34
 19.9764       35
 20.00862      36
 20.04084      36
 20.07306      37
 20.10528      38
 20.1375       39
 20.1375       40
 20.16972      41
 20.20194      42
 20.23416      43
 20.26638      44
 20.2986       46
 20.2986       47
 20.33082      48
 20.36304      50
 20.39526      51
 20.42748      53
 20.4597       55
 20.4597       56
 20.49192      58
 20.52414      60
 20.55636      61
 20.58858      63
 20.6208       65
 20.6208       67
 20.65302      69
 20.68524      71
 20.71746      73
 20.74968      75
 20.7819       77
 20.7819       79
 20.81412      82
 20.84634      84
 20.87856      86
 20.91078      89
 20.943        91
 20.943        93
 20.97522      96
 21.00744      99
 21.03966      102
 21.07188      105
 21.1041       107
 21.1041       110
 21.13632      112
 21.16854      115
 21.20076      118
 21.23298      120
 21.2652       123
 21.2652       125
 21.29742      128
 21.32964      131
 21.36186      133
 21.39408      136
 21.4263       139
 21.4263       141
 21.45852      144
 21.49074      146
 21.52296      148
 21.55518      151
 21.55518      153
 21.5874       156
 21.61962      158
 21.65184      161
 21.68406      164
 21.71628      166
 21.71628      168
 21.7485       170
 21.78072      172
 21.81294      173
 21.84516      175
 21.84516      177
 21.87738      178
 21.9096       180
 21.94182      181
 21.97404      183
 22.00626      184
 22.00626      185
 22.03848      186
 22.0707       188
 22.10292      189
 22.13514      189
 22.13514      190
 22.16736      191
 22.19958      191
 22.2318       191
 22.26402      191
 22.29624      191
 22.29624      191
 22.32846      191
 22.36068      192
 22.3929       192
 22.42512      192
 22.45734      192
 22.45734      192
 22.48956      191
 22.52178      191
 22.554        190
 22.58622      190
 22.58622      189
 22.61844      189
 22.65066      188
 22.68288      187
 22.7151       186
 22.74732      185
 22.77954      184
 22.81176      183
 22.84398      182
 22.8762       181
 22.8762       179
 22.90842      178
 22.94064      176
 22.97286      175
 23.00508      173
 23.0373       172
 23.0373       170
 23.06952      168
 23.10174      166
 23.13396      165
 23.16618      163
 23.16618      161
 23.1984       159
 23.23062      158
 23.26284      156
 23.29506      154
 23.29506      152
 23.32728      150
 23.3595       148
 23.39172      147
 23.42394      144
 23.42394      143
 23.45616      141
 23.48838      139
 23.5206       137
 23.55282      135
 23.58504      133
 23.58504      131
 23.61726      129
 23.64948      127
 23.6817       126
 23.71392      124
 23.71392      122
 23.74614      121
 23.77836      119
 23.81058      117
 23.8428       115
 23.8428       113
 23.87502      112
 23.90724      110
 23.93946      109
 23.97168      107
 23.97168      106
 24.0039       104
 24.03612      102
 24.06834      101
 24.10056      99
 24.10056      97
 24.13278      96
 24.165        94
 24.19722      93
 24.22944      92
 24.22944      90
 24.26166      89
 24.29388      88
 24.3261       87
 24.35832      86
 24.35832      85
 24.39054      84
 24.42276      83
 24.45498      81
 24.4872       80
 24.51942      79
 24.51942      78
 24.55164      78
 24.58386      77
 24.61608      76
 24.6483       76
 24.6483       75
 24.68052      74
 24.71274      73
 24.74496      72
 24.74496      71
 24.77718      71
 24.8094       70
 24.84162      70
 24.87384      70
 24.90606      69
 24.90606      69
 24.93828      69
 24.9705       69
 25.00272      70
 25.00272      70
 25.03494      70
 25.06716      70
 25.09938      71
 25.1316       71
 25.1316       72
 25.16382      72
 25.19604      73
 25.22826      74
 25.26048      75
 25.26048      76
 25.2927       77
 25.32492      77
 25.35714      79
 25.38936      80
 25.38936      81
 25.42158      82
 25.4538       83
 25.48602      84
 25.51824      86
 25.51824      87
 25.55046      89
 25.58268      90
 25.6149       92
 25.64712      93
 25.64712      95
 25.67934      97
 25.71156      98
 25.74378      101
 25.776        103
 25.776        105
 25.80822      107
 25.84044      106
 25.87266      105
 25.90488      106
 25.90488      108
 25.9371       111
 25.96932      113
 26.03376      116
 26.03376      119
 26.06598      121
 26.0982       123
 26.13042      126
 26.16264      128
 26.16264      131
 26.19486      134
 26.22708      139
 26.2593       138
 26.2593       135
 26.29152      134
 26.32374      133
 26.35596      133
 26.38818      134
 26.38818      135
 26.4204       137
 26.45262      137
 26.48484      139
 26.51706      141
 26.51706      143
 26.54928      145
 26.5815       147
 26.61372      149
 26.61372      152
 26.64594      154
 26.67816      156
 26.71038      159
 26.7426       160
 26.7426       162
 26.77482      164
 26.80704      166
 26.83926      168
 26.83926      170
 26.87148      172
 26.9037       174
 26.93592      176
 26.96814      178
 26.96814      180
 27.00036      182
 27.03258      183
 27.0648       185
 27.09702      186
 27.09702      188
 27.12924      189
 27.16146      190
 27.19368      192
 27.19368      193
 27.2259       194
 27.25812      195
 27.29034      196
 27.32256      197
 27.32256      198
 27.35478      199
 27.387        199
 27.41922      200
 27.45144      201
 27.45144      202
 27.48366      203
 27.51588      203
 27.5481       203
 27.5481       204
 27.58032      204
 27.61254      204
 27.64476      204
 27.64476      204
 27.67698      204
 27.7092       205
 27.74142      204
 27.77364      204
 27.77364      204
 27.80586      204
 27.83808      204
 27.8703       204
 27.8703       203
 27.90252      203
 27.93474      203
 27.96696      202
 27.96696      202
 27.99918      201
 28.0314       200
 28.06362      200
 28.09584      199
 28.09584      199
 28.12806      198
 28.16028      197
 28.1925       197
 28.1925       196
 28.22472      195
 28.25694      195
 28.28916      194
