 0             5
 0             5
 0             5
 0             5
 0             5
 0             5
 0             5
 0             5
 0             5
 0             5
 0             5
 0             5
 0             5
 3.222e-002    5
 3.222e-002    5
 6.444e-002    5
 9.666e-002    5
 9.666e-002    5
 0.12888       5
 0.1611        5
 0.19332       5
 0.22554       5
 0.22554       5
 0.25776       5
 0.28998       5
 0.3222        5
 0.35442       5
 0.38664       5
 0.41886       5
 0.41886       5
 0.45108       5
 0.4833        5
 0.51552       5
 0.54774       5
 0.57996       5
 0.61218       5
 0.6444        5
 0.67662       5
 0.70884       4
 0.74106       5
 0.74106       5
 0.77328       4
 0.8055        5
 0.83772       5
 0.86994       5
 0.90216       5
 0.93438       5
 0.9666        5
 0.99882       5
 1.03104       5
 1.06326       5
 1.09548       5
 1.09548       5
 1.1277        5
 1.15992       5
 1.19214       4
 1.22436       5
 1.25658       5
 1.2888        4
 1.32102       5
 1.35324       5
 1.38546       5
 1.41768       5
 1.4499        5
 1.48212       5
 1.51434       5
 1.54656       5
 1.57878       5
 1.57878       5
 1.611         5
 1.64322       5
 1.67544       5
 1.70766       5
 1.73988       5
 1.7721        5
 1.80432       5
 1.83654       5
 1.86876       5
 1.90098       5
 1.9332        5
 1.96542       5
 1.99764       5
 2.02986       5
 2.02986       5
 2.06208       5
 2.0943        5
 2.12652       5
 2.15874       5
 2.19096       5
 2.22318       5
 2.2554        5
 2.28762       5
 2.31984       4
 2.35206       4
 2.38428       4
 2.4165        4
 2.44872       4
 2.48094       4
 2.51316       4
 2.51316       5
 2.54538       4
 2.5776        4
 2.60982       5
 2.64204       5
 2.67426       5
 2.70648       5
 2.7387        5
 2.77092       5
 2.80314       5
 2.83536       5
 2.86758       5
 2.8998        5
 2.93202       5
 2.96424       5
 2.99646       5
 2.99646       5
 3.02868       5
 3.0609        5
 3.09312       5
 3.12534       5
 3.15756       5
 3.18978       5
 3.25422       5
 3.28644       5
 3.31866       5
 3.35088       5
 3.3831        5
 3.41532       5
 3.41532       5
 3.44754       5
 3.47976       5
 3.51198       5
 3.5442        5
 3.57642       5
 3.60864       5
 3.64086       5
 3.67308       5
 3.7053        5
 3.73752       5
 3.76974       5
 3.80196       5
 3.83418       5
 3.8664        5
 3.8664        5
 3.89862       5
 3.93084       5
 3.96306       5
 3.99528       5
 4.0275        5
 4.05972       5
 4.09194       5
 4.12416       5
 4.15638       5
 4.1886        5
 4.22082       5
 4.25304       5
 4.28526       5
 4.28526       5
 4.31748       5
 4.3497        5
 4.38192       5
 4.41414       5
 4.44636       5
 4.47858       5
 4.5108        5
 4.54302       5
 4.57524       5
 4.60746       5
 4.63968       5
 4.6719        5
 4.70412       5
 4.70412       5
 4.73634       5
 4.76856       5
 4.80078       5
 4.833         5
 4.86522       5
 4.89744       5
 4.92966       5
 4.96188       5
 4.9941        5
 5.02632       5
 5.05854       5
 5.09076       5
 5.09076       5
 5.12298       5
 5.1552        5
 5.18742       5
 5.21964       5
 5.25186       5
 5.28408       5
 5.3163        5
 5.34852       5
 5.38074       5
 5.41296       5
 5.44518       5
 5.4774        5
 5.4774        5
 5.50962       5
 5.54184       5
 5.57406       5
 5.60628       5
 5.6385        5
 5.67072       5
 5.70294       5
 5.73516       5
 5.76738       5
 5.7996        5
 5.83182       5
 5.86404       5
 5.86404       5
 5.89626       5
 5.92848       5
 5.9607        5
 5.99292       5
 6.02514       5
 6.05736       5
 6.08958       5
 6.1218        5
 6.15402       5
 6.18624       5
 6.21846       5
 6.21846       5
 6.25068       4
 6.2829        5
 6.31512       5
 6.34734       5
 6.37956       5
 6.41178       5
 6.444         5
 6.50844       5
 6.54066       5
 6.57288       5
 6.57288       5
 6.6051        5
 6.63732       5
 6.66954       5
 6.70176       5
 6.73398       5
 6.7662        5
 6.79842       5
 6.83064       7
 6.86286       7
 6.89508       6
 6.9273        6
 6.9273        6
 6.95952       6
 6.99174       6
 7.02396       6
 7.05618       6
 7.0884        6
 7.12062       6
 7.15284       5
 7.18506       5
 7.21728       5
 7.2495        5
 7.28172       5
 7.28172       5
 7.31394       5
 7.34616       5
 7.37838       5
 7.4106        5
 7.44282       5
 7.47504       5
 7.50726       5
 7.53948       5
 7.5717        5
 7.60392       5
 7.60392       5
 7.63614       5
 7.66836       6
 7.70058       6
 7.7328        5
 7.76502       6
 7.79724       5
 7.82946       5
 7.86168       5
 7.8939        5
 7.92612       5
 7.92612       5
 7.95834       5
 7.99056       5
 8.02278       5
 8.055         5
 8.08722       5
 8.11944       5
 8.15166       5
 8.18388       5
 8.2161        5
 8.24832       5
 8.24832       5
 8.28054       5
 8.31276       5
 8.34498       5
 8.3772        5
 8.40942       5
 8.44164       5
 8.47386       5
 8.50608       5
 8.5383        5
 8.5383        5
 8.57052       5
 8.60274       5
 8.63496       5
 8.66718       5
 8.6994        5
 8.73162       5
 8.76384       5
 8.79606       5
 8.82828       5
 8.8605        5
 8.8605        5
 8.89272       5
 8.92494       5
 8.95716       5
 8.98938       5
 9.0216        5
 9.05382       5
 9.08604       5
 9.11826       5
 9.15048       5
 9.1827        5
 9.1827        5
 9.21492       5
 9.24714       5
 9.27936       5
 9.31158       5
 9.3438        5
 9.37602       5
 9.40824       5
 9.44046       5
 9.47268       5
 9.47268       5
 9.5049        5
 9.53712       5
 9.56934       5
 9.60156       5
 9.63378       5
 9.666         5
 9.69822       5
 9.76266       5
 9.76266       5
 9.79488       5
 9.8271        5
 9.85932       5
 9.89154       5
 9.92376       5
 9.95598       5
 9.9882        5
 10.02042      5
 10.05264      5
 10.05264      5
 10.08486      5
 10.11708      5
 10.1493       5
 10.18152      5
 10.21374      5
 10.24596      5
 10.27818      5
 10.3104       5
 10.34262      5
 10.34262      5
 10.37484      5
 10.40706      5
 10.43928      5
 10.4715       5
 10.50372      5
 10.53594      5
 10.56816      6
 10.60038      8
 10.60038      8
 10.6326       7
 10.66482      7
 10.69704      7
 10.72926      6
 10.76148      6
 10.7937       6
 10.82592      6
 10.85814      6
 10.85814      5
 10.89036      5
 10.92258      5
 10.9548       5
 10.98702      5
 11.01924      5
 11.05146      5
 11.08368      5
 11.1159       5
 11.1159       5
 11.14812      5
 11.18034      5
 11.21256      5
 11.24478      5
 11.277        5
 11.30922      5
 11.34144      5
 11.37366      5
 11.40588      6
 11.40588      6
 11.4381       6
 11.47032      6
 11.50254      6
 11.53476      5
 11.56698      6
 11.5992       5
 11.63142      5
 11.63142      5
 11.66364      5
 11.69586      5
 11.72808      5
 11.7603       5
 11.79252      5
 11.82474      5
 11.85696      5
 11.88918      5
 11.88918      5
 11.9214       5
 11.95362      6
 11.98584      6
 12.01806      6
 12.05028      6
 12.0825       6
 12.11472      5
 12.14694      6
 12.14694      5
 12.17916      5
 12.21138      6
 12.2436       5
 12.27582      5
 12.30804      5
 12.34026      5
 12.37248      5
 12.4047       5
 12.4047       5
 12.43692      5
 12.46914      5
 12.50136      5
 12.53358      5
 12.5658       5
 12.59802      5
 12.63024      5
 12.63024      5
 12.66246      5
 12.69468      5
 12.7269       5
 12.75912      5
 12.79134      5
 12.82356      5
 12.85578      5
 12.888        5
 12.888        5
 12.92022      5
 12.95244      5
 13.01688      5
 13.0491       5
 13.08132      5
 13.11354      5
 13.11354      5
 13.14576      5
 13.17798      5
 13.2102       6
 13.24242      5
 13.27464      5
 13.30686      5
 13.33908      5
 13.33908      5
 13.3713       5
 13.40352      5
 13.43574      5
 13.46796      5
 13.50018      5
 13.5324       6
 13.56462      6
 13.56462      6
 13.59684      6
 13.62906      6
 13.66128      6
 13.6935       6
 13.72572      6
 13.75794      6
 13.79016      6
 13.79016      6
 13.82238      6
 13.8546       6
 13.88682      5
 13.91904      6
 13.95126      6
 13.98348      5
 14.0157       6
 14.0157       6
 14.04792      5
 14.08014      6
 14.11236      5
 14.14458      5
 14.1768       6
 14.20902      5
 14.24124      5
 14.24124      6
 14.27346      5
 14.30568      6
 14.3379       5
 14.37012      5
 14.40234      6
 14.43456      6
 14.46678      5
 14.46678      6
 14.499        5
 14.53122      5
 14.56344      6
 14.59566      4
 14.62788      3
 14.6601       3
 14.6601       3
 14.69232      4
 14.72454      4
 14.75676      4
 14.78898      4
 14.8212       4
 14.85342      4
 14.88564      5
 14.88564      5
 14.91786      5
 14.95008      5
 14.9823       5
 15.01452      5
 15.04674      5
 15.07896      5
 15.11118      5
 15.11118      5
 15.1434       5
 15.17562      5
 15.20784      5
 15.24006      5
 15.27228      5
 15.3045       5
 15.3045       5
 15.33672      5
 15.36894      5
 15.40116      5
 15.43338      5
 15.4656       5
 15.49782      5
 15.49782      5
 15.53004      5
 15.56226      5
 15.59448      5
 15.6267       5
 15.65892      5
 15.69114      5
 15.72336      5
 15.72336      5
 15.75558      5
 15.7878       5
 15.82002      5
 15.85224      5
 15.88446      5
 15.91668      5
 15.91668      5
 15.9489       5
 15.98112      6
 16.01334      5
 16.04556      5
 16.07778      6
 16.11         5
 16.14222      5
 16.14222      5
 16.17444      5
 16.20666      6
 16.2711       5
 16.30332      5
 16.33554      6
 16.33554      5
 16.36776      5
 16.39998      5
 16.4322       5
 16.46442      5
 16.49664      5
 16.52886      5
 16.52886      6
 16.56108      6
 16.5933       5
 16.62552      5
 16.65774      5
 16.68996      5
 16.68996      6
 16.72218      5
 16.7544       5
 16.78662      6
 16.81884      5
 16.85106      5
 16.88328      5
 16.9155       5
 16.9155       5
 16.94772      5
 16.97994      5
 17.01216      5
 17.04438      5
 17.0766       5
 17.10882      5
 17.10882      5
 17.14104      5
 17.17326      5
 17.20548      5
 17.2377       5
 17.26992      6
 17.30214      5
 17.30214      5
 17.33436      6
 17.36658      5
 17.3988       5
 17.43102      6
 17.46324      5
 17.46324      5
 17.49546      6
 17.52768      5
 17.5599       6
 17.59212      6
 17.62434      5
 17.65656      6
 17.65656      6
 17.68878      5
 17.721        6
 17.75322      5
 17.78544      6
 17.81766      6
 17.84988      5
 17.84988      6
 17.8821       6
 17.91432      5
 17.94654      6
 17.97876      6
 18.01098      6
 18.0432       6
 18.0432       6
 18.07542      6
 18.10764      6
 18.13986      6
 18.17208      6
 18.2043       6
 18.2043       6
 18.23652      6
 18.26874      6
 18.30096      6
 18.33318      6
 18.3654       6
 18.39762      6
 18.39762      6
 18.42984      6
 18.46206      6
 18.49428      6
 18.5265       6
 18.55872      6
 18.59094      6
 18.59094      6
 18.62316      6
 18.65538      6
 18.6876       6
 18.71982      6
 18.75204      6
 18.75204      6
 18.78426      6
 18.81648      6
 18.8487       6
 18.88092      6
 18.91314      6
 18.91314      6
 18.94536      6
 18.97758      6
 19.0098       6
 19.04202      6
 19.07424      6
 19.10646      6
 19.10646      7
 19.13868      6
 19.1709       6
 19.20312      6
 19.23534      6
 19.26756      6
 19.26756      6
 19.29978      6
 19.332        6
 19.36422      6
 19.39644      6
 19.42866      7
 19.42866      6
 19.46088      6
 19.52532      7
 19.55754      6
 19.58976      6
 19.62198      7
 19.62198      6
 19.6542       6
 19.68642      7
 19.71864      6
 19.75086      7
 19.78308      6
 19.78308      6
 19.8153       7
 19.84752      7
 19.87974      7
 19.91196      7
 19.94418      7
 19.94418      7
 19.9764       7
 20.00862      7
 20.04084      7
 20.07306      7
 20.10528      6
 20.10528      7
 20.1375       7
 20.16972      6
 20.20194      7
 20.23416      6
 20.26638      6
 20.26638      7
 20.2986       6
 20.33082      6
 20.36304      7
 20.39526      6
 20.42748      6
 20.42748      7
 20.4597       6
 20.49192      6
 20.52414      6
 20.55636      6
 20.58858      6
 20.58858      6
 20.6208       6
 20.65302      6
 20.68524      6
 20.71746      6
 20.74968      6
 20.74968      6
 20.7819       6
 20.81412      7
 20.84634      6
 20.87856      6
 20.91078      6
 20.91078      6
 20.943        6
 20.97522      6
 21.00744      6
 21.03966      6
 21.07188      6
 21.07188      6
 21.1041       6
 21.13632      6
 21.16854      6
 21.20076      6
 21.23298      6
 21.23298      6
 21.2652       6
 21.29742      6
 21.32964      6
 21.36186      6
 21.36186      6
 21.39408      6
 21.4263       6
 21.45852      6
 21.49074      6
 21.52296      6
 21.55518      6
 21.55518      6
 21.5874       6
 21.61962      6
 21.65184      6
 21.68406      6
 21.71628      6
 21.71628      6
 21.7485       6
 21.78072      6
 21.81294      6
 21.84516      6
 21.84516      6
 21.87738      6
 21.9096       6
 21.94182      6
 21.97404      6
 22.00626      6
 22.00626      6
 22.03848      6
 22.0707       6
 22.10292      6
 22.13514      6
 22.16736      6
 22.16736      6
 22.19958      6
 22.2318       6
 22.26402      6
 22.29624      6
 22.32846      6
 22.32846      6
 22.36068      6
 22.3929       6
 22.42512      6
 22.45734      6
 22.45734      6
 22.48956      6
 22.52178      6
 22.554        6
 22.58622      6
 22.61844      6
 22.61844      6
 22.65066      6
 22.68288      6
 22.7151       6
 22.77954      6
 22.77954      6
 22.81176      6
 22.84398      6
 22.8762       6
 22.90842      6
 22.90842      6
 22.94064      6
 22.97286      6
 23.00508      6
 23.0373       6
 23.0373       6
 23.06952      7
 23.10174      6
 23.13396      7
 23.16618      6
 23.1984       6
 23.1984       7
 23.23062      6
 23.26284      6
 23.29506      7
 23.32728      6
 23.32728      7
 23.3595       7
 23.39172      9
 23.42394      9
 23.45616      9
 23.45616      9
 23.48838      9
 23.5206       8
 23.55282      8
 23.58504      8
 23.58504      8
 23.61726      8
 23.64948      8
 23.6817       8
 23.71392      8
 23.74614      8
 23.74614      7
 23.77836      8
 23.81058      7
 23.8428       7
 23.87502      7
 23.87502      7
 23.90724      7
 23.93946      7
 23.97168      7
 24.0039       7
 24.0039       7
 24.03612      7
 24.06834      7
 24.10056      7
 24.13278      7
 24.165        7
 24.165        7
 24.19722      7
 24.22944      7
 24.26166      7
 24.29388      7
 24.29388      8
 24.3261       7
 24.35832      7
 24.39054      8
 24.42276      7
 24.42276      7
 24.45498      8
 24.4872       7
 24.51942      8
 24.55164      8
 24.55164      7
 24.58386      8
 24.61608      7
 24.6483       7
 24.68052      8
 24.68052      7
 24.71274      7
 24.74496      8
 24.77718      7
 24.8094       7
 24.84162      8
 24.84162      7
 24.87384      7
 24.90606      8
 24.93828      7
 24.93828      8
 24.9705       8
 25.00272      7
 25.03494      8
 25.06716      7
 25.06716      7
 25.09938      8
 25.1316       7
 25.16382      7
 25.19604      8
 25.19604      7
 25.22826      7
 25.26048      8
 25.2927       7
 25.32492      7
 25.32492      7
 25.35714      7
 25.38936      7
 25.42158      7
 25.4538       7
 25.4538       7
 25.48602      7
 25.51824      7
 25.55046      7
 25.58268      7
 25.58268      7
 25.6149       7
 25.64712      7
 25.67934      7
 25.71156      7
 25.71156      7
 25.74378      7
 25.776        7
 25.80822      7
 25.84044      8
 25.84044      8
 25.87266      8
 25.90488      8
 25.9371       8
 25.96932      8
 25.96932      8
 26.03376      8
 26.06598      8
 26.0982       8
 26.0982       7
 26.13042      7
 26.16264      7
 26.19486      7
 26.19486      7
 26.22708      7
 26.2593       7
 26.29152      7
 26.32374      7
 26.32374      7
 26.35596      7
 26.38818      8
 26.4204       7
 26.45262      7
 26.45262      7
 26.48484      7
 26.51706      7
 26.54928      7
 26.5815       7
 26.5815       7
 26.61372      7
 26.64594      7
 26.67816      7
 26.71038      7
 26.71038      7
 26.7426       7
 26.77482      6
 26.80704      7
 26.80704      7
 26.83926      7
 26.87148      7
 26.9037       7
 26.93592      7
 26.93592      7
 26.96814      7
 27.00036      7
 27.03258      7
 27.0648       7
 27.0648       7
 27.09702      7
 27.12924      7
 27.16146      7
 27.16146      7
 27.19368      7
 27.2259       7
 27.25812      6
 27.29034      7
 27.29034      7
 27.32256      6
 27.35478      7
 27.387        7
 27.387        6
 27.41922      7
 27.45144      7
 27.48366      6
 27.51588      7
 27.51588      6
 27.5481       6
 27.58032      7
 27.61254      6
 27.61254      7
 27.64476      7
 27.67698      6
 27.7092       7
 27.74142      7
 27.74142      6
 27.77364      7
 27.80586      7
 27.83808      6
 27.83808      7
 27.8703       7
 27.90252      6
 27.93474      7
 27.96696      7
 27.96696      7
 27.99918      7
 28.0314       7
 28.06362      7
 28.06362      7
 28.09584      7
 28.12806      4
 28.16028      4
 28.16028      4
 28.1925       5
 28.22472      5
 28.25694      5
 28.28916      5
 28.28916      5
 28.32138      6
 28.3536       6
