 0             2
 0             2
 0             2
 0             2
 0             2
 0             2
 0             2
 0             2
 0             2
 0             2
 0             2
 0             2
 0             2
 3.222e-002    2
 6.444e-002    2
 6.444e-002    2
 9.666e-002    6
 0.12888       6
 0.1611        5
 0.19332       5
 0.19332       4
 0.22554       4
 0.25776       4
 0.28998       4
 0.3222        3
 0.35442       3
 0.35442       3
 0.38664       3
 0.41886       3
 0.45108       3
 0.4833        3
 0.51552       3
 0.54774       3
 0.57996       3
 0.61218       3
 0.61218       2
 0.6444        3
 0.67662       2
 0.70884       2
 0.74106       2
 0.77328       2
 0.8055        2
 0.83772       2
 0.86994       2
 0.90216       2
 0.90216       2
 0.93438       2
 0.9666        2
 0.99882       2
 1.03104       2
 1.06326       2
 1.09548       2
 1.1277        2
 1.15992       2
 1.19214       2
 1.22436       2
 1.22436       2
 1.25658       2
 1.2888        2
 1.32102       2
 1.35324       2
 1.38546       2
 1.41768       2
 1.4499        2
 1.48212       2
 1.51434       2
 1.54656       2
 1.57878       2
 1.611         2
 1.64322       2
 1.64322       2
 1.67544       2
 1.70766       2
 1.73988       2
 1.7721        2
 1.80432       2
 1.83654       2
 1.86876       2
 1.90098       2
 1.9332        2
 1.96542       2
 1.99764       2
 2.02986       2
 2.06208       2
 2.0943        2
 2.0943        2
 2.12652       2
 2.15874       2
 2.19096       2
 2.22318       2
 2.2554        2
 2.28762       2
 2.31984       2
 2.35206       2
 2.38428       2
 2.4165        2
 2.44872       2
 2.48094       2
 2.51316       2
 2.54538       2
 2.5776        2
 2.5776        2
 2.60982       2
 2.64204       2
 2.67426       2
 2.70648       2
 2.7387        3
 2.77092       2
 2.80314       2
 2.83536       3
 2.86758       2
 2.8998        2
 2.93202       3
 2.96424       2
 2.99646       3
 3.02868       3
 3.0609        2
 3.09312       3
 3.09312       3
 3.12534       3
 3.15756       3
 3.18978       3
 3.25422       2
 3.28644       3
 3.31866       3
 3.35088       2
 3.3831        3
 3.41532       3
 3.44754       3
 3.47976       3
 3.47976       3
 3.51198       3
 3.5442        3
 3.57642       3
 3.60864       3
 3.64086       3
 3.67308       3
 3.7053        3
 3.73752       3
 3.76974       3
 3.80196       4
 3.83418       4
 3.8664        4
 3.89862       4
 3.93084       4
 3.93084       4
 3.96306       4
 3.99528       4
 4.0275        4
 4.05972       5
 4.09194       4
 4.12416       5
 4.15638       5
 4.1886        5
 4.22082       5
 4.25304       5
 4.28526       5
 4.31748       5
 4.3497        5
 4.38192       5
 4.38192       6
 4.41414       6
 4.44636       6
 4.47858       6
 4.5108        6
 4.54302       7
 4.57524       7
 4.60746       7
 4.63968       7
 4.6719        7
 4.70412       7
 4.73634       8
 4.76856       8
 4.80078       8
 4.80078       8
 4.833         8
 4.86522       9
 4.89744       9
 4.92966       9
 4.96188       9
 4.9941        10
 5.02632       10
 5.05854       10
 5.09076       10
 5.12298       11
 5.1552        11
 5.18742       11
 5.18742       11
 5.21964       12
 5.25186       12
 5.28408       12
 5.3163        13
 5.34852       13
 5.38074       13
 5.41296       14
 5.44518       14
 5.4774        14
 5.50962       15
 5.54184       15
 5.57406       15
 5.57406       16
 5.60628       16
 5.6385        16
 5.67072       17
 5.70294       17
 5.73516       18
 5.76738       18
 5.7996        18
 5.83182       19
 5.86404       19
 5.89626       20
 5.92848       20
 5.9607        20
 5.9607        21
 5.99292       21
 6.02514       22
 6.05736       23
 6.08958       23
 6.1218        23
 6.15402       24
 6.18624       24
 6.21846       25
 6.25068       26
 6.2829        26
 6.31512       27
 6.34734       27
 6.34734       27
 6.37956       28
 6.41178       29
 6.444         29
 6.50844       30
 6.54066       30
 6.57288       31
 6.6051        31
 6.63732       32
 6.66954       32
 6.66954       33
 6.70176       33
 6.73398       33
 6.7662        33
 6.79842       34
 6.83064       34
 6.86286       34
 6.89508       34
 6.9273        34
 6.95952       34
 6.99174       34
 7.02396       34
 7.05618       34
 7.05618       34
 7.0884        33
 7.12062       33
 7.15284       33
 7.18506       33
 7.21728       32
 7.2495        32
 7.28172       31
 7.31394       31
 7.34616       31
 7.37838       30
 7.37838       30
 7.4106        30
 7.44282       29
 7.47504       29
 7.50726       28
 7.53948       28
 7.5717        27
 7.60392       27
 7.63614       26
 7.66836       26
 7.70058       25
 7.70058       25
 7.7328        24
 7.76502       24
 7.79724       23
 7.82946       23
 7.86168       22
 7.8939        22
 7.92612       22
 7.95834       21
 7.99056       21
 8.02278       20
 8.055         20
 8.055         20
 8.08722       20
 8.11944       19
 8.15166       19
 8.18388       19
 8.2161        18
 8.24832       18
 8.28054       18
 8.31276       18
 8.34498       18
 8.34498       18
 8.3772        17
 8.40942       18
 8.44164       17
 8.47386       17
 8.50608       17
 8.5383        17
 8.57052       17
 8.60274       18
 8.63496       17
 8.66718       17
 8.66718       18
 8.6994        18
 8.73162       18
 8.76384       18
 8.79606       18
 8.82828       18
 8.8605        19
 8.89272       19
 8.92494       19
 8.95716       19
 8.98938       19
 8.98938       20
 9.0216        20
 9.05382       20
 9.08604       21
 9.11826       21
 9.15048       21
 9.1827        22
 9.21492       22
 9.24714       22
 9.27936       23
 9.27936       23
 9.31158       24
 9.3438        24
 9.37602       24
 9.40824       25
 9.44046       25
 9.47268       26
 9.5049        26
 9.53712       27
 9.56934       27
 9.60156       28
 9.60156       28
 9.63378       29
 9.666         30
 9.69822       31
 9.76266       31
 9.79488       32
 9.8271        32
 9.85932       33
 9.89154       33
 9.89154       34
 9.92376       35
 9.95598       35
 9.9882        36
 10.02042      37
 10.05264      37
 10.08486      38
 10.11708      39
 10.1493       39
 10.18152      40
 10.18152      41
 10.21374      42
 10.24596      43
 10.27818      43
 10.3104       44
 10.34262      45
 10.37484      46
 10.40706      47
 10.43928      48
 10.43928      48
 10.4715       49
 10.50372      50
 10.53594      51
 10.56816      52
 10.60038      53
 10.6326       54
 10.66482      55
 10.69704      56
 10.72926      57
 10.72926      58
 10.76148      59
 10.7937       60
 10.82592      61
 10.85814      62
 10.89036      63
 10.92258      64
 10.9548       65
 10.98702      67
 10.98702      68
 11.01924      69
 11.05146      70
 11.08368      71
 11.1159       72
 11.14812      73
 11.18034      74
 11.21256      76
 11.24478      77
 11.24478      78
 11.277        79
 11.30922      80
 11.34144      81
 11.37366      82
 11.40588      83
 11.4381       84
 11.47032      85
 11.50254      86
 11.50254      86
 11.53476      87
 11.56698      88
 11.5992       88
 11.63142      89
 11.66364      89
 11.69586      89
 11.72808      89
 11.7603       89
 11.79252      89
 11.79252      89
 11.82474      88
 11.85696      88
 11.88918      87
 11.9214       86
 11.95362      86
 11.98584      85
 12.01806      84
 12.01806      83
 12.05028      82
 12.0825       81
 12.11472      80
 12.14694      78
 12.17916      77
 12.21138      76
 12.2436       75
 12.27582      74
 12.27582      73
 12.30804      72
 12.34026      71
 12.37248      69
 12.4047       68
 12.43692      67
 12.46914      65
 12.50136      64
 12.50136      63
 12.53358      61
 12.5658       60
 12.59802      59
 12.63024      58
 12.66246      56
 12.69468      55
 12.7269       54
 12.75912      53
 12.75912      52
 12.79134      51
 12.82356      50
 12.85578      49
 12.888        48
 12.92022      48
 12.95244      46
 12.98466      46
 13.01688      45
 13.0491       44
 13.08132      43
 13.11354      43
 13.14576      42
 13.17798      42
 13.2102       41
 13.24242      40
 13.24242      40
 13.27464      40
 13.30686      39
 13.33908      39
 13.3713       39
 13.40352      38
 13.43574      38
 13.46796      38
 13.50018      38
 13.50018      38
 13.5324       38
 13.56462      38
 13.59684      38
 13.62906      37
 13.66128      38
 13.6935       38
 13.6935       38
 13.72572      38
 13.75794      38
 13.79016      38
 13.82238      39
 13.8546       39
 13.88682      39
 13.91904      40
 13.95126      40
 13.95126      40
 13.98348      41
 14.0157       41
 14.04792      42
 14.08014      42
 14.11236      43
 14.14458      44
 14.1768       44
 14.1768       45
 14.20902      45
 14.24124      46
 14.27346      45
 14.30568      45
 14.3379       46
 14.37012      47
 14.40234      48
 14.40234      49
 14.43456      50
 14.46678      51
 14.499        51
 14.53122      52
 14.56344      53
 14.59566      54
 14.59566      55
 14.62788      56
 14.6601       57
 14.69232      59
 14.72454      59
 14.75676      60
 14.78898      61
 14.78898      62
 14.8212       63
 14.85342      64
 14.88564      65
 14.91786      66
 14.95008      67
 14.9823       68
 15.01452      70
 15.01452      71
 15.04674      72
 15.07896      73
 15.11118      74
 15.1434       75
 15.17562      77
 15.20784      78
 15.24006      79
 15.24006      80
 15.27228      81
 15.3045       83
 15.33672      84
 15.36894      85
 15.40116      87
 15.43338      88
 15.4656       89
 15.4656       91
 15.49782      92
 15.53004      93
 15.56226      95
 15.59448      96
 15.6267       98
 15.6267       100
 15.65892      102
 15.69114      103
 15.72336      105
 15.75558      106
 15.7878       108
 15.82002      109
 15.85224      111
 15.85224      112
 15.88446      114
 15.91668      115
 15.9489       117
 15.98112      118
 16.01334      120
 16.04556      122
 16.07778      123
 16.07778      124
 16.11         126
 16.14222      127
 16.17444      129
 16.20666      131
 16.2711       132
 16.2711       133
 16.30332      135
 16.33554      136
 16.36776      137
 16.39998      138
 16.4322       139
 16.46442      140
 16.46442      141
 16.49664      141
 16.52886      142
 16.56108      143
 16.5933       143
 16.62552      143
 16.65774      143
 16.65774      143
 16.68996      143
 16.72218      143
 16.7544       143
 16.78662      142
 16.81884      141
 16.85106      141
 16.85106      140
 16.88328      139
 16.9155       139
 16.94772      138
 16.97994      137
 17.01216      136
 17.04438      135
 17.04438      133
 17.0766       132
 17.10882      131
 17.14104      130
 17.17326      129
 17.20548      127
 17.2377       126
 17.2377       124
 17.26992      122
 17.30214      121
 17.33436      119
 17.36658      118
 17.3988       116
 17.43102      114
 17.43102      112
 17.46324      111
 17.49546      109
 17.52768      107
 17.5599       105
 17.59212      103
 17.59212      102
 17.62434      100
 17.65656      98
 17.68878      96
 17.721        95
 17.75322      93
 17.78544      92
 17.78544      91
 17.81766      89
 17.84988      88
 17.8821       87
 17.91432      85
 17.94654      84
 17.97876      83
 17.97876      82
 18.01098      81
 18.0432       80
 18.07542      79
 18.10764      78
 18.13986      77
 18.17208      76
 18.17208      75
 18.2043       74
 18.23652      74
 18.26874      73
 18.30096      72
 18.33318      72
 18.33318      71
 18.3654       71
 18.39762      70
 18.42984      70
 18.46206      70
 18.49428      69
 18.5265       69
 18.5265       69
 18.55872      69
 18.59094      68
 18.62316      68
 18.65538      68
 18.6876       68
 18.6876       68
 18.71982      68
 18.75204      68
 18.78426      68
 18.81648      68
 18.8487       68
 18.8487       69
 18.88092      68
 18.91314      69
 18.94536      69
 18.97758      69
 19.0098       70
 19.04202      70
 19.04202      70
 19.07424      71
 19.10646      71
 19.13868      72
 19.1709       72
 19.20312      73
 19.20312      73
 19.23534      74
 19.26756      74
 19.29978      75
 19.332        76
 19.36422      76
 19.39644      77
 19.39644      78
 19.42866      79
 19.46088      79
 19.52532      80
 19.55754      81
 19.55754      82
 19.58976      83
 19.62198      84
 19.6542       85
 19.68642      86
 19.71864      87
 19.75086      88
 19.75086      88
 19.78308      90
 19.8153       91
 19.84752      92
 19.87974      93
 19.91196      94
 19.91196      95
 19.94418      96
 19.9764       97
 20.00862      98
 20.04084      100
 20.07306      102
 20.07306      103
 20.10528      104
 20.1375       105
 20.16972      107
 20.20194      108
 20.23416      109
 20.26638      111
 20.26638      112
 20.2986       113
 20.33082      115
 20.36304      116
 20.39526      117
 20.42748      119
 20.42748      120
 20.4597       122
 20.49192      123
 20.52414      125
 20.55636      126
 20.58858      128
 20.58858      129
 20.6208       131
 20.65302      132
 20.68524      134
 20.71746      136
 20.71746      137
 20.74968      139
 20.7819       141
 20.81412      142
 20.84634      144
 20.87856      145
 20.87856      147
 20.91078      149
 20.943        150
 20.97522      152
 21.00744      154
 21.03966      155
 21.03966      157
 21.07188      158
 21.1041       160
 21.13632      161
 21.16854      163
 21.20076      164
 21.20076      165
 21.23298      167
 21.2652       168
 21.29742      169
 21.32964      170
 21.36186      171
 21.36186      172
 21.39408      173
 21.4263       174
 21.45852      175
 21.49074      175
 21.52296      176
 21.52296      177
 21.55518      177
 21.5874       177
 21.61962      177
 21.65184      177
 21.68406      178
 21.68406      177
 21.71628      178
 21.7485       178
 21.78072      178
 21.81294      178
 21.84516      177
 21.84516      177
 21.87738      177
 21.9096       176
 21.94182      176
 21.97404      175
 21.97404      175
 22.00626      174
 22.03848      173
 22.0707       172
 22.10292      171
 22.13514      170
 22.13514      169
 22.16736      168
 22.19958      167
 22.2318       165
 22.26402      164
 22.29624      163
 22.29624      161
 22.32846      160
 22.36068      158
 22.3929       157
 22.42512      155
 22.42512      154
 22.45734      152
 22.48956      151
 22.52178      149
 22.554        148
 22.58622      146
 22.58622      145
 22.61844      144
 22.65066      142
 22.68288      141
 22.7151       140
 22.74732      138
 22.77954      137
 22.81176      136
 22.84398      134
 22.8762       133
 22.8762       132
 22.90842      130
 22.94064      129
 22.97286      128
 23.00508      127
 23.0373       126
 23.0373       125
 23.06952      124
 23.10174      123
 23.13396      122
 23.16618      121
 23.16618      120
 23.1984       119
 23.23062      118
 23.26284      118
 23.29506      117
 23.32728      116
 23.32728      116
 23.3595       115
 23.39172      115
 23.42394      114
 23.45616      113
 23.45616      113
 23.48838      112
 23.5206       112
 23.55282      112
 23.58504      111
 23.58504      111
 23.61726      110
 23.64948      110
 23.6817       110
 23.71392      109
 23.71392      109
 23.74614      109
 23.77836      109
 23.81058      108
 23.8428       109
 23.87502      108
 23.87502      108
 23.90724      109
 23.93946      108
 23.97168      108
 24.0039       109
 24.0039       108
 24.03612      109
 24.06834      109
 24.10056      109
 24.13278      109
 24.13278      109
 24.165        109
 24.19722      110
 24.22944      110
 24.26166      110
 24.29388      110
 24.29388      110
 24.3261       111
 24.35832      111
 24.39054      112
 24.42276      112
 24.42276      113
 24.45498      113
 24.4872       114
 24.51942      114
 24.55164      115
 24.55164      115
 24.58386      116
 24.61608      117
 24.6483       118
 24.68052      118
 24.68052      119
 24.71274      120
 24.74496      120
 24.77718      121
 24.8094       122
 24.8094       123
 24.84162      124
 24.87384      125
 24.90606      125
 24.93828      126
 24.93828      127
 24.9705       128
 25.00272      129
 25.03494      130
 25.06716      131
 25.06716      133
 25.09938      134
 25.1316       135
 25.16382      136
 25.19604      137
 25.19604      138
 25.22826      140
 25.26048      141
 25.2927       142
 25.32492      143
 25.32492      144
 25.35714      146
 25.38936      147
 25.42158      148
 25.4538       150
 25.4538       151
 25.48602      152
 25.51824      153
 25.55046      154
 25.58268      155
 25.58268      156
 25.6149       157
 25.64712      159
 25.67934      160
 25.71156      162
 25.71156      163
 25.74378      165
 25.776        166
 25.80822      168
 25.84044      169
 25.84044      171
 25.87266      172
 25.90488      174
 25.9371       175
 25.96932      177
 25.96932      178
 26.03376      180
 26.06598      181
 26.0982       182
 26.0982       184
 26.13042      185
 26.16264      186
 26.19486      188
 26.19486      189
 26.22708      190
 26.2593       191
 26.29152      192
 26.32374      193
 26.32374      195
 26.35596      195
 26.38818      197
 26.4204       198
 26.45262      198
 26.45262      200
 26.48484      200
 26.51706      202
 26.54928      203
 26.5815       203
 26.5815       204
 26.61372      205
 26.64594      205
 26.67816      206
 26.71038      206
 26.71038      207
 26.7426       207
 26.77482      207
 26.80704      207
 26.83926      208
 26.83926      208
 26.87148      208
 26.9037       208
 26.93592      208
 26.93592      208
 26.96814      208
 27.00036      208
 27.03258      208
 27.0648       207
 27.0648       207
 27.09702      207
 27.12924      206
 27.16146      206
 27.19368      205
 27.19368      204
 27.2259       204
 27.25812      203
 27.29034      202
 27.32256      202
 27.32256      200
 27.35478      200
 27.387        199
 27.41922      198
 27.45144      197
 27.45144      197
 27.48366      196
 27.51588      195
 27.5481       194
 27.5481       193
 27.58032      192
 27.61254      190
 27.64476      190
 27.64476      189
 27.67698      188
 27.7092       187
 27.74142      186
 27.77364      185
 27.77364      185
 27.80586      184
 27.83808      183
 27.8703       182
 27.8703       181
 27.90252      179
 27.93474      178
 27.96696      177
 27.99918      177
 27.99918      177
 28.0314       174
 28.06362      171
 28.09584      168
 28.09584      167
 28.12806      166
 28.16028      165
 28.1925       164
 28.22472      164
 28.22472      163
 28.25694      163
 28.28916      163
 28.32138      162
 28.32138      162
 28.3536       162
 28.38582      161
