 0             3
 0             3
 0             3
 0             3
 0             3
 0             2
 0             2
 0             2
 0             2
 0             2
 0             2
 0             2
 3.222e-002    2
 3.222e-002    2
 6.444e-002    2
 9.666e-002    2
 0.12888       2
 0.12888       1
 0.1611        2
 0.19332       2
 0.22554       1
 0.25776       2
 0.28998       1
 0.3222        1
 0.35442       2
 0.35442       1
 0.38664       1
 0.41886       2
 0.45108       1
 0.4833        2
 0.51552       2
 0.54774       2
 0.57996       2
 0.61218       2
 0.61218       2
 0.6444        2
 0.67662       2
 0.70884       2
 0.74106       2
 0.77328       2
 0.8055        2
 0.83772       2
 0.86994       2
 0.90216       2
 0.93438       2
 0.93438       2
 0.99882       2
 0.99882       2
 1.03104       2
 1.06326       2
 1.09548       2
 1.1277        2
 1.15992       2
 1.19214       2
 1.22436       2
 1.25658       2
 1.2888        2
 1.32102       1
 1.35324       1
 1.38546       1
 1.41768       1
 1.4499        1
 1.4499        1
 1.51434       1
 1.51434       1
 1.54656       1
 1.57878       1
 1.611         1
 1.64322       1
 1.67544       1
 1.70766       1
 1.73988       0
 1.7721        1
 1.80432       1
 1.83654       1
 1.86876       1
 1.90098       1
 1.9332        1
 1.96542       2
 1.99764       1
 2.02986       1
 2.02986       1
 2.06208       0
 2.0943        0
 2.12652       0
 2.15874       0
 2.19096       0
 2.22318       0
 2.2554        0
 2.28762       0
 2.31984       0
 2.35206       0
 2.38428       0
 2.4165        0
 2.44872       0
 2.48094       0
 2.51316       0
 2.54538       0
 2.5776        0
 2.60982       0
 2.60982       0
 2.64204       0
 2.67426       0
 2.70648       0
 2.7387        0
 2.77092       0
 2.80314       0
 2.83536       1
 2.86758       1
 2.8998        1
 2.93202       1
 2.96424       1
 2.99646       1
 3.02868       1
 3.0609        2
 3.09312       2
 3.12534       2
 3.15756       2
 3.15756       2
 3.18978       2
 3.25422       3
 3.28644       3
 3.31866       3
 3.35088       3
 3.3831        3
 3.41532       3
 3.44754       3
 3.47976       3
 3.51198       3
 3.5442        4
 3.57642       3
 3.60864       4
 3.64086       4
 3.64086       3
 3.67308       4
 3.7053        4
 3.73752       3
 3.76974       4
 3.80196       4
 3.83418       4
 3.8664        4
 3.89862       4
 3.93084       4
 3.96306       5
 3.99528       4
 4.0275        5
 4.05972       5
 4.09194       5
 4.12416       5
 4.15638       6
 4.15638       5
 4.1886        6
 4.22082       5
 4.25304       6
 4.28526       6
 4.31748       6
 4.3497        6
 4.38192       7
 4.41414       7
 4.44636       7
 4.47858       8
 4.5108        8
 4.54302       8
 4.57524       9
 4.60746       9
 4.63968       9
 4.63968       9
 4.6719        10
 4.70412       10
 4.73634       11
 4.76856       11
 4.80078       11
 4.833         11
 4.86522       12
 4.89744       12
 4.92966       12
 4.96188       13
 4.9941        13
 5.02632       13
 5.05854       14
 5.05854       14
 5.09076       14
 5.12298       15
 5.1552        15
 5.18742       15
 5.21964       16
 5.25186       16
 5.28408       17
 5.3163        18
 5.34852       18
 5.38074       18
 5.41296       19
 5.44518       19
 5.4774        20
 5.4774        20
 5.50962       21
 5.54184       21
 5.57406       22
 5.60628       22
 5.6385        23
 5.67072       24
 5.70294       24
 5.73516       25
 5.76738       25
 5.7996        26
 5.83182       27
 5.86404       27
 5.89626       28
 5.92848       29
 5.92848       29
 5.9607        30
 5.99292       31
 6.02514       31
 6.05736       32
 6.08958       33
 6.1218        34
 6.15402       35
 6.18624       35
 6.21846       36
 6.25068       37
 6.2829        38
 6.31512       39
 6.34734       40
 6.34734       41
 6.37956       42
 6.41178       43
 6.444         43
 6.50844       44
 6.54066       45
 6.57288       46
 6.6051        47
 6.63732       47
 6.66954       48
 6.70176       49
 6.70176       50
 6.73398       50
 6.7662        51
 6.79842       51
 6.83064       52
 6.86286       52
 6.89508       52
 6.9273        52
 6.95952       53
 6.99174       53
 7.02396       53
 7.05618       53
 7.05618       52
 7.0884        52
 7.12062       52
 7.15284       51
 7.18506       51
 7.21728       50
 7.2495        50
 7.28172       49
 7.31394       48
 7.34616       48
 7.37838       47
 7.4106        46
 7.44282       46
 7.44282       45
 7.47504       44
 7.50726       44
 7.53948       43
 7.5717        42
 7.60392       42
 7.63614       40
 7.66836       40
 7.70058       39
 7.7328        38
 7.76502       37
 7.79724       37
 7.79724       36
 7.82946       35
 7.86168       35
 7.8939        34
 7.92612       33
 7.95834       33
 7.99056       32
 8.02278       32
 8.055         31
 8.08722       30
 8.11944       30
 8.11944       30
 8.15166       29
 8.18388       29
 8.2161        28
 8.24832       28
 8.28054       28
 8.31276       27
 8.34498       26
 8.3772        26
 8.40942       26
 8.44164       26
 8.44164       26
 8.47386       26
 8.50608       26
 8.5383        26
 8.57052       26
 8.60274       27
 8.63496       27
 8.66718       27
 8.6994        27
 8.73162       27
 8.76384       27
 8.79606       27
 8.79606       27
 8.82828       28
 8.8605        28
 8.89272       28
 8.92494       29
 8.95716       29
 8.98938       30
 9.0216        30
 9.05382       31
 9.08604       31
 9.08604       32
 9.11826       32
 9.15048       33
 9.1827        33
 9.21492       33
 9.24714       34
 9.27936       34
 9.31158       35
 9.3438        35
 9.37602       36
 9.40824       37
 9.40824       38
 9.44046       38
 9.47268       39
 9.5049        40
 9.53712       41
 9.56934       42
 9.60156       43
 9.63378       44
 9.666         45
 9.69822       46
 9.73044       46
 9.76266       47
 9.79488       48
 9.8271        49
 9.85932       50
 9.89154       51
 9.92376       52
 9.95598       53
 9.9882        54
 10.02042      56
 10.02042      57
 10.05264      58
 10.08486      59
 10.11708      60
 10.1493       61
 10.18152      63
 10.21374      65
 10.24596      66
 10.27818      67
 10.3104       69
 10.3104       70
 10.34262      72
 10.37484      73
 10.40706      74
 10.43928      76
 10.4715       77
 10.50372      79
 10.53594      81
 10.56816      82
 10.56816      84
 10.60038      85
 10.6326       87
 10.66482      88
 10.69704      90
 10.72926      92
 10.76148      93
 10.7937       95
 10.82592      97
 10.85814      99
 10.85814      101
 10.89036      103
 10.92258      105
 10.9548       107
 10.98702      109
 11.01924      111
 11.05146      113
 11.08368      115
 11.1159       117
 11.14812      119
 11.14812      121
 11.18034      122
 11.21256      124
 11.24478      126
 11.277        128
 11.30922      130
 11.34144      132
 11.37366      134
 11.40588      136
 11.4381       138
 11.4381       139
 11.47032      141
 11.50254      142
 11.53476      144
 11.56698      146
 11.5992       147
 11.63142      148
 11.66364      149
 11.69586      149
 11.69586      150
 11.72808      150
 11.7603       150
 11.79252      150
 11.82474      150
 11.85696      149
 11.88918      149
 11.9214       147
 11.95362      147
 11.95362      145
 11.98584      143
 12.01806      141
 12.05028      140
 12.0825       137
 12.11472      136
 12.14694      134
 12.17916      132
 12.21138      130
 12.21138      128
 12.2436       125
 12.27582      123
 12.30804      121
 12.34026      119
 12.37248      117
 12.4047       115
 12.43692      112
 12.43692      109
 12.46914      107
 12.50136      104
 12.53358      102
 12.5658       99
 12.59802      97
 12.63024      95
 12.66246      92
 12.69468      96
 12.69468      98
 12.7269       97
 12.75912      96
 12.79134      94
 12.82356      92
 12.85578      90
 12.888        88
 12.92022      85
 12.95244      84
 12.95244      81
 13.01688      79
 13.0491       77
 13.08132      75
 13.11354      73
 13.14576      71
 13.17798      70
 13.17798      68
 13.2102       66
 13.24242      63
 13.27464      62
 13.30686      61
 13.33908      60
 13.3713       59
 13.40352      59
 13.43574      59
 13.43574      59
 13.46796      59
 13.50018      59
 13.5324       59
 13.56462      59
 13.59684      59
 13.62906      60
 13.66128      60
 13.66128      60
 13.6935       60
 13.72572      61
 13.75794      61
 13.79016      62
 13.82238      62
 13.8546       63
 13.88682      63
 13.91904      64
 13.91904      65
 13.95126      65
 13.98348      66
 14.0157       67
 14.04792      67
 14.08014      68
 14.11236      69
 14.11236      70
 14.14458      71
 14.1768       72
 14.20902      73
 14.24124      74
 14.27346      76
 14.30568      76
 14.3379       78
 14.3379       79
 14.37012      81
 14.40234      84
 14.43456      86
 14.46678      87
 14.499        89
 14.53122      90
 14.56344      92
 14.56344      93
 14.59566      94
 14.62788      95
 14.6601       97
 14.69232      98
 14.72454      99
 14.75676      102
 14.78898      103
 14.78898      105
 14.8212       106
 14.85342      108
 14.88564      110
 14.91786      111
 14.95008      113
 14.9823       117
 14.9823       120
 15.01452      123
 15.04674      125
 15.07896      127
 15.11118      128
 15.1434       130
 15.17562      131
 15.20784      133
 15.20784      135
 15.24006      136
 15.27228      138
 15.3045       140
 15.33672      143
 15.36894      146
 15.40116      149
 15.43338      154
 15.43338      159
 15.4656       162
 15.49782      164
 15.53004      166
 15.56226      168
 15.59448      170
 15.6267       171
 15.6267       173
 15.65892      174
 15.69114      176
 15.72336      178
 15.75558      180
 15.7878       182
 15.82002      184
 15.85224      186
 15.85224      188
 15.88446      190
 15.91668      193
 15.9489       195
 15.98112      197
 16.01334      200
 16.04556      203
 16.04556      205
 16.07778      208
 16.11         210
 16.14222      212
 16.17444      215
 16.20666      217
 16.2711       220
 16.2711       222
 16.30332      224
 16.33554      226
 16.36776      228
 16.39998      230
 16.4322       232
 16.46442      234
 16.46442      235
 16.49664      237
 16.52886      238
 16.56108      239
 16.5933       242
 16.62552      244
 16.65774      245
 16.65774      246
 16.68996      246
 16.72218      246
 16.7544       245
 16.78662      244
 16.81884      243
 16.81884      242
 16.85106      241
 16.88328      239
 16.9155       238
 16.94772      236
 16.97994      234
 17.01216      232
 17.04438      230
 17.04438      228
 17.0766       225
 17.10882      223
 17.14104      221
 17.17326      218
 17.20548      216
 17.2377       215
 17.2377       211
 17.26992      207
 17.30214      204
 17.33436      200
 17.36658      197
 17.3988       193
 17.43102      190
 17.43102      186
 17.46324      183
 17.49546      179
 17.52768      176
 17.5599       173
 17.59212      169
 17.62434      166
 17.65656      163
 17.65656      160
 17.68878      157
 17.721        154
 17.75322      151
 17.78544      149
 17.81766      146
 17.81766      143
 17.84988      141
 17.8821       138
 17.91432      136
 17.94654      134
 17.97876      132
 18.01098      130
 18.01098      128
 18.0432       126
 18.07542      124
 18.10764      123
 18.13986      121
 18.17208      120
 18.2043       118
 18.2043       116
 18.23652      115
 18.26874      114
 18.30096      113
 18.33318      112
 18.3654       111
 18.3654       110
 18.39762      109
 18.42984      109
 18.46206      108
 18.49428      108
 18.5265       107
 18.55872      107
 18.55872      107
 18.59094      106
 18.62316      106
 18.65538      106
 18.6876       106
 18.71982      106
 18.71982      106
 18.75204      106
 18.78426      107
 18.81648      107
 18.8487       107
 18.88092      108
 18.91314      108
 18.91314      108
 18.94536      109
 18.97758      109
 19.0098       110
 19.04202      111
 19.07424      112
 19.10646      113
 19.10646      113
 19.13868      114
 19.1709       115
 19.20312      116
 19.23534      117
 19.26756      119
 19.26756      119
 19.29978      121
 19.332        122
 19.36422      123
 19.39644      124
 19.42866      126
 19.42866      127
 19.46088      128
 19.52532      130
 19.55754      131
 19.58976      133
 19.62198      134
 19.62198      136
 19.6542       138
 19.68642      139
 19.71864      141
 19.75086      143
 19.78308      144
 19.78308      146
 19.8153       148
 19.84752      150
 19.87974      152
 19.91196      154
 19.94418      156
 19.94418      158
 19.9764       159
 20.00862      162
 20.04084      164
 20.07306      166
 20.10528      168
 20.1375       170
 20.1375       172
 20.16972      175
 20.20194      177
 20.23416      179
 20.26638      181
 20.2986       184
 20.2986       186
 20.33082      189
 20.36304      191
 20.39526      193
 20.42748      196
 20.4597       198
 20.4597       201
 20.49192      204
 20.52414      207
 20.55636      210
 20.58858      212
 20.6208       215
 20.6208       218
 20.65302      220
 20.68524      223
 20.71746      225
 20.74968      228
 20.7819       230
 20.7819       235
 20.81412      237
 20.84634      239
 20.87856      242
 20.91078      244
 20.943        247
 20.943        250
 20.97522      252
 21.00744      255
 21.03966      257
 21.07188      260
 21.1041       263
 21.1041       265
 21.13632      267
 21.16854      270
 21.20076      272
 21.23298      274
 21.23298      277
 21.2652       279
 21.29742      281
 21.32964      283
 21.36186      285
 21.39408      287
 21.39408      288
 21.4263       290
 21.45852      291
 21.49074      292
 21.52296      293
 21.55518      295
 21.55518      296
 21.5874       296
 21.61962      297
 21.65184      297
 21.68406      298
 21.71628      298
 21.71628      298
 21.7485       298
 21.78072      306
 21.81294      316
 21.84516      318
 21.84516      316
 21.87738      311
 21.9096       306
 21.94182      300
 21.97404      294
 22.00626      289
 22.00626      284
 22.03848      280
 22.0707       276
 22.10292      272
 22.13514      268
 22.16736      265
 22.16736      261
 22.19958      258
 22.2318       256
 22.26402      253
 22.29624      250
 22.32846      247
 22.32846      244
 22.36068      242
 22.3929       239
 22.42512      236
 22.45734      234
 22.45734      231
 22.48956      228
 22.52178      226
 22.554        223
 22.58622      221
 22.61844      219
 22.61844      216
 22.65066      214
 22.68288      211
 22.7151       209
 22.77954      207
 22.77954      205
 22.81176      200
 22.84398      197
 22.8762       195
 22.90842      192
 22.90842      190
 22.94064      188
 22.97286      186
 23.00508      184
 23.0373       182
 23.0373       180
 23.06952      179
 23.10174      177
 23.13396      176
 23.16618      174
 23.16618      173
 23.1984       172
 23.23062      170
 23.26284      169
 23.29506      168
 23.32728      167
 23.32728      166
 23.3595       165
 23.39172      164
 23.42394      163
 23.45616      163
 23.45616      162
 23.48838      161
 23.5206       160
 23.55282      160
 23.58504      159
 23.58504      159
 23.61726      158
 23.64948      158
 23.6817       157
 23.71392      157
 23.74614      157
 23.74614      157
 23.77836      156
 23.81058      157
 23.8428       156
 23.87502      156
 23.87502      157
 23.90724      156
 23.93946      157
 23.97168      157
 24.0039       157
 24.0039       157
 24.03612      158
 24.06834      158
 24.10056      158
 24.13278      159
 24.165        159
 24.165        160
 24.19722      160
 24.22944      160
 24.26166      161
 24.29388      161
 24.29388      162
 24.3261       163
 24.35832      163
 24.39054      164
 24.42276      165
 24.42276      166
 24.45498      167
 24.4872       168
 24.51942      169
 24.55164      170
 24.55164      171
 24.58386      172
 24.61608      175
 24.6483       177
 24.68052      176
 24.68052      177
 24.71274      172
 24.74496      169
 24.77718      168
 24.8094       169
 24.84162      170
 24.84162      173
 24.87384      175
 24.90606      178
 24.93828      180
 24.93828      183
 24.9705       185
 25.00272      188
 25.03494      190
 25.06716      193
 25.06716      195
 25.09938      198
 25.1316       200
 25.16382      203
 25.19604      205
 25.19604      208
 25.22826      210
 25.26048      213
 25.2927       215
 25.32492      217
 25.35714      219
 25.35714      221
 25.38936      224
 25.42158      226
 25.4538       228
 25.4538       231
 25.48602      233
 25.51824      235
 25.55046      238
 25.58268      241
 25.6149       243
 25.6149       246
 25.64712      248
 25.67934      251
 25.71156      253
 25.71156      255
 25.74378      258
 25.776        260
 25.80822      262
 25.84044      264
 25.84044      266
 25.87266      268
 25.90488      270
 25.9371       272
 25.96932      273
 26.00154      275
 26.03376      277
 26.06598      279
 26.0982       282
 26.0982       284
 26.13042      286
 26.16264      289
 26.19486      291
 26.22708      293
 26.22708      295
 26.2593       297
 26.29152      299
 26.32374      301
 26.32374      303
 26.35596      305
 26.38818      307
 26.4204       308
 26.45262      310
 26.45262      312
 26.48484      313
 26.51706      314
 26.54928      315
 26.5815       317
 26.5815       319
 26.61372      321
 26.64594      324
 26.67816      325
 26.71038      326
 26.71038      327
 26.7426       327
 26.77482      327
 26.80704      327
 26.83926      327
 26.83926      327
 26.87148      327
 26.9037       327
 26.93592      327
 26.93592      326
 26.96814      326
 27.00036      325
 27.03258      324
 27.0648       324
 27.0648       323
 27.09702      322
 27.12924      321
 27.16146      321
 27.19368      319
 27.19368      318
 27.2259       317
 27.25812      316
 27.29034      315
 27.29034      313
 27.32256      312
 27.35478      311
 27.387        309
 27.41922      309
 27.41922      311
 27.45144      311
 27.48366      310
 27.51588      310
 27.51588      309
 27.5481       307
 27.58032      305
 27.61254      303
 27.64476      300
 27.64476      298
 27.67698      295
 27.7092       293
 27.74142      291
 27.74142      289
 27.77364      287
 27.80586      284
 27.83808      282
 27.8703       280
 27.8703       278
 27.90252      276
 27.93474      275
 27.96696      273
 27.96696      271
 27.99918      270
 28.0314       268
 28.06362      267
 28.09584      265
 28.09584      264
 28.12806      262
 28.16028      261
 28.1925       260
 28.1925       259
 28.22472      257
 28.25694      256
 28.28916      255
 28.28916      254
 28.32138      253
 28.3536       252
 28.38582      251
 28.38582      250
 28.41804      249
 28.45026      248
 28.48248      247
