 0             0
 0             0
 0             0
 0             0
 0             0
 0             0
 0             0
 0             0
 0             0
 0             0
 0             0
 0             0
 0             0
 3.222e-002    0
 6.444e-002    0
 9.666e-002    0
 9.666e-002    0
 0.12888       0
 0.1611        0
 0.19332       0
 0.19332       0
 0.22554       0
 0.25776       0
 0.28998       0
 0.3222        0
 0.35442       0
 0.38664       0
 0.41886       0
 0.41886       0
 0.45108       0
 0.4833        0
 0.51552       0
 0.54774       0
 0.57996       0
 0.61218       0
 0.6444        0
 0.67662       0
 0.67662       0
 0.70884       0
 0.74106       0
 0.77328       0
 0.8055        0
 0.83772       0
 0.86994       0
 0.90216       0
 0.93438       0
 0.9666        0
 0.99882       0
 0.99882       0
 1.03104       0
 1.06326       0
 1.09548       0
 1.1277        0
 1.15992       0
 1.19214       0
 1.22436       0
 1.25658       0
 1.2888        0
 1.32102       0
 1.35324       0
 1.38546       0
 1.38546       0
 1.41768       0
 1.4499        0
 1.48212       0
 1.51434       0
 1.54656       0
 1.57878       0
 1.611         0
 1.64322       0
 1.67544       0
 1.70766       0
 1.73988       0
 1.7721        0
 1.80432       0
 1.83654       1
 1.83654       1
 1.90098       1
 1.90098       1
 1.9332        1
 1.96542       1
 1.99764       1
 2.02986       1
 2.06208       1
 2.0943        2
 2.12652       1
 2.15874       2
 2.19096       2
 2.22318       2
 2.2554        2
 2.28762       2
 2.31984       2
 2.35206       3
 2.35206       3
 2.38428       3
 2.4165        3
 2.44872       3
 2.48094       3
 2.51316       3
 2.54538       3
 2.5776        3
 2.60982       4
 2.64204       4
 2.67426       4
 2.70648       4
 2.7387        4
 2.77092       4
 2.80314       5
 2.83536       5
 2.86758       5
 2.86758       5
 2.8998        5
 2.93202       5
 2.96424       5
 2.99646       6
 3.02868       6
 3.0609        6
 3.09312       6
 3.12534       6
 3.15756       6
 3.18978       6
 3.25422       7
 3.28644       6
 3.31866       7
 3.31866       7
 3.35088       7
 3.3831        7
 3.41532       7
 3.44754       8
 3.47976       8
 3.51198       8
 3.5442        8
 3.57642       8
 3.60864       8
 3.64086       9
 3.67308       9
 3.7053        9
 3.73752       8
 3.76974       8
 3.80196       8
 3.80196       7
 3.83418       6
 3.8664        5
 3.89862       4
 3.93084       3
 3.96306       2
 3.99528       1
 4.0275        0
 4.05972       0
 4.09194       0
 4.12416       0
 4.15638       0
 4.1886        0
 4.22082       0
 4.25304       0
 4.25304       0
 4.28526       0
 4.31748       0
 4.3497        0
 4.38192       0
 4.41414       0
 4.44636       0
 4.47858       0
 4.5108        0
 4.54302       0
 4.57524       0
 4.60746       0
 4.63968       0
 4.6719        1
 4.6719        1
 4.70412       2
 4.73634       3
 4.76856       3
 4.80078       3
 4.833         4
 4.86522       5
 4.89744       5
 4.92966       6
 4.96188       7
 4.9941        7
 5.02632       8
 5.05854       9
 5.09076       9
 5.09076       10
 5.12298       11
 5.1552        11
 5.18742       12
 5.21964       13
 5.25186       14
 5.28408       14
 5.3163        15
 5.34852       16
 5.38074       17
 5.41296       17
 5.44518       18
 5.4774        19
 5.50962       20
 5.50962       20
 5.54184       18
 5.57406       18
 5.60628       18
 5.6385        18
 5.67072       19
 5.70294       19
 5.73516       19
 5.76738       20
 5.7996        21
 5.83182       21
 5.86404       23
 5.89626       23
 5.92848       24
 5.92848       25
 5.9607        26
 5.99292       27
 6.02514       29
 6.05736       30
 6.08958       31
 6.1218        32
 6.15402       33
 6.18624       35
 6.21846       36
 6.25068       37
 6.2829        39
 6.2829        40
 6.31512       41
 6.34734       43
 6.37956       44
 6.41178       45
 6.444         47
 6.50844       48
 6.54066       49
 6.57288       51
 6.6051        52
 6.63732       53
 6.63732       54
 6.66954       55
 6.70176       57
 6.73398       58
 6.7662        59
 6.79842       61
 6.83064       62
 6.86286       63
 6.89508       64
 6.9273        65
 6.95952       66
 6.99174       67
 7.02396       68
 7.02396       69
 7.05618       70
 7.0884        71
 7.12062       72
 7.15284       72
 7.18506       71
 7.21728       71
 7.2495        71
 7.28172       71
 7.31394       71
 7.34616       71
 7.37838       71
 7.37838       71
 7.4106        71
 7.44282       71
 7.47504       71
 7.50726       71
 7.53948       71
 7.5717        71
 7.60392       70
 7.63614       70
 7.66836       70
 7.70058       70
 7.7328        69
 7.7328        69
 7.76502       69
 7.79724       69
 7.82946       68
 7.86168       68
 7.8939        67
 7.92612       67
 7.95834       66
 7.99056       66
 8.02278       69
 8.055         73
 8.055         77
 8.08722       79
 8.11944       81
 8.15166       83
 8.18388       83
 8.2161        85
 8.24832       85
 8.28054       85
 8.31276       86
 8.34498       86
 8.3772        85
 8.3772        85
 8.40942       85
 8.44164       84
 8.47386       84
 8.50608       83
 8.5383        82
 8.57052       82
 8.60274       81
 8.63496       80
 8.66718       80
 8.6994        79
 8.6994        78
 8.73162       78
 8.76384       77
 8.79606       77
 8.82828       76
 8.8605        75
 8.89272       75
 8.92494       75
 8.95716       74
 8.98938       74
 9.0216        74
 9.0216        73
 9.05382       73
 9.08604       73
 9.11826       73
 9.15048       73
 9.1827        73
 9.21492       73
 9.24714       73
 9.27936       73
 9.31158       73
 9.3438        73
 9.3438        73
 9.37602       74
 9.40824       74
 9.44046       74
 9.47268       74
 9.5049        75
 9.53712       75
 9.56934       75
 9.60156       76
 9.63378       77
 9.63378       77
 9.666         78
 9.69822       78
 9.76266       79
 9.79488       80
 9.8271        80
 9.85932       81
 9.89154       82
 9.92376       83
 9.95598       83
 9.95598       85
 9.9882        85
 10.02042      86
 10.05264      88
 10.08486      89
 10.11708      90
 10.1493       91
 10.18152      92
 10.21374      93
 10.24596      95
 10.24596      96
 10.27818      97
 10.3104       99
 10.34262      100
 10.37484      102
 10.40706      103
 10.43928      105
 10.4715       106
 10.50372      108
 10.53594      109
 10.53594      111
 10.56816      113
 10.60038      114
 10.6326       116
 10.66482      118
 10.69704      120
 10.72926      122
 10.76148      123
 10.7937       125
 10.7937       127
 10.82592      129
 10.85814      131
 10.89036      133
 10.92258      135
 10.9548       137
 10.98702      139
 11.01924      142
 11.05146      144
 11.08368      146
 11.08368      148
 11.1159       150
 11.14812      152
 11.18034      155
 11.21256      157
 11.24478      159
 11.277        162
 11.30922      164
 11.34144      166
 11.34144      169
 11.37366      171
 11.40588      174
 11.4381       176
 11.47032      178
 11.50254      181
 11.53476      183
 11.56698      186
 11.5992       188
 11.5992       190
 11.63142      192
 11.66364      194
 11.69586      197
 11.72808      198
 11.7603       200
 11.79252      203
 11.82474      204
 11.85696      206
 11.85696      207
 11.88918      208
 11.9214       210
 11.95362      210
 11.98584      211
 12.01806      212
 12.05028      212
 12.0825       213
 12.11472      213
 12.11472      213
 12.14694      213
 12.17916      213
 12.21138      213
 12.2436       212
 12.27582      212
 12.30804      211
 12.34026      210
 12.37248      209
 12.37248      208
 12.4047       207
 12.43692      206
 12.46914      204
 12.50136      203
 12.53358      201
 12.5658       199
 12.59802      197
 12.63024      195
 12.63024      193
 12.66246      191
 12.69468      189
 12.7269       187
 12.75912      185
 12.79134      183
 12.82356      181
 12.85578      179
 12.888        177
 12.888        175
 12.92022      173
 12.95244      171
 13.01688      169
 13.0491       167
 13.08132      165
 13.11354      164
 13.14576      161
 13.14576      160
 13.17798      158
 13.2102       156
 13.24242      155
 13.27464      153
 13.30686      151
 13.33908      150
 13.3713       148
 13.40352      147
 13.40352      146
 13.43574      144
 13.46796      143
 13.50018      142
 13.5324       140
 13.56462      139
 13.59684      138
 13.59684      137
 13.62906      136
 13.66128      135
 13.6935       134
 13.72572      134
 13.75794      133
 13.79016      132
 13.82238      132
 13.82238      131
 13.8546       131
 13.88682      131
 13.91904      130
 13.95126      130
 13.98348      130
 14.0157       130
 14.04792      130
 14.08014      130
 14.08014      130
 14.11236      131
 14.14458      131
 14.1768       131
 14.20902      132
 14.24124      132
 14.27346      132
 14.30568      133
 14.30568      133
 14.3379       134
 14.37012      135
 14.40234      135
 14.43456      137
 14.46678      139
 14.499        140
 14.53122      142
 14.53122      143
 14.56344      144
 14.59566      146
 14.62788      147
 14.6601       149
 14.69232      150
 14.72454      152
 14.72454      153
 14.75676      155
 14.78898      156
 14.8212       157
 14.85342      159
 14.88564      160
 14.91786      162
 14.95008      164
 14.95008      165
 14.9823       167
 15.01452      169
 15.04674      171
 15.07896      173
 15.11118      175
 15.1434       176
 15.17562      179
 15.17562      180
 15.20784      183
 15.24006      185
 15.27228      187
 15.3045       189
 15.33672      192
 15.36894      194
 15.36894      197
 15.40116      199
 15.43338      202
 15.4656       205
 15.49782      208
 15.53004      211
 15.56226      212
 15.59448      211
 15.59448      211
 15.6267       212
 15.65892      212
 15.69114      214
 15.72336      215
 15.75558      217
 15.7878       218
 15.82002      221
 15.82002      223
 15.85224      225
 15.88446      228
 15.91668      230
 15.9489       233
 15.98112      236
 16.01334      239
 16.01334      242
 16.04556      245
 16.07778      248
 16.11         252
 16.14222      255
 16.17444      258
 16.20666      261
 16.23888      265
 16.2711       268
 16.30332      271
 16.33554      274
 16.36776      278
 16.39998      281
 16.4322       284
 16.4322       288
 16.46442      291
 16.49664      294
 16.52886      297
 16.56108      300
 16.5933       303
 16.62552      306
 16.62552      309
 16.65774      311
 16.68996      314
 16.72218      316
 16.7544       318
 16.78662      320
 16.81884      322
 16.81884      324
 16.85106      325
 16.88328      327
 16.9155       328
 16.94772      329
 16.97994      330
 17.01216      331
 17.04438      331
 17.04438      332
 17.0766       332
 17.10882      332
 17.14104      332
 17.17326      332
 17.20548      332
 17.20548      331
 17.2377       331
 17.26992      330
 17.30214      329
 17.33436      328
 17.36658      327
 17.3988       326
 17.3988       324
 17.43102      322
 17.46324      321
 17.49546      318
 17.52768      315
 17.5599       311
 17.59212      308
 17.62434      305
 17.62434      301
 17.65656      299
 17.68878      296
 17.721        293
 17.75322      290
 17.78544      287
 17.81766      284
 17.81766      282
 17.84988      279
 17.8821       276
 17.91432      273
 17.94654      270
 17.97876      268
 18.01098      265
 18.01098      262
 18.0432       259
 18.07542      257
 18.10764      254
 18.13986      251
 18.17208      249
 18.2043       246
 18.2043       244
 18.23652      241
 18.26874      239
 18.30096      237
 18.33318      234
 18.3654       232
 18.3654       230
 18.39762      228
 18.42984      226
 18.46206      224
 18.49428      222
 18.5265       220
 18.55872      218
 18.55872      217
 18.59094      215
 18.62316      214
 18.65538      212
 18.6876       211
 18.71982      210
 18.71982      209
 18.75204      208
 18.78426      206
 18.81648      205
 18.8487       205
 18.88092      203
 18.91314      203
 18.91314      202
 18.94536      201
 18.97758      200
 19.0098       200
 19.04202      199
 19.07424      199
 19.10646      199
 19.10646      199
 19.13868      199
 19.1709       198
 19.20312      199
 19.23534      199
 19.26756      199
 19.26756      200
 19.29978      200
 19.332        200
 19.36422      201
 19.39644      202
 19.42866      202
 19.46088      203
 19.46088      204
 19.52532      205
 19.55754      206
 19.58976      207
 19.62198      208
 19.6542       209
 19.6542       210
 19.68642      211
 19.71864      213
 19.75086      214
 19.78308      215
 19.78308      217
 19.8153       218
 19.84752      220
 19.87974      221
 19.91196      223
 19.94418      225
 19.9764       226
 19.9764       228
 20.00862      230
 20.04084      232
 20.07306      235
 20.10528      237
 20.1375       239
 20.16972      241
 20.16972      243
 20.20194      245
 20.23416      248
 20.26638      250
 20.2986       253
 20.2986       255
 20.33082      257
 20.36304      260
 20.39526      263
 20.42748      265
 20.4597       268
 20.4597       270
 20.49192      273
 20.52414      276
 20.55636      278
 20.58858      280
 20.6208       283
 20.65302      285
 20.65302      288
 20.68524      291
 20.71746      293
 20.74968      296
 20.7819       299
 20.7819       303
 20.81412      306
 20.84634      309
 20.87856      312
 20.91078      316
 20.943        319
 20.943        322
 20.97522      325
 21.00744      329
 21.03966      332
 21.07188      336
 21.1041       339
 21.1041       342
 21.13632      346
 21.16854      348
 21.20076      346
 21.23298      345
 21.2652       344
 21.29742      343
 21.29742      344
 21.32964      344
 21.36186      345
 21.39408      346
 21.4263       347
 21.45852      349
 21.45852      351
 21.49074      353
 21.52296      355
 21.55518      357
 21.5874       359
 21.5874       362
 21.61962      364
 21.65184      366
 21.68406      368
 21.71628      370
 21.7485       372
 21.7485       375
 21.78072      376
 21.81294      378
 21.84516      380
 21.87738      382
 21.9096       383
 21.9096       385
 21.94182      386
 21.97404      388
 22.00626      389
 22.03848      390
 22.0707       391
 22.0707       391
 22.10292      392
 22.13514      393
 22.16736      393
 22.19958      393
 22.2318       393
 22.2318       393
 22.26402      393
 22.29624      393
 22.32846      392
 22.36068      391
 22.36068      390
 22.3929       389
 22.42512      388
 22.45734      387
 22.48956      386
 22.52178      385
 22.52178      383
 22.554        382
 22.58622      381
 22.61844      379
 22.65066      378
 22.65066      376
 22.68288      374
 22.7151       373
 22.77954      371
 22.81176      368
 22.81176      366
 22.84398      364
 22.8762       362
 22.90842      360
 22.94064      357
 22.94064      355
 22.97286      352
 23.00508      350
 23.0373       347
 23.06952      345
 23.10174      342
 23.10174      340
 23.13396      338
 23.16618      335
 23.1984       333
 23.23062      330
 23.26284      328
 23.26284      325
 23.29506      323
 23.32728      321
 23.3595       319
 23.39172      316
 23.39172      314
 23.42394      312
 23.45616      310
 23.48838      308
 23.5206       306
 23.55282      304
 23.55282      301
 23.58504      299
 23.61726      297
 23.64948      296
 23.6817       294
 23.6817       292
 23.71392      291
 23.74614      289
 23.77836      288
 23.81058      287
 23.81058      285
 23.8428       284
 23.87502      283
 23.90724      282
 23.93946      281
 23.97168      280
 23.97168      279
 24.0039       278
 24.03612      277
 24.06834      276
 24.10056      276
 24.10056      275
 24.13278      275
 24.165        275
 24.19722      274
 24.22944      274
 24.22944      274
 24.26166      273
 24.29388      273
 24.3261       273
 24.35832      273
 24.35832      273
 24.39054      273
 24.42276      273
 24.45498      274
 24.4872       274
 24.51942      274
 24.51942      275
 24.55164      275
 24.58386      275
 24.61608      276
 24.6483       277
 24.6483       277
 24.68052      278
 24.71274      279
 24.74496      280
 24.77718      281
 24.77718      282
 24.8094       283
 24.84162      284
 24.87384      285
 24.90606      286
 24.90606      287
 24.93828      288
 24.9705       290
 25.00272      291
 25.03494      293
 25.03494      294
 25.06716      296
 25.09938      297
 25.1316       299
 25.16382      301
 25.16382      303
 25.19604      305
 25.22826      307
 25.26048      309
 25.2927       311
 25.2927       313
 25.32492      316
 25.35714      318
 25.38936      320
 25.42158      322
 25.42158      325
 25.4538       327
 25.48602      330
 25.51824      332
 25.55046      334
 25.55046      337
 25.58268      339
 25.6149       342
 25.64712      345
 25.67934      347
 25.67934      350
 25.71156      352
 25.74378      355
 25.776        357
 25.80822      360
 25.80822      363
 25.84044      366
 25.87266      368
 25.90488      371
 25.9371       374
 25.9371       377
 25.96932      379
 26.03376      382
 26.06598      384
 26.06598      386
 26.0982       389
 26.13042      391
 26.16264      394
 26.19486      397
 26.19486      399
 26.22708      402
 26.2593       406
 26.29152      408
 26.32374      411
 26.32374      413
 26.35596      416
 26.38818      419
 26.4204       421
 26.45262      424
 26.45262      426
 26.48484      429
 26.51706      431
 26.54928      434
 26.5815       436
 26.5815       438
 26.61372      441
 26.64594      443
 26.67816      445
 26.71038      448
 26.71038      449
 26.7426       451
 26.77482      453
 26.80704      455
 26.83926      457
 26.83926      459
 26.87148      460
 26.9037       462
 26.93592      463
 26.93592      464
 26.96814      466
 27.00036      467
 27.03258      468
 27.0648       470
 27.0648       470
 27.09702      471
 27.12924      472
 27.16146      473
 27.19368      473
 27.19368      474
 27.2259       474
 27.25812      474
 27.29034      475
 27.29034      474
 27.32256      475
 27.35478      475
 27.387        474
 27.41922      475
 27.41922      474
 27.45144      474
 27.48366      474
 27.51588      473
 27.5481       473
 27.5481       472
 27.58032      471
 27.61254      471
 27.64476      470
 27.64476      469
 27.67698      468
 27.7092       467
 27.74142      465
 27.77364      464
 27.77364      463
 27.80586      462
 27.83808      460
 27.8703       459
 27.8703       457
 27.90252      456
 27.93474      454
 27.96696      453
 27.99918      451
 27.99918      449
 28.0314       448
 28.06362      446
 28.09584      444
 28.09584      443
 28.12806      441
 28.16028      439
 28.1925       438
 28.22472      436
 28.22472      434
 28.25694      433
 28.28916      431
 28.32138      429
 28.32138      427
 28.3536       425
 28.38582      424
 28.41804      422
 28.45026      420
 28.45026      419
