 0             4
 0             4
 0             4
 0             4
 0             4
 0             4
 0             4
 0             4
 0             4
 0             4
 0             4
 0             4
 0             4
 3.222e-002    3
 6.444e-002    4
 6.444e-002    4
 9.666e-002    4
 0.12888       4
 0.1611        4
 0.1611        4
 0.19332       4
 0.22554       4
 0.25776       4
 0.28998       4
 0.3222        4
 0.35442       4
 0.35442       4
 0.38664       4
 0.41886       4
 0.45108       4
 0.4833        4
 0.51552       4
 0.54774       4
 0.57996       4
 0.57996       4
 0.61218       4
 0.6444        4
 0.67662       4
 0.70884       4
 0.74106       4
 0.77328       4
 0.8055        4
 0.83772       4
 0.83772       4
 0.86994       4
 0.90216       4
 0.93438       4
 0.9666        4
 0.99882       4
 1.03104       4
 1.06326       4
 1.09548       4
 1.1277        4
 1.15992       4
 1.15992       4
 1.19214       4
 1.22436       4
 1.25658       4
 1.2888        4
 1.32102       4
 1.35324       4
 1.38546       4
 1.41768       4
 1.4499        4
 1.48212       4
 1.51434       4
 1.54656       4
 1.54656       4
 1.57878       4
 1.611         3
 1.64322       3
 1.67544       3
 1.70766       3
 1.73988       3
 1.7721        3
 1.80432       3
 1.83654       3
 1.86876       4
 1.90098       4
 1.9332        3
 1.96542       4
 1.96542       4
 1.99764       4
 2.02986       4
 2.06208       4
 2.0943        4
 2.12652       4
 2.15874       4
 2.19096       4
 2.22318       4
 2.2554        4
 2.28762       4
 2.31984       4
 2.35206       4
 2.38428       4
 2.4165        4
 2.44872       4
 2.44872       4
 2.48094       4
 2.51316       4
 2.54538       5
 2.5776        4
 2.60982       5
 2.64204       5
 2.67426       4
 2.70648       5
 2.7387        5
 2.77092       5
 2.80314       5
 2.83536       5
 2.86758       5
 2.86758       5
 2.8998        5
 2.93202       5
 2.96424       5
 2.99646       5
 3.02868       5
 3.0609        5
 3.09312       5
 3.12534       6
 3.15756       6
 3.18978       6
 3.25422       6
 3.25422       6
 3.28644       6
 3.31866       6
 3.35088       6
 3.3831        7
 3.41532       7
 3.44754       7
 3.47976       7
 3.51198       7
 3.5442        7
 3.57642       7
 3.60864       7
 3.64086       7
 3.67308       7
 3.67308       7
 3.7053        8
 3.73752       8
 3.76974       8
 3.80196       9
 3.83418       9
 3.8664        9
 3.89862       9
 3.93084       10
 3.96306       10
 3.99528       11
 4.0275        11
 4.05972       11
 4.09194       12
 4.12416       12
 4.12416       12
 4.15638       13
 4.1886        13
 4.22082       13
 4.25304       14
 4.28526       14
 4.31748       15
 4.3497        15
 4.38192       16
 4.41414       16
 4.44636       17
 4.47858       17
 4.5108        17
 4.5108        18
 4.54302       18
 4.57524       19
 4.60746       19
 4.63968       20
 4.6719        21
 4.70412       21
 4.73634       22
 4.76856       22
 4.80078       23
 4.833         24
 4.86522       24
 4.89744       25
 4.89744       26
 4.92966       26
 4.96188       27
 4.9941        28
 5.02632       29
 5.05854       29
 5.09076       30
 5.12298       31
 5.1552        32
 5.18742       32
 5.21964       33
 5.25186       34
 5.25186       35
 5.28408       36
 5.3163        37
 5.34852       38
 5.38074       39
 5.41296       40
 5.44518       41
 5.4774        42
 5.50962       43
 5.54184       44
 5.57406       45
 5.60628       46
 5.6385        47
 5.6385        49
 5.67072       50
 5.70294       51
 5.73516       52
 5.76738       53
 5.7996        55
 5.83182       56
 5.86404       57
 5.89626       59
 5.92848       60
 5.9607        61
 5.99292       63
 5.99292       64
 6.02514       66
 6.05736       67
 6.08958       68
 6.1218        70
 6.15402       72
 6.18624       73
 6.21846       75
 6.25068       76
 6.2829        78
 6.31512       80
 6.34734       81
 6.37956       83
 6.37956       85
 6.41178       86
 6.444         88
 6.50844       89
 6.54066       91
 6.57288       93
 6.6051        94
 6.63732       95
 6.66954       97
 6.66954       98
 6.70176       99
 6.73398       102
 6.7662        102
 6.79842       103
 6.83064       104
 6.86286       105
 6.89508       105
 6.9273        106
 6.95952       106
 6.99174       106
 7.02396       106
 7.02396       105
 7.05618       105
 7.0884        104
 7.12062       104
 7.15284       103
 7.18506       102
 7.21728       101
 7.2495        99
 7.28172       98
 7.31394       97
 7.34616       96
 7.34616       94
 7.37838       93
 7.4106        92
 7.44282       90
 7.47504       89
 7.50726       88
 7.53948       86
 7.5717        85
 7.60392       83
 7.63614       82
 7.66836       81
 7.66836       79
 7.70058       78
 7.7328        76
 7.76502       75
 7.79724       74
 7.82946       72
 7.86168       71
 7.8939        70
 7.92612       68
 7.95834       67
 7.99056       66
 7.99056       65
 8.02278       64
 8.055         63
 8.08722       62
 8.11944       61
 8.15166       60
 8.18388       59
 8.2161        59
 8.24832       58
 8.28054       57
 8.28054       57
 8.31276       56
 8.34498       56
 8.3772        55
 8.40942       55
 8.44164       55
 8.47386       54
 8.50608       54
 8.5383        54
 8.57052       54
 8.57052       54
 8.60274       54
 8.63496       54
 8.66718       54
 8.6994        55
 8.73162       55
 8.76384       55
 8.79606       55
 8.82828       56
 8.8605        56
 8.8605        57
 8.89272       57
 8.92494       58
 8.95716       59
 8.98938       59
 9.0216        60
 9.05382       61
 9.08604       62
 9.11826       63
 9.15048       63
 9.15048       65
 9.1827        66
 9.21492       67
 9.24714       68
 9.27936       69
 9.31158       70
 9.3438        72
 9.37602       73
 9.40824       74
 9.44046       75
 9.44046       77
 9.47268       78
 9.5049        80
 9.53712       81
 9.56934       83
 9.60156       84
 9.63378       86
 9.666         88
 9.69822       89
 9.73044       91
 9.76266       93
 9.79488       95
 9.8271        97
 9.85932       98
 9.89154       100
 9.92376       103
 9.95598       105
 9.9882        107
 10.02042      109
 10.02042      111
 10.05264      113
 10.08486      115
 10.11708      117
 10.1493       119
 10.18152      122
 10.21374      124
 10.24596      126
 10.27818      129
 10.27818      131
 10.3104       133
 10.34262      136
 10.37484      138
 10.40706      141
 10.43928      144
 10.4715       146
 10.50372      149
 10.50372      151
 10.53594      154
 10.56816      157
 10.60038      159
 10.6326       162
 10.66482      165
 10.69704      168
 10.72926      171
 10.76148      173
 10.7937       176
 10.7937       179
 10.82592      182
 10.85814      185
 10.89036      188
 10.92258      191
 10.9548       194
 10.98702      198
 11.01924      202
 11.05146      204
 11.05146      207
 11.08368      210
 11.1159       214
 11.14812      217
 11.18034      218
 11.21256      221
 11.24478      224
 11.277        227
 11.30922      230
 11.30922      233
 11.34144      236
 11.37366      240
 11.40588      243
 11.4381       246
 11.47032      249
 11.50254      251
 11.53476      254
 11.53476      257
 11.56698      259
 11.5992       261
 11.63142      263
 11.66364      265
 11.69586      266
 11.72808      267
 11.7603       268
 11.79252      269
 11.79252      268
 11.82474      268
 11.85696      268
 11.88918      267
 11.9214       266
 11.95362      264
 11.98584      262
 12.01806      260
 12.01806      257
 12.05028      255
 12.0825       252
 12.11472      249
 12.14694      246
 12.17916      242
 12.21138      239
 12.2436       235
 12.2436       231
 12.27582      227
 12.30804      224
 12.34026      220
 12.37248      216
 12.4047       212
 12.43692      208
 12.46914      204
 12.50136      199
 12.50136      195
 12.53358      191
 12.5658       187
 12.59802      183
 12.63024      179
 12.66246      175
 12.69468      171
 12.7269       168
 12.7269       164
 12.75912      161
 12.79134      158
 12.82356      154
 12.85578      151
 12.888        149
 12.92022      145
 12.95244      143
 12.95244      140
 13.01688      137
 13.0491       135
 13.08132      133
 13.11354      131
 13.14576      129
 13.17798      127
 13.2102       126
 13.2102       124
 13.24242      123
 13.27464      122
 13.30686      121
 13.33908      119
 13.3713       118
 13.40352      118
 13.43574      117
 13.43574      116
 13.46796      116
 13.50018      115
 13.5324       115
 13.56462      115
 13.59684      115
 13.62906      115
 13.62906      115
 13.66128      115
 13.6935       115
 13.72572      116
 13.75794      116
 13.79016      117
 13.82238      117
 13.8546       118
 13.8546       119
 13.88682      120
 13.91904      121
 13.95126      122
 13.98348      123
 14.0157       124
 14.04792      125
 14.08014      127
 14.08014      128
 14.11236      129
 14.14458      131
 14.1768       133
 14.20902      134
 14.24124      136
 14.27346      138
 14.27346      140
 14.30568      142
 14.3379       144
 14.37012      146
 14.40234      148
 14.43456      150
 14.46678      152
 14.499        154
 14.53122      157
 14.53122      159
 14.56344      161
 14.59566      164
 14.62788      167
 14.6601       169
 14.69232      172
 14.69232      174
 14.72454      177
 14.75676      180
 14.78898      182
 14.8212       185
 14.85342      188
 14.88564      191
 14.91786      194
 14.91786      197
 14.95008      200
 14.9823       204
 15.01452      207
 15.04674      210
 15.07896      213
 15.11118      216
 15.11118      220
 15.1434       223
 15.17562      226
 15.20784      230
 15.24006      233
 15.27228      236
 15.3045       240
 15.3045       243
 15.33672      247
 15.36894      251
 15.40116      254
 15.43338      258
 15.4656       262
 15.49782      265
 15.49782      269
 15.53004      273
 15.56226      276
 15.59448      281
 15.6267       284
 15.65892      288
 15.69114      292
 15.72336      296
 15.72336      300
 15.75558      305
 15.7878       309
 15.82002      313
 15.85224      317
 15.88446      322
 15.91668      326
 15.91668      328
 15.9489       332
 15.98112      337
 16.01334      341
 16.04556      345
 16.07778      349
 16.11         353
 16.11         357
 16.14222      362
 16.17444      366
 16.20666      370
 16.23888      374
 16.30332      378
 16.30332      382
 16.33554      386
 16.36776      389
 16.39998      393
 16.4322       396
 16.46442      399
 16.49664      403
 16.49664      406
 16.52886      409
 16.56108      412
 16.5933       414
 16.62552      416
 16.65774      418
 16.65774      419
 16.68996      421
 16.72218      422
 16.7544       422
 16.78662      423
 16.81884      423
 16.85106      423
 16.85106      423
 16.88328      423
 16.9155       422
 16.94772      421
 16.97994      419
 17.01216      418
 17.04438      416
 17.04438      413
 17.0766       411
 17.10882      408
 17.14104      405
 17.17326      402
 17.20548      398
 17.20548      395
 17.2377       391
 17.26992      387
 17.30214      383
 17.33436      378
 17.36658      373
 17.3988       368
 17.3988       363
 17.43102      358
 17.46324      352
 17.49546      347
 17.52768      341
 17.5599       336
 17.59212      330
 17.59212      324
 17.62434      319
 17.65656      313
 17.68878      308
 17.721        302
 17.75322      296
 17.75322      291
 17.78544      286
 17.81766      281
 17.84988      276
 17.8821       272
 17.91432      267
 17.94654      263
 17.94654      258
 17.97876      254
 18.01098      251
 18.0432       247
 18.07542      243
 18.10764      240
 18.10764      237
 18.13986      234
 18.17208      231
 18.2043       228
 18.23652      226
 18.26874      224
 18.30096      222
 18.30096      220
 18.33318      218
 18.3654       216
 18.39762      215
 18.42984      213
 18.46206      212
 18.46206      211
 18.49428      210
 18.5265       209
 18.55872      208
 18.59094      207
 18.62316      207
 18.62316      206
 18.65538      206
 18.6876       206
 18.71982      206
 18.75204      206
 18.78426      206
 18.78426      206
 18.81648      206
 18.8487       207
 18.88092      207
 18.91314      207
 18.94536      208
 18.97758      210
 18.97758      211
 19.0098       211
 19.04202      212
 19.07424      213
 19.10646      214
 19.13868      215
 19.13868      217
 19.1709       218
 19.20312      219
 19.23534      221
 19.26756      222
 19.29978      224
 19.29978      225
 19.332        227
 19.36422      229
 19.39644      230
 19.42866      232
 19.46088      234
 19.4931       236
 19.52532      238
 19.55754      241
 19.58976      243
 19.62198      245
 19.6542       248
 19.6542       250
 19.68642      253
 19.71864      255
 19.75086      257
 19.78308      260
 19.8153       263
 19.8153       266
 19.84752      269
 19.87974      271
 19.91196      274
 19.94418      277
 19.94418      280
 19.9764       284
 20.00862      287
 20.04084      290
 20.07306      293
 20.10528      296
 20.1375       300
 20.1375       304
 20.16972      307
 20.20194      311
 20.23416      315
 20.26638      318
 20.2986       321
 20.2986       325
 20.33082      329
 20.36304      333
 20.39526      336
 20.42748      340
 20.4597       344
 20.4597       348
 20.49192      352
 20.52414      356
 20.55636      360
 20.58858      364
 20.58858      368
 20.6208       372
 20.65302      376
 20.68524      380
 20.71746      384
 20.74968      388
 20.74968      393
 20.7819       397
 20.81412      401
 20.84634      406
 20.87856      410
 20.91078      414
 20.91078      419
 20.943        423
 20.97522      427
 21.00744      431
 21.03966      436
 21.07188      439
 21.07188      443
 21.1041       448
 21.13632      452
 21.16854      456
 21.20076      460
 21.20076      464
 21.23298      468
 21.2652       472
 21.29742      475
 21.32964      479
 21.36186      483
 21.36186      486
 21.39408      490
 21.4263       493
 21.45852      496
 21.49074      499
 21.49074      502
 21.52296      505
 21.55518      508
 21.5874       510
 21.61962      513
 21.65184      515
 21.65184      517
 21.68406      519
 21.71628      521
 21.7485       522
 21.78072      523
 21.81294      525
 21.81294      525
 21.84516      526
 21.87738      527
 21.9096       528
 21.94182      528
 21.97404      528
 21.97404      528
 22.00626      528
 22.03848      528
 22.0707       527
 22.10292      526
 22.10292      525
 22.13514      524
 22.16736      522
 22.19958      520
 22.2318       518
 22.2318       516
 22.26402      513
 22.29624      511
 22.32846      508
 22.36068      505
 22.3929       501
 22.3929       498
 22.42512      494
 22.45734      491
 22.48956      486
 22.52178      482
 22.52178      478
 22.554        474
 22.58622      470
 22.61844      466
 22.65066      461
 22.68288      457
 22.68288      452
 22.7151       448
 22.77954      443
 22.81176      439
 22.84398      435
 22.84398      430
 22.8762       425
 22.90842      421
 22.94064      417
 22.94064      413
 22.97286      406
 23.00508      397
 23.0373       389
 23.06952      384
 23.10174      378
 23.10174      374
 23.13396      370
 23.16618      367
 23.1984       364
 23.23062      361
 23.23062      358
 23.26284      356
 23.29506      353
 23.32728      351
 23.3595       349
 23.3595       347
 23.39172      345
 23.42394      343
 23.45616      341
 23.48838      339
 23.5206       338
 23.5206       336
 23.55282      335
 23.58504      334
 23.61726      332
 23.64948      331
 23.64948      330
 23.6817       328
 23.71392      328
 23.74614      326
 23.77836      326
 23.77836      325
 23.81058      324
 23.8428       324
 23.87502      323
 23.90724      323
 23.90724      323
 23.93946      323
 23.97168      322
 24.0039       322
 24.03612      322
 24.06834      322
 24.06834      323
 24.10056      323
 24.13278      323
 24.165        324
 24.165        324
 24.19722      325
 24.22944      325
 24.26166      325
 24.29388      326
 24.3261       327
 24.3261       327
 24.35832      328
 24.39054      329
 24.42276      330
 24.42276      331
 24.45498      332
 24.4872       333
 24.51942      334
 24.55164      336
 24.58386      337
 24.58386      339
 24.61608      340
 24.6483       342
 24.68052      343
 24.68052      345
 24.71274      347
 24.74496      349
 24.77718      350
 24.8094       353
 24.84162      354
 24.84162      356
 24.87384      359
 24.90606      361
 24.93828      364
 24.9705       366
 24.9705       368
 25.00272      371
 25.03494      373
 25.06716      376
 25.06716      379
 25.09938      381
 25.1316       384
 25.16382      387
 25.19604      390
 25.19604      393
 25.22826      396
 25.26048      399
 25.2927       402
 25.32492      406
 25.32492      409
 25.35714      412
 25.38936      415
 25.42158      419
 25.4538       422
 25.4538       425
 25.48602      429
 25.51824      432
 25.55046      436
 25.58268      439
 25.58268      443
 25.6149       446
 25.64712      450
 25.67934      453
 25.71156      457
 25.71156      461
 25.74378      464
 25.776        468
 25.80822      472
 25.80822      475
 25.84044      479
 25.87266      483
 25.90488      486
 25.9371       490
 25.9371       494
 25.96932      498
 26.03376      502
 26.06598      506
 26.06598      510
 26.0982       513
 26.13042      517
 26.16264      521
 26.19486      524
 26.19486      528
 26.22708      531
 26.2593       535
 26.29152      538
 26.32374      542
 26.32374      545
 26.35596      548
 26.38818      552
 26.4204       554
 26.4204       558
 26.45262      561
 26.48484      563
 26.51706      566
 26.54928      569
 26.54928      572
 26.5815       575
 26.61372      577
 26.64594      580
 26.67816      583
 26.67816      585
 26.71038      587
 26.7426       590
 26.77482      591
 26.77482      594
 26.80704      596
 26.83926      597
 26.87148      599
 26.9037       601
 26.9037       602
 26.93592      604
 26.96814      606
 27.00036      607
 27.00036      608
 27.03258      609
 27.0648       610
 27.09702      611
 27.12924      611
 27.12924      611
 27.16146      612
 27.19368      612
 27.2259       612
 27.2259       612
 27.25812      612
 27.29034      612
 27.32256      612
 27.35478      612
 27.35478      611
 27.387        611
 27.41922      610
 27.45144      610
 27.45144      609
 27.48366      608
 27.51588      607
 27.5481       606
 27.58032      604
 27.58032      603
 27.61254      602
 27.64476      601
 27.67698      599
 27.67698      598
 27.7092       597
 27.74142      595
 27.77364      593
 27.80586      592
 27.80586      590
 27.83808      588
 27.8703       586
 27.90252      585
 27.90252      583
 27.93474      581
 27.96696      579
 27.99918      577
 27.99918      576
 28.0314       574
 28.06362      572
 28.09584      570
 28.12806      568
 28.12806      567
 28.16028      565
 28.1925       563
 28.22472      562
 28.22472      560
