 0             3
 0             3
 0             3
 0             4
 0             3
 0             3
 0             4
 0             3
 0             3
 0             4
 0             3
 0             4
 0             3
 3.222e-002    3
 6.444e-002    4
 6.444e-002    3
 9.666e-002    3
 0.12888       4
 0.1611        3
 0.1611        3
 0.19332       4
 0.22554       3
 0.25776       3
 0.28998       4
 0.3222        3
 0.35442       4
 0.35442       3
 0.38664       3
 0.41886       4
 0.45108       3
 0.4833        3
 0.51552       4
 0.51552       3
 0.54774       3
 0.57996       4
 0.61218       3
 0.6444        4
 0.67662       4
 0.70884       3
 0.74106       4
 0.77328       4
 0.8055        3
 0.8055        4
 0.83772       3
 0.86994       3
 0.90216       4
 0.93438       3
 0.9666        4
 0.99882       4
 1.03104       3
 1.06326       4
 1.09548       4
 1.09548       3
 1.1277        4
 1.15992       4
 1.19214       3
 1.22436       4
 1.25658       4
 1.2888        3
 1.32102       4
 1.35324       4
 1.38546       4
 1.41768       4
 1.4499        3
 1.48212       4
 1.48212       4
 1.51434       3
 1.54656       4
 1.57878       4
 1.611         3
 1.64322       4
 1.67544       4
 1.70766       4
 1.73988       4
 1.7721        4
 1.80432       4
 1.83654       4
 1.86876       3
 1.90098       4
 1.90098       4
 1.9332        5
 1.96542       5
 1.99764       5
 2.02986       4
 2.06208       5
 2.0943        4
 2.12652       4
 2.15874       4
 2.19096       4
 2.22318       4
 2.2554        4
 2.28762       4
 2.31984       4
 2.31984       4
 2.35206       4
 2.38428       4
 2.4165        4
 2.44872       4
 2.48094       4
 2.51316       4
 2.54538       4
 2.5776        4
 2.60982       4
 2.64204       4
 2.67426       4
 2.70648       4
 2.7387        4
 2.7387        4
 2.77092       4
 2.80314       4
 2.83536       4
 2.86758       4
 2.8998        4
 2.93202       5
 2.96424       4
 2.99646       5
 3.02868       5
 3.0609        5
 3.09312       5
 3.12534       5
 3.15756       5
 3.15756       5
 3.18978       5
 3.25422       5
 3.28644       5
 3.31866       5
 3.35088       5
 3.3831        5
 3.41532       5
 3.44754       6
 3.47976       6
 3.51198       6
 3.5442        6
 3.5442        6
 3.57642       6
 3.60864       6
 3.64086       6
 3.67308       7
 3.7053        7
 3.73752       7
 3.76974       7
 3.80196       7
 3.83418       7
 3.8664        8
 3.89862       8
 3.93084       8
 3.96306       8
 3.96306       8
 3.99528       8
 4.0275        9
 4.05972       9
 4.09194       9
 4.12416       9
 4.15638       9
 4.1886        10
 4.22082       10
 4.25304       10
 4.28526       11
 4.31748       11
 4.3497        11
 4.3497        11
 4.38192       12
 4.41414       12
 4.44636       12
 4.47858       13
 4.5108        13
 4.54302       13
 4.57524       14
 4.60746       14
 4.63968       15
 4.6719        15
 4.70412       15
 4.70412       16
 4.73634       16
 4.76856       17
 4.80078       17
 4.833         17
 4.86522       18
 4.89744       18
 4.92966       19
 4.96188       19
 4.9941        20
 5.02632       20
 5.05854       21
 5.09076       21
 5.12298       22
 5.12298       22
 5.1552        23
 5.18742       23
 5.21964       24
 5.25186       24
 5.28408       25
 5.3163        26
 5.34852       26
 5.38074       27
 5.41296       27
 5.44518       28
 5.44518       29
 5.4774        29
 5.50962       30
 5.54184       31
 5.57406       32
 5.60628       32
 5.6385        33
 5.67072       34
 5.70294       35
 5.73516       35
 5.76738       36
 5.7996        37
 5.7996        38
 5.83182       39
 5.86404       40
 5.89626       40
 5.92848       41
 5.9607        43
 5.99292       43
 6.02514       44
 6.05736       45
 6.08958       46
 6.1218        47
 6.15402       48
 6.18624       49
 6.18624       51
 6.21846       51
 6.25068       53
 6.2829        54
 6.31512       55
 6.34734       56
 6.37956       57
 6.41178       58
 6.444         59
 6.47622       60
 6.50844       61
 6.54066       62
 6.57288       63
 6.6051        64
 6.63732       65
 6.66954       66
 6.70176       66
 6.73398       67
 6.7662        68
 6.79842       68
 6.83064       69
 6.83064       69
 6.86286       69
 6.89508       70
 6.9273        69
 6.95952       70
 6.99174       69
 7.02396       69
 7.05618       69
 7.0884        69
 7.12062       68
 7.15284       68
 7.15284       67
 7.18506       66
 7.21728       66
 7.2495        65
 7.28172       64
 7.31394       64
 7.34616       63
 7.37838       62
 7.4106        61
 7.44282       60
 7.47504       59
 7.47504       58
 7.50726       57
 7.53948       57
 7.5717        56
 7.60392       55
 7.63614       54
 7.66836       53
 7.70058       52
 7.7328        51
 7.76502       50
 7.79724       49
 7.79724       48
 7.82946       47
 7.86168       47
 7.8939        46
 7.92612       45
 7.95834       45
 7.99056       44
 8.02278       43
 8.055         43
 8.08722       42
 8.08722       41
 8.11944       41
 8.15166       40
 8.18388       40
 8.2161        39
 8.24832       39
 8.28054       38
 8.31276       38
 8.34498       37
 8.3772        37
 8.3772        37
 8.40942       37
 8.44164       37
 8.47386       36
 8.50608       36
 8.5383        36
 8.57052       36
 8.60274       36
 8.63496       36
 8.66718       36
 8.6994        37
 8.6994        37
 8.73162       37
 8.76384       37
 8.79606       37
 8.82828       38
 8.8605        38
 8.89272       38
 8.92494       39
 8.95716       39
 8.95716       40
 8.98938       40
 9.0216        41
 9.05382       41
 9.08604       42
 9.11826       42
 9.15048       43
 9.1827        44
 9.21492       44
 9.24714       45
 9.24714       46
 9.27936       46
 9.31158       47
 9.3438        48
 9.37602       49
 9.40824       50
 9.44046       51
 9.47268       51
 9.5049        52
 9.5049        53
 9.53712       54
 9.56934       55
 9.60156       56
 9.63378       57
 9.666         59
 9.69822       60
 9.76266       61
 9.79488       62
 9.79488       63
 9.8271        64
 9.85932       66
 9.89154       67
 9.92376       68
 9.95598       69
 9.9882        71
 10.02042      72
 10.05264      73
 10.05264      75
 10.08486      76
 10.11708      78
 10.1493       79
 10.18152      81
 10.21374      82
 10.24596      83
 10.27818      85
 10.3104       86
 10.34262      88
 10.34262      90
 10.37484      91
 10.40706      93
 10.43928      95
 10.4715       96
 10.50372      98
 10.53594      101
 10.56816      102
 10.56816      104
 10.60038      106
 10.6326       108
 10.66482      110
 10.69704      111
 10.72926      113
 10.76148      115
 10.7937       117
 10.82592      119
 10.82592      121
 10.85814      123
 10.89036      125
 10.92258      127
 10.9548       129
 10.98702      131
 11.01924      133
 11.05146      135
 11.08368      137
 11.08368      139
 11.1159       141
 11.14812      144
 11.18034      145
 11.21256      148
 11.24478      150
 11.277        151
 11.30922      154
 11.34144      155
 11.34144      157
 11.37366      159
 11.40588      161
 11.4381       163
 11.47032      164
 11.50254      166
 11.53476      167
 11.56698      168
 11.5992       169
 11.5992       170
 11.63142      171
 11.66364      171
 11.69586      172
 11.72808      172
 11.7603       172
 11.79252      171
 11.82474      171
 11.82474      170
 11.85696      169
 11.88918      168
 11.9214       167
 11.95362      165
 11.98584      164
 12.01806      162
 12.05028      160
 12.0825       158
 12.0825       156
 12.11472      154
 12.14694      152
 12.17916      150
 12.21138      148
 12.2436       146
 12.27582      144
 12.30804      141
 12.30804      139
 12.34026      137
 12.37248      134
 12.4047       132
 12.43692      130
 12.46914      127
 12.50136      125
 12.53358      122
 12.53358      120
 12.5658       117
 12.59802      115
 12.63024      113
 12.66246      111
 12.69468      108
 12.7269       106
 12.75912      104
 12.75912      102
 12.79134      99
 12.82356      97
 12.85578      96
 12.888        93
 12.92022      92
 12.95244      90
 12.98466      89
 13.01688      87
 13.0491       86
 13.08132      85
 13.11354      83
 13.14576      82
 13.17798      81
 13.2102       80
 13.24242      79
 13.24242      78
 13.27464      77
 13.30686      77
 13.33908      76
 13.3713       75
 13.40352      75
 13.43574      74
 13.46796      74
 13.46796      74
 13.50018      73
 13.5324       73
 13.56462      73
 13.59684      73
 13.62906      73
 13.66128      73
 13.6935       73
 13.6935       74
 13.72572      74
 13.75794      74
 13.79016      75
 13.82238      75
 13.8546       75
 13.88682      76
 13.88682      76
 13.91904      77
 13.95126      78
 13.98348      78
 14.0157       79
 14.04792      80
 14.08014      81
 14.11236      82
 14.11236      83
 14.14458      84
 14.1768       85
 14.20902      86
 14.24124      87
 14.27346      88
 14.30568      89
 14.3379       91
 14.3379       92
 14.37012      93
 14.40234      94
 14.43456      96
 14.46678      97
 14.499        99
 14.53122      101
 14.53122      102
 14.56344      104
 14.59566      105
 14.62788      107
 14.6601       109
 14.69232      110
 14.72454      112
 14.72454      114
 14.75676      115
 14.78898      117
 14.8212       119
 14.85342      121
 14.88564      123
 14.91786      125
 14.95008      127
 14.95008      129
 14.9823       131
 15.01452      133
 15.04674      135
 15.07896      137
 15.11118      139
 15.11118      141
 15.1434       143
 15.17562      145
 15.20784      148
 15.24006      150
 15.27228      152
 15.3045       154
 15.33672      156
 15.33672      159
 15.36894      161
 15.40116      163
 15.43338      166
 15.4656       168
 15.49782      171
 15.53004      173
 15.53004      176
 15.56226      178
 15.59448      181
 15.6267       183
 15.65892      186
 15.69114      189
 15.72336      191
 15.72336      194
 15.75558      196
 15.7878       199
 15.82002      203
 15.85224      205
 15.88446      208
 15.91668      211
 15.91668      213
 15.9489       216
 15.98112      219
 16.01334      222
 16.04556      224
 16.07778      227
 16.11         230
 16.11         233
 16.14222      235
 16.17444      238
 16.20666      240
 16.2711       243
 16.30332      245
 16.30332      247
 16.33554      249
 16.36776      252
 16.39998      254
 16.4322       255
 16.46442      257
 16.49664      259
 16.49664      260
 16.52886      262
 16.56108      263
 16.5933       263
 16.62552      264
 16.65774      265
 16.68996      265
 16.68996      265
 16.72218      265
 16.7544       265
 16.78662      265
 16.81884      264
 16.85106      263
 16.85106      263
 16.88328      261
 16.9155       260
 16.94772      259
 16.97994      257
 17.01216      256
 17.04438      254
 17.04438      252
 17.0766       250
 17.10882      248
 17.14104      246
 17.17326      243
 17.20548      241
 17.2377       238
 17.2377       236
 17.26992      232
 17.30214      230
 17.33436      227
 17.36658      223
 17.3988       220
 17.43102      217
 17.43102      214
 17.46324      211
 17.49546      207
 17.52768      204
 17.5599       200
 17.59212      197
 17.59212      193
 17.62434      190
 17.65656      187
 17.68878      184
 17.721        182
 17.75322      179
 17.78544      176
 17.78544      174
 17.81766      171
 17.84988      169
 17.8821       166
 17.91432      164
 17.94654      162
 17.94654      160
 17.97876      158
 18.01098      156
 18.0432       154
 18.07542      152
 18.10764      151
 18.10764      149
 18.13986      147
 18.17208      146
 18.2043       144
 18.23652      143
 18.26874      142
 18.30096      141
 18.30096      140
 18.33318      139
 18.3654       138
 18.39762      137
 18.42984      137
 18.46206      136
 18.46206      135
 18.49428      135
 18.5265       134
 18.55872      134
 18.59094      134
 18.62316      134
 18.62316      133
 18.65538      133
 18.6876       133
 18.71982      133
 18.75204      133
 18.78426      133
 18.81648      133
 18.81648      134
 18.8487       134
 18.88092      134
 18.91314      135
 18.94536      135
 18.97758      136
 18.97758      136
 19.0098       137
 19.04202      137
 19.07424      138
 19.10646      139
 19.13868      140
 19.13868      141
 19.1709       141
 19.20312      142
 19.23534      143
 19.26756      144
 19.29978      145
 19.29978      147
 19.332        147
 19.36422      149
 19.39644      150
 19.42866      151
 19.46088      152
 19.46088      154
 19.52532      155
 19.55754      157
 19.58976      158
 19.62198      160
 19.6542       161
 19.6542       163
 19.68642      165
 19.71864      166
 19.75086      167
 19.78308      166
 19.8153       169
 19.8153       171
 19.84752      173
 19.87974      175
 19.91196      177
 19.94418      179
 19.9764       181
 19.9764       183
 20.00862      186
 20.04084      188
 20.07306      190
 20.10528      193
 20.1375       195
 20.1375       197
 20.16972      199
 20.20194      202
 20.23416      205
 20.26638      208
 20.26638      210
 20.2986       213
 20.33082      215
 20.36304      218
 20.39526      220
 20.42748      223
 20.4597       226
 20.4597       228
 20.49192      231
 20.52414      234
 20.55636      237
 20.58858      239
 20.58858      242
 20.6208       245
 20.65302      248
 20.68524      251
 20.71746      253
 20.74968      256
 20.74968      259
 20.7819       262
 20.81412      265
 20.84634      268
 20.87856      271
 20.91078      274
 20.91078      277
 20.943        279
 20.97522      282
 21.00744      285
 21.03966      288
 21.03966      291
 21.07188      294
 21.1041       296
 21.13632      299
 21.16854      303
 21.20076      305
 21.20076      308
 21.23298      310
 21.2652       313
 21.29742      315
 21.32964      317
 21.36186      319
 21.36186      322
 21.39408      323
 21.4263       325
 21.45852      327
 21.49074      329
 21.49074      331
 21.52296      333
 21.55518      334
 21.5874       336
 21.61962      336
 21.65184      337
 21.65184      338
 21.68406      339
 21.71628      339
 21.7485       340
 21.78072      340
 21.81294      340
 21.81294      340
 21.84516      340
 21.87738      340
 21.9096       340
 21.94182      339
 21.97404      339
 21.97404      338
 22.00626      337
 22.03848      336
 22.0707       334
 22.10292      333
 22.10292      332
 22.13514      330
 22.16736      328
 22.19958      326
 22.2318       324
 22.2318       323
 22.26402      320
 22.29624      318
 22.32846      315
 22.36068      313
 22.3929       310
 22.3929       308
 22.42512      305
 22.45734      301
 22.48956      299
 22.52178      296
 22.52178      293
 22.554        291
 22.58622      288
 22.61844      285
 22.65066      283
 22.65066      280
 22.68288      277
 22.7151       275
 22.77954      272
 22.81176      270
 22.81176      267
 22.84398      264
 22.8762       262
 22.90842      259
 22.94064      257
 22.94064      255
 22.97286      253
 23.00508      251
 23.0373       249
 23.06952      245
 23.06952      243
 23.10174      241
 23.13396      239
 23.16618      237
 23.1984       236
 23.23062      234
 23.23062      233
 23.26284      231
 23.29506      230
 23.32728      229
 23.3595       227
 23.3595       227
 23.39172      225
 23.42394      224
 23.45616      224
 23.48838      223
 23.5206       222
 23.5206       221
 23.55282      220
 23.58504      220
 23.61726      219
 23.64948      218
 23.64948      218
 23.6817       217
 23.71392      217
 23.74614      217
 23.77836      216
 23.77836      216
 23.81058      216
 23.8428       216
 23.87502      216
 23.90724      216
 23.90724      216
 23.93946      216
 23.97168      216
 24.0039       216
 24.03612      216
 24.03612      216
 24.06834      216
 24.10056      217
 24.13278      217
 24.165        217
 24.165        217
 24.19722      218
 24.22944      218
 24.26166      219
 24.29388      219
 24.3261       220
 24.3261       220
 24.35832      221
 24.39054      222
 24.42276      222
 24.42276      223
 24.45498      224
 24.4872       225
 24.51942      226
 24.55164      227
 24.58386      228
 24.58386      229
 24.61608      230
 24.6483       231
 24.68052      233
 24.68052      234
 24.71274      235
 24.74496      237
 24.77718      238
 24.8094       240
 24.84162      241
 24.84162      243
 24.87384      244
 24.90606      246
 24.93828      247
 24.93828      249
 24.9705       251
 25.00272      252
 25.03494      254
 25.06716      256
 25.06716      258
 25.09938      260
 25.1316       262
 25.16382      264
 25.19604      266
 25.19604      268
 25.22826      270
 25.26048      273
 25.2927       275
 25.32492      277
 25.32492      280
 25.35714      282
 25.38936      284
 25.42158      287
 25.42158      289
 25.4538       291
 25.48602      294
 25.51824      296
 25.55046      299
 25.55046      301
 25.58268      305
 25.6149       307
 25.64712      310
 25.67934      312
 25.67934      315
 25.71156      318
 25.74378      320
 25.776        323
 25.80822      325
 25.80822      328
 25.84044      331
 25.87266      333
 25.90488      336
 25.9371       339
 25.9371       341
 25.96932      344
 26.03376      347
 26.06598      349
 26.06598      352
 26.0982       354
 26.13042      357
 26.16264      359
 26.19486      362
 26.19486      364
 26.22708      367
 26.2593       369
 26.29152      371
 26.29152      373
 26.32374      375
 26.35596      378
 26.38818      380
 26.4204       382
 26.4204       384
 26.45262      386
 26.48484      388
 26.51706      390
 26.51706      391
 26.54928      393
 26.5815       395
 26.61372      396
 26.64594      398
 26.67816      399
 26.67816      401
 26.71038      402
 26.7426       404
 26.77482      405
 26.77482      407
 26.80704      407
 26.83926      408
 26.87148      409
 26.87148      410
 26.9037       411
 26.93592      411
 26.96814      411
 27.00036      412
 27.00036      412
 27.03258      412
 27.0648       413
 27.09702      412
 27.09702      412
 27.12924      412
 27.16146      412
 27.19368      412
 27.2259       411
 27.2259       411
 27.25812      410
 27.29034      410
 27.32256      409
 27.32256      408
 27.35478      408
 27.387        410
 27.41922      406
 27.45144      402
 27.45144      401
 27.48366      400
 27.51588      399
 27.5481       398
 27.5481       397
 27.58032      396
 27.61254      395
 27.64476      394
 27.67698      392
 27.67698      391
 27.7092       390
 27.74142      388
 27.77364      387
 27.77364      385
 27.80586      384
 27.83808      383
 27.8703       381
 27.8703       380
 27.90252      379
 27.93474      377
 27.96696      376
 27.99918      375
 27.99918      373
 28.0314       372
 28.06362      371
 28.09584      369
 28.09584      368
 28.12806      367
 28.16028      366
 28.1925       365
 28.22472      364
