 0             1
 0             1
 0             1
 0             1
 0             1
 0             1
 0             1
 0             1
 0             1
 0             1
 0             1
 0             1
 0             1
 3.222e-002    1
 6.444e-002    1
 6.444e-002    1
 9.666e-002    1
 0.12888       1
 0.1611        1
 0.19332       1
 0.19332       1
 0.22554       1
 0.25776       1
 0.28998       1
 0.3222        1
 0.35442       1
 0.38664       1
 0.41886       1
 0.41886       1
 0.45108       1
 0.4833        1
 0.51552       1
 0.54774       1
 0.57996       1
 0.61218       1
 0.6444        1
 0.67662       1
 0.67662       1
 0.70884       1
 0.74106       1
 0.77328       1
 0.8055        1
 0.83772       1
 0.86994       1
 0.90216       1
 0.93438       1
 0.9666        1
 0.99882       1
 0.99882       1
 1.03104       1
 1.06326       1
 1.09548       1
 1.1277        1
 1.15992       1
 1.19214       1
 1.22436       1
 1.25658       1
 1.2888        1
 1.32102       1
 1.35324       1
 1.38546       1
 1.41768       1
 1.41768       1
 1.4499        1
 1.48212       1
 1.51434       1
 1.54656       1
 1.57878       1
 1.611         1
 1.64322       1
 1.67544       1
 1.70766       1
 1.73988       1
 1.7721        1
 1.80432       1
 1.83654       1
 1.86876       1
 1.86876       1
 1.90098       1
 1.9332        1
 1.96542       0
 1.99764       1
 2.02986       0
 2.06208       0
 2.0943        1
 2.12652       1
 2.15874       1
 2.19096       1
 2.22318       1
 2.2554        1
 2.28762       1
 2.31984       1
 2.35206       1
 2.35206       1
 2.38428       1
 2.4165        1
 2.44872       1
 2.48094       1
 2.51316       1
 2.54538       1
 2.5776        1
 2.60982       2
 2.64204       2
 2.67426       2
 2.70648       2
 2.7387        2
 2.77092       2
 2.80314       2
 2.83536       2
 2.86758       2
 2.86758       2
 2.8998        2
 2.93202       2
 2.96424       2
 2.99646       2
 3.02868       2
 3.0609        2
 3.09312       3
 3.12534       3
 3.15756       3
 3.18978       3
 3.25422       3
 3.28644       3
 3.31866       3
 3.31866       3
 3.35088       3
 3.3831        4
 3.41532       4
 3.44754       4
 3.47976       4
 3.51198       4
 3.5442        4
 3.57642       5
 3.60864       5
 3.64086       5
 3.67308       5
 3.7053        5
 3.73752       5
 3.76974       6
 3.80196       6
 3.80196       6
 3.83418       6
 3.8664        7
 3.89862       7
 3.93084       7
 3.96306       8
 3.99528       8
 4.0275        8
 4.05972       8
 4.09194       9
 4.12416       9
 4.15638       9
 4.1886        9
 4.22082       10
 4.25304       10
 4.25304       10
 4.28526       11
 4.31748       11
 4.3497        11
 4.38192       12
 4.41414       12
 4.44636       13
 4.47858       13
 4.5108        13
 4.54302       14
 4.57524       14
 4.60746       15
 4.63968       15
 4.6719        16
 4.70412       16
 4.70412       17
 4.73634       17
 4.76856       18
 4.80078       18
 4.833         19
 4.86522       19
 4.89744       20
 4.92966       20
 4.96188       21
 4.9941        21
 5.02632       22
 5.05854       23
 5.09076       23
 5.12298       24
 5.12298       25
 5.1552        25
 5.18742       26
 5.21964       27
 5.25186       27
 5.28408       28
 5.3163        29
 5.34852       30
 5.38074       32
 5.41296       33
 5.44518       34
 5.4774        35
 5.50962       36
 5.50962       37
 5.54184       37
 5.57406       38
 5.60628       39
 5.6385        39
 5.67072       40
 5.70294       41
 5.73516       41
 5.76738       42
 5.7996        43
 5.83182       44
 5.86404       45
 5.89626       45
 5.89626       46
 5.92848       47
 5.9607        48
 5.99292       49
 6.02514       50
 6.05736       51
 6.08958       52
 6.1218        53
 6.15402       54
 6.18624       55
 6.21846       57
 6.25068       58
 6.2829        59
 6.2829        60
 6.31512       61
 6.34734       62
 6.37956       63
 6.41178       64
 6.444         66
 6.50844       67
 6.54066       68
 6.57288       69
 6.6051        70
 6.63732       71
 6.63732       72
 6.66954       73
 6.70176       73
 6.73398       73
 6.7662        73
 6.79842       74
 6.83064       74
 6.86286       74
 6.89508       74
 6.9273        74
 6.95952       74
 6.99174       74
 6.99174       74
 7.02396       73
 7.05618       73
 7.0884        72
 7.12062       71
 7.15284       71
 7.18506       70
 7.21728       69
 7.2495        68
 7.28172       67
 7.31394       66
 7.34616       65
 7.34616       64
 7.37838       62
 7.4106        61
 7.44282       60
 7.47504       59
 7.50726       58
 7.53948       56
 7.5717        55
 7.60392       54
 7.63614       53
 7.66836       52
 7.70058       50
 7.70058       49
 7.7328        48
 7.76502       47
 7.79724       46
 7.82946       45
 7.86168       44
 7.8939        43
 7.92612       42
 7.95834       41
 7.99056       40
 8.02278       39
 8.02278       39
 8.055         38
 8.08722       37
 8.11944       37
 8.15166       36
 8.18388       35
 8.2161        35
 8.24832       35
 8.28054       34
 8.31276       34
 8.34498       33
 8.34498       33
 8.3772        33
 8.40942       33
 8.44164       32
 8.47386       32
 8.50608       32
 8.5383        32
 8.57052       32
 8.60274       32
 8.63496       32
 8.66718       33
 8.66718       33
 8.6994        34
 8.73162       35
 8.76384       35
 8.79606       35
 8.82828       35
 8.8605        35
 8.89272       35
 8.92494       35
 8.95716       35
 8.98938       36
 8.98938       36
 9.0216        36
 9.05382       37
 9.08604       37
 9.11826       37
 9.15048       36
 9.1827        35
 9.21492       32
 9.24714       31
 9.27936       31
 9.27936       32
 9.31158       33
 9.3438        34
 9.37602       36
 9.40824       37
 9.44046       39
 9.47268       41
 9.5049        42
 9.53712       44
 9.56934       45
 9.56934       47
 9.60156       48
 9.63378       50
 9.666         51
 9.69822       52
 9.76266       54
 9.79488       55
 9.8271        56
 9.85932       58
 9.85932       59
 9.89154       60
 9.92376       62
 9.95598       65
 9.9882        67
 10.02042      69
 10.05264      69
 10.08486      70
 10.11708      71
 10.1493       72
 10.1493       73
 10.18152      74
 10.21374      75
 10.24596      76
 10.27818      77
 10.3104       78
 10.34262      80
 10.37484      81
 10.40706      82
 10.40706      84
 10.43928      85
 10.4715       87
 10.50372      88
 10.53594      90
 10.56816      91
 10.60038      93
 10.6326       94
 10.66482      96
 10.69704      97
 10.69704      99
 10.72926      101
 10.76148      103
 10.7937       105
 10.82592      106
 10.85814      108
 10.89036      110
 10.92258      111
 10.9548       113
 10.98702      115
 10.98702      117
 11.01924      118
 11.05146      120
 11.08368      122
 11.1159       123
 11.14812      125
 11.18034      127
 11.21256      129
 11.24478      130
 11.24478      132
 11.277        134
 11.30922      135
 11.34144      137
 11.37366      138
 11.40588      140
 11.4381       141
 11.47032      143
 11.50254      144
 11.50254      145
 11.53476      146
 11.56698      147
 11.5992       148
 11.63142      149
 11.66364      149
 11.69586      150
 11.72808      150
 11.7603       150
 11.7603       150
 11.79252      150
 11.82474      150
 11.85696      149
 11.88918      149
 11.9214       148
 11.95362      147
 11.98584      146
 12.01806      145
 12.01806      143
 12.05028      142
 12.0825       140
 12.11472      138
 12.14694      137
 12.17916      135
 12.21138      133
 12.2436       131
 12.27582      128
 12.27582      126
 12.30804      124
 12.34026      121
 12.37248      119
 12.4047       116
 12.43692      114
 12.46914      111
 12.50136      109
 12.50136      106
 12.53358      103
 12.5658       101
 12.59802      98
 12.63024      95
 12.66246      92
 12.69468      90
 12.7269       88
 12.75912      85
 12.75912      83
 12.79134      81
 12.82356      79
 12.85578      77
 12.888        76
 12.92022      74
 12.95244      72
 12.98466      71
 13.01688      70
 13.0491       68
 13.08132      67
 13.11354      66
 13.14576      65
 13.17798      64
 13.2102       63
 13.24242      62
 13.24242      61
 13.27464      61
 13.30686      60
 13.33908      60
 13.3713       59
 13.40352      59
 13.43574      59
 13.46796      58
 13.50018      58
 13.50018      58
 13.5324       58
 13.56462      58
 13.59684      58
 13.62906      58
 13.66128      58
 13.6935       58
 13.72572      59
 13.72572      59
 13.75794      59
 13.79016      60
 13.82238      60
 13.8546       61
 13.88682      61
 13.91904      62
 13.95126      62
 13.95126      63
 13.98348      64
 14.0157       64
 14.04792      65
 14.08014      66
 14.11236      67
 14.14458      68
 14.1768       68
 14.1768       69
 14.20902      70
 14.24124      71
 14.27346      72
 14.30568      73
 14.3379       74
 14.37012      76
 14.40234      77
 14.40234      77
 14.43456      77
 14.46678      79
 14.499        79
 14.53122      79
 14.56344      80
 14.59566      81
 14.59566      82
 14.62788      84
 14.6601       85
 14.69232      87
 14.72454      88
 14.75676      90
 14.78898      91
 14.8212       92
 14.8212       94
 14.85342      96
 14.88564      97
 14.91786      99
 14.95008      101
 14.9823       103
 15.01452      104
 15.01452      106
 15.04674      108
 15.07896      109
 15.11118      111
 15.1434       113
 15.17562      114
 15.20784      116
 15.24006      118
 15.24006      120
 15.27228      121
 15.3045       123
 15.33672      125
 15.36894      126
 15.40116      128
 15.43338      130
 15.4656       132
 15.4656       134
 15.49782      135
 15.53004      137
 15.56226      139
 15.59448      141
 15.6267       143
 15.65892      145
 15.65892      147
 15.69114      149
 15.72336      151
 15.75558      153
 15.7878       154
 15.82002      156
 15.85224      158
 15.88446      160
 15.88446      162
 15.91668      164
 15.9489       166
 15.98112      168
 16.01334      170
 16.04556      171
 16.07778      173
 16.07778      174
 16.11         176
 16.14222      178
 16.17444      179
 16.20666      181
 16.2711       182
 16.30332      183
 16.30332      185
 16.33554      186
 16.36776      187
 16.39998      188
 16.4322       190
 16.46442      191
 16.49664      192
 16.49664      193
 16.52886      194
 16.56108      194
 16.5933       195
 16.62552      196
 16.65774      196
 16.65774      197
 16.68996      197
 16.72218      197
 16.7544       197
 16.78662      197
 16.81884      197
 16.85106      197
 16.88328      197
 16.88328      196
 16.9155       196
 16.94772      195
 16.97994      195
 17.01216      194
 17.04438      193
 17.0766       192
 17.0766       190
 17.10882      189
 17.14104      187
 17.17326      186
 17.20548      184
 17.2377       182
 17.26992      180
 17.26992      178
 17.30214      176
 17.33436      173
 17.36658      171
 17.3988       168
 17.43102      166
 17.43102      163
 17.46324      160
 17.49546      158
 17.52768      155
 17.5599       152
 17.59212      149
 17.62434      146
 17.62434      143
 17.65656      141
 17.68878      138
 17.721        135
 17.75322      133
 17.78544      130
 17.81766      127
 17.81766      125
 17.84988      122
 17.8821       120
 17.91432      118
 17.94654      116
 17.97876      114
 17.97876      112
 18.01098      110
 18.0432       108
 18.07542      107
 18.10764      105
 18.13986      104
 18.17208      102
 18.17208      101
 18.2043       99
 18.23652      98
 18.26874      97
 18.30096      96
 18.33318      95
 18.3654       95
 18.3654       94
 18.39762      93
 18.42984      93
 18.46206      93
 18.49428      92
 18.5265       92
 18.5265       92
 18.55872      91
 18.59094      91
 18.62316      91
 18.65538      91
 18.6876       91
 18.71982      91
 18.71982      91
 18.75204      91
 18.78426      92
 18.81648      92
 18.8487       92
 18.88092      93
 18.88092      93
 18.91314      93
 18.94536      94
 18.97758      94
 19.0098       95
 19.04202      95
 19.07424      96
 19.07424      97
 19.10646      97
 19.13868      98
 19.1709       99
 19.20312      100
 19.23534      101
 19.23534      102
 19.26756      103
 19.29978      104
 19.332        104
 19.36422      105
 19.39644      106
 19.39644      107
 19.42866      108
 19.46088      109
 19.52532      110
 19.55754      112
 19.58976      113
 19.58976      114
 19.62198      115
 19.6542       116
 19.68642      118
 19.71864      119
 19.75086      120
 19.75086      121
 19.78308      123
 19.8153       124
 19.84752      125
 19.87974      127
 19.91196      128
 19.91196      130
 19.94418      131
 19.9764       133
 20.00862      134
 20.04084      136
 20.07306      137
 20.07306      139
 20.10528      140
 20.1375       142
 20.16972      144
 20.20194      145
 20.23416      147
 20.26638      149
 20.26638      150
 20.2986       152
 20.33082      154
 20.36304      156
 20.39526      158
 20.42748      160
 20.42748      162
 20.4597       163
 20.49192      165
 20.52414      167
 20.55636      168
 20.58858      170
 20.58858      172
 20.6208       174
 20.65302      176
 20.68524      177
 20.71746      179
 20.74968      181
 20.74968      183
 20.7819       185
 20.81412      187
 20.84634      188
 20.87856      190
 20.87856      192
 20.91078      194
 20.943        196
 20.97522      198
 21.00744      200
 21.03966      202
 21.03966      204
 21.07188      206
 21.1041       208
 21.13632      209
 21.16854      211
 21.20076      213
 21.20076      215
 21.23298      217
 21.2652       218
 21.29742      220
 21.32964      221
 21.36186      222
 21.36186      223
 21.39408      224
 21.4263       225
 21.45852      226
 21.49074      227
 21.52296      229
 21.52296      229
 21.55518      231
 21.5874       231
 21.61962      232
 21.65184      233
 21.68406      234
 21.68406      235
 21.71628      235
 21.7485       236
 21.78072      236
 21.81294      237
 21.84516      238
 21.84516      238
 21.87738      239
 21.9096       239
 21.94182      239
 21.97404      239
 21.97404      238
 22.00626      238
 22.03848      237
 22.0707       237
 22.10292      236
 22.13514      235
 22.13514      234
 22.16736      233
 22.19958      232
 22.2318       231
 22.26402      230
 22.26402      229
 22.29624      227
 22.32846      226
 22.36068      225
 22.3929       223
 22.42512      222
 22.42512      220
 22.45734      219
 22.48956      217
 22.52178      215
 22.554        213
 22.58622      212
 22.58622      210
 22.61844      208
 22.65066      206
 22.68288      204
 22.7151       202
 22.74732      199
 22.77954      198
 22.81176      195
 22.84398      193
 22.8762       191
 22.8762       189
 22.90842      187
 22.94064      185
 22.97286      183
 23.00508      182
 23.00508      180
 23.0373       178
 23.06952      176
 23.10174      174
 23.13396      173
 23.13396      171
 23.16618      170
 23.1984       168
 23.23062      167
 23.26284      165
 23.29506      164
 23.29506      163
 23.32728      161
 23.3595       160
 23.39172      159
 23.42394      158
 23.42394      157
 23.45616      156
 23.48838      155
 23.5206       154
 23.55282      153
 23.58504      152
 23.58504      152
 23.61726      152
 23.64948      151
 23.6817       150
 23.71392      150
 23.71392      149
 23.74614      148
 23.77836      148
 23.81058      147
 23.8428       147
 23.8428       146
 23.87502      146
 23.90724      146
 23.93946      146
 23.97168      146
 23.97168      146
 24.0039       145
 24.03612      146
 24.06834      146
 24.10056      146
 24.10056      146
 24.13278      146
 24.165        146
 24.19722      146
 24.22944      146
 24.26166      146
 24.26166      147
 24.29388      147
 24.3261       147
 24.35832      148
 24.39054      148
 24.39054      149
 24.42276      149
 24.45498      150
 24.4872       151
 24.51942      151
 24.51942      152
 24.55164      153
 24.58386      153
 24.61608      154
 24.6483       155
 24.6483       155
 24.68052      156
 24.71274      157
 24.74496      158
 24.77718      159
 24.77718      160
 24.8094       161
 24.84162      162
 24.87384      163
 24.90606      164
 24.90606      165
 24.93828      166
 24.9705       167
 25.00272      168
 25.03494      170
 25.03494      171
 25.06716      172
 25.09938      173
 25.1316       175
 25.16382      176
 25.16382      177
 25.19604      179
 25.22826      180
 25.26048      181
 25.2927       183
 25.2927       184
 25.32492      186
 25.35714      187
 25.38936      189
 25.42158      190
 25.42158      191
 25.4538       193
 25.48602      194
 25.51824      196
 25.55046      198
 25.55046      199
 25.58268      201
 25.6149       203
 25.64712      205
 25.67934      206
 25.67934      208
 25.71156      209
 25.74378      211
 25.776        213
 25.80822      215
 25.80822      216
 25.84044      218
 25.87266      219
 25.90488      220
 25.9371       222
 25.9371       223
 25.96932      225
 26.03376      226
 26.06598      228
 26.06598      229
 26.0982       231
 26.13042      232
 26.16264      234
 26.19486      235
 26.19486      237
 26.22708      238
 26.2593       239
 26.29152      241
 26.32374      242
 26.32374      243
 26.35596      245
 26.38818      246
 26.4204       247
 26.4204       249
 26.45262      250
 26.48484      251
 26.51706      252
 26.54928      253
 26.5815       255
 26.5815       256
 26.61372      257
 26.64594      258
 26.67816      258
 26.71038      259
 26.71038      260
 26.7426       261
 26.77482      262
 26.80704      262
 26.83926      263
 26.83926      264
 26.87148      264
 26.9037       265
 26.93592      265
 26.96814      266
 26.96814      266
 27.00036      266
 27.03258      267
 27.0648       267
 27.0648       267
 27.09702      267
 27.12924      268
 27.16146      268
 27.19368      268
 27.19368      267
 27.2259       267
 27.25812      266
 27.29034      266
 27.29034      265
 27.32256      265
 27.35478      264
 27.387        264
 27.41922      263
 27.41922      263
 27.45144      262
 27.48366      262
 27.51588      261
 27.51588      261
 27.5481       260
 27.58032      260
 27.61254      259
 27.64476      258
 27.64476      258
 27.67698      257
 27.7092       256
 27.74142      255
 27.74142      255
 27.77364      254
 27.80586      253
 27.83808      252
 27.8703       251
 27.8703       250
 27.90252      249
 27.93474      249
 27.96696      248
 27.96696      247
 27.99918      246
 28.0314       245
 28.06362      244
 28.09584      243
 28.09584      242
 28.12806      241
 28.16028      240
 28.1925       239
 28.1925       238
 28.22472      237
 28.25694      236
 28.28916      235
 28.28916      234
 28.32138      233
 28.3536       232
 28.38582      231
 28.41804      230
