 0             4
 0             5
 0             5
 0             4
 0             4
 0             4
 0             3
 0             3
 0             3
 0             3
 0             3
 0             2
 3.222e-002    2
 3.222e-002    2
 6.444e-002    2
 9.666e-002    2
 9.666e-002    2
 0.12888       2
 0.1611        2
 0.19332       2
 0.22554       2
 0.22554       2
 0.25776       2
 0.28998       2
 0.3222        2
 0.35442       3
 0.38664       2
 0.41886       2
 0.45108       3
 0.45108       2
 0.4833        2
 0.51552       3
 0.54774       2
 0.57996       3
 0.61218       3
 0.6444        3
 0.67662       3
 0.67662       3
 0.70884       3
 0.74106       3
 0.77328       3
 0.8055        3
 0.83772       3
 0.86994       3
 0.90216       3
 0.93438       3
 0.93438       3
 0.99882       3
 0.99882       3
 1.03104       3
 1.06326       3
 1.09548       3
 1.1277        3
 1.15992       3
 1.19214       3
 1.22436       3
 1.25658       3
 1.2888        3
 1.32102       3
 1.35324       3
 1.35324       3
 1.38546       3
 1.41768       3
 1.4499        3
 1.48212       3
 1.51434       3
 1.54656       3
 1.57878       3
 1.611         3
 1.64322       3
 1.67544       3
 1.70766       3
 1.73988       3
 1.7721        4
 1.7721        4
 1.80432       3
 1.83654       4
 1.86876       4
 1.90098       4
 1.9332        4
 1.96542       4
 1.99764       4
 2.02986       4
 2.06208       4
 2.0943        4
 2.12652       4
 2.15874       4
 2.19096       4
 2.22318       4
 2.2554        4
 2.2554        4
 2.28762       4
 2.31984       4
 2.35206       4
 2.38428       4
 2.4165        4
 2.44872       5
 2.48094       4
 2.51316       5
 2.54538       5
 2.5776        5
 2.60982       5
 2.64204       5
 2.67426       5
 2.70648       5
 2.70648       5
 2.7387        5
 2.77092       6
 2.80314       6
 2.83536       6
 2.86758       6
 2.8998        6
 2.93202       6
 2.96424       7
 2.99646       6
 3.02868       7
 3.0609        7
 3.09312       7
 3.12534       7
 3.15756       7
 3.18978       7
 3.222         8
 3.25422       8
 3.28644       8
 3.31866       8
 3.35088       8
 3.3831        8
 3.41532       9
 3.44754       9
 3.47976       9
 3.51198       9
 3.5442        9
 3.57642       10
 3.60864       10
 3.60864       10
 3.64086       10
 3.67308       11
 3.7053        11
 3.73752       11
 3.76974       12
 3.80196       12
 3.83418       12
 3.8664        12
 3.89862       13
 3.93084       13
 3.96306       13
 3.99528       13
 4.0275        14
 4.05972       14
 4.09194       15
 4.09194       15
 4.12416       15
 4.15638       16
 4.1886        16
 4.22082       16
 4.25304       17
 4.28526       17
 4.31748       17
 4.3497        18
 4.38192       18
 4.41414       18
 4.44636       19
 4.47858       19
 4.5108        19
 4.5108        20
 4.54302       20
 4.57524       21
 4.60746       22
 4.63968       22
 4.6719        23
 4.70412       23
 4.73634       24
 4.76856       24
 4.80078       25
 4.833         25
 4.86522       26
 4.89744       27
 4.89744       27
 4.92966       28
 4.96188       28
 4.9941        29
 5.02632       30
 5.05854       30
 5.09076       31
 5.12298       32
 5.1552        32
 5.18742       33
 5.21964       34
 5.25186       35
 5.28408       36
 5.28408       36
 5.3163        37
 5.34852       38
 5.38074       39
 5.41296       39
 5.44518       40
 5.4774        41
 5.50962       42
 5.54184       43
 5.57406       44
 5.60628       45
 5.6385        46
 5.67072       46
 5.67072       47
 5.70294       48
 5.73516       49
 5.76738       50
 5.7996        51
 5.83182       52
 5.86404       53
 5.89626       54
 5.92848       55
 5.9607        57
 5.99292       57
 6.02514       59
 6.05736       60
 6.05736       61
 6.08958       62
 6.1218        63
 6.15402       64
 6.18624       65
 6.21846       66
 6.25068       67
 6.2829        69
 6.31512       70
 6.34734       71
 6.37956       72
 6.41178       73
 6.444         74
 6.444         75
 6.50844       75
 6.54066       76
 6.57288       77
 6.6051        77
 6.63732       77
 6.66954       78
 6.70176       77
 6.73398       78
 6.7662        77
 6.7662        77
 6.79842       77
 6.83064       76
 6.86286       75
 6.89508       75
 6.9273        74
 6.95952       73
 6.99174       72
 7.02396       71
 7.05618       70
 7.0884        68
 7.12062       67
 7.12062       66
 7.15284       65
 7.18506       64
 7.21728       63
 7.2495        61
 7.28172       60
 7.31394       59
 7.34616       54
 7.37838       46
 7.4106        39
 7.44282       34
 7.44282       31
 7.47504       29
 7.50726       28
 7.53948       27
 7.5717        27
 7.60392       26
 7.63614       26
 7.66836       26
 7.70058       26
 7.7328        26
 7.76502       30
 7.79724       31
 7.79724       33
 7.82946       33
 7.86168       33
 7.8939        32
 7.92612       32
 7.95834       32
 7.99056       31
 8.02278       31
 8.055         30
 8.08722       30
 8.11944       30
 8.11944       29
 8.15166       29
 8.18388       29
 8.2161        29
 8.24832       29
 8.28054       29
 8.31276       28
 8.34498       29
 8.3772        29
 8.40942       28
 8.44164       29
 8.44164       29
 8.47386       29
 8.50608       29
 8.5383        29
 8.57052       29
 8.60274       30
 8.63496       30
 8.66718       30
 8.6994        30
 8.73162       30
 8.76384       31
 8.76384       31
 8.79606       32
 8.82828       32
 8.8605        33
 8.89272       33
 8.92494       34
 8.95716       34
 8.98938       35
 9.0216        36
 9.05382       36
 9.05382       37
 9.08604       37
 9.11826       38
 9.15048       39
 9.1827        39
 9.21492       40
 9.24714       41
 9.27936       42
 9.31158       42
 9.3438        43
 9.3438        44
 9.37602       44
 9.40824       46
 9.44046       46
 9.47268       47
 9.5049        48
 9.53712       49
 9.56934       50
 9.60156       51
 9.63378       52
 9.666         53
 9.666         54
 9.69822       55
 9.76266       56
 9.79488       57
 9.8271        58
 9.85932       59
 9.89154       60
 9.92376       61
 9.95598       62
 9.95598       63
 9.9882        65
 10.02042      66
 10.05264      67
 10.08486      68
 10.11708      69
 10.1493       71
 10.18152      72
 10.21374      75
 10.24596      79
 10.24596      81
 10.27818      82
 10.3104       84
 10.34262      85
 10.37484      86
 10.40706      87
 10.43928      88
 10.4715       89
 10.50372      90
 10.50372      91
 10.53594      92
 10.56816      93
 10.60038      94
 10.6326       96
 10.66482      97
 10.69704      98
 10.72926      100
 10.76148      102
 10.76148      103
 10.7937       105
 10.82592      106
 10.85814      108
 10.89036      109
 10.92258      111
 10.9548       112
 10.98702      114
 11.01924      116
 11.01924      117
 11.05146      119
 11.08368      120
 11.1159       122
 11.14812      123
 11.18034      124
 11.21256      126
 11.24478      127
 11.277        128
 11.30922      130
 11.30922      131
 11.34144      131
 11.37366      132
 11.40588      133
 11.4381       133
 11.47032      134
 11.50254      134
 11.53476      134
 11.53476      134
 11.56698      133
 11.5992       133
 11.63142      132
 11.66364      131
 11.69586      130
 11.72808      130
 11.7603       131
 11.79252      131
 11.79252      130
 11.82474      128
 11.85696      126
 11.88918      124
 11.9214       122
 11.95362      120
 11.98584      117
 12.01806      115
 12.05028      113
 12.05028      111
 12.0825       109
 12.11472      107
 12.14694      104
 12.17916      102
 12.21138      99
 12.2436       97
 12.27582      95
 12.30804      93
 12.30804      91
 12.34026      87
 12.37248      78
 12.4047       65
 12.43692      58
 12.46914      57
 12.50136      53
 12.50136      52
 12.53358      51
 12.5658       51
 12.59802      51
 12.63024      51
 12.66246      52
 12.69468      52
 12.7269       52
 12.75912      52
 12.75912      53
 12.79134      52
 12.82356      52
 12.85578      52
 12.888        52
 12.92022      52
 12.95244      52
 12.98466      52
 13.01688      52
 13.0491       52
 13.08132      51
 13.11354      51
 13.14576      51
 13.17798      51
 13.2102       51
 13.24242      51
 13.24242      51
 13.27464      51
 13.30686      51
 13.33908      51
 13.3713       52
 13.40352      51
 13.43574      52
 13.46796      52
 13.46796      52
 13.50018      52
 13.5324       53
 13.56462      53
 13.59684      54
 13.62906      54
 13.66128      54
 13.6935       55
 13.6935       55
 13.72572      56
 13.75794      57
 13.79016      57
 13.82238      58
 13.8546       59
 13.88682      59
 13.91904      60
 13.91904      61
 13.95126      62
 13.98348      63
 14.0157       64
 14.04792      64
 14.08014      65
 14.11236      66
 14.14458      67
 14.14458      68
 14.1768       69
 14.20902      70
 14.24124      72
 14.27346      73
 14.30568      74
 14.3379       75
 14.3379       76
 14.37012      77
 14.40234      79
 14.43456      80
 14.46678      81
 14.499        82
 14.53122      83
 14.56344      85
 14.56344      86
 14.59566      87
 14.62788      89
 14.6601       90
 14.69232      92
 14.72454      93
 14.75676      95
 14.78898      96
 14.78898      98
 14.8212       99
 14.85342      101
 14.88564      103
 14.91786      105
 14.95008      106
 14.9823       108
 14.9823       109
 15.01452      111
 15.04674      113
 15.07896      114
 15.11118      116
 15.1434       118
 15.17562      120
 15.20784      122
 15.20784      123
 15.24006      125
 15.27228      127
 15.3045       129
 15.33672      131
 15.36894      133
 15.40116      134
 15.40116      136
 15.43338      138
 15.4656       140
 15.49782      143
 15.53004      145
 15.56226      146
 15.59448      149
 15.59448      151
 15.6267       152
 15.65892      154
 15.69114      156
 15.72336      158
 15.75558      161
 15.7878       162
 15.82002      164
 15.82002      167
 15.85224      168
 15.88446      170
 15.91668      173
 15.9489       174
 15.98112      176
 16.01334      178
 16.01334      180
 16.04556      182
 16.07778      184
 16.11         185
 16.14222      187
 16.17444      188
 16.20666      189
 16.20666      191
 16.2711       191
 16.30332      192
 16.33554      193
 16.36776      193
 16.39998      194
 16.4322       194
 16.4322       194
 16.46442      194
 16.49664      194
 16.52886      194
 16.56108      193
 16.5933       192
 16.62552      192
 16.62552      191
 16.65774      190
 16.68996      189
 16.72218      188
 16.7544       186
 16.78662      185
 16.78662      183
 16.81884      181
 16.85106      180
 16.88328      178
 16.9155       176
 16.94772      175
 16.97994      172
 17.01216      171
 17.01216      169
 17.04438      166
 17.0766       164
 17.10882      162
 17.14104      159
 17.17326      157
 17.17326      154
 17.20548      152
 17.2377       149
 17.26992      147
 17.30214      144
 17.33436      142
 17.36658      139
 17.36658      137
 17.3988       135
 17.43102      132
 17.46324      130
 17.49546      128
 17.52768      126
 17.5599       124
 17.5599       122
 17.59212      120
 17.62434      119
 17.65656      117
 17.68878      115
 17.721        114
 17.721        112
 17.75322      111
 17.78544      109
 17.81766      108
 17.84988      106
 17.8821       105
 17.91432      104
 17.91432      103
 17.94654      102
 17.97876      100
 18.01098      99
 18.0432       98
 18.07542      97
 18.10764      97
 18.10764      96
 18.13986      95
 18.17208      95
 18.2043       95
 18.23652      94
 18.26874      94
 18.26874      93
 18.30096      93
 18.33318      93
 18.3654       93
 18.39762      93
 18.42984      93
 18.46206      92
 18.46206      93
 18.49428      93
 18.5265       92
 18.55872      93
 18.59094      93
 18.62316      93
 18.62316      94
 18.65538      94
 18.6876       94
 18.71982      95
 18.75204      95
 18.78426      96
 18.81648      97
 18.81648      97
 18.8487       98
 18.88092      99
 18.91314      99
 18.94536      101
 18.97758      102
 18.97758      103
 19.0098       104
 19.04202      104
 19.07424      105
 19.10646      106
 19.13868      107
 19.13868      108
 19.1709       109
 19.20312      110
 19.23534      111
 19.26756      113
 19.29978      114
 19.332        115
 19.332        117
 19.36422      119
 19.39644      120
 19.42866      121
 19.46088      122
 19.4931       123
 19.52532      125
 19.55754      126
 19.58976      128
 19.62198      129
 19.6542       130
 19.6542       132
 19.68642      133
 19.71864      135
 19.75086      137
 19.78308      138
 19.8153       140
 19.8153       142
 19.84752      143
 19.87974      145
 19.91196      147
 19.94418      149
 19.9764       151
 20.00862      153
 20.00862      155
 20.04084      157
 20.07306      159
 20.10528      160
 20.1375       163
 20.16972      164
 20.16972      167
 20.20194      169
 20.23416      171
 20.26638      173
 20.2986       175
 20.33082      177
 20.33082      179
 20.36304      181
 20.39526      183
 20.42748      186
 20.4597       188
 20.49192      190
 20.49192      193
 20.52414      195
 20.55636      197
 20.58858      199
 20.6208       202
 20.65302      205
 20.65302      207
 20.68524      209
 20.71746      211
 20.74968      214
 20.7819       216
 20.7819       218
 20.81412      221
 20.84634      223
 20.87856      225
 20.91078      227
 20.943        229
 20.943        231
 20.97522      233
 21.00744      235
 21.03966      237
 21.07188      239
 21.1041       240
 21.1041       242
 21.13632      243
 21.16854      245
 21.20076      246
 21.23298      247
 21.2652       249
 21.2652       250
 21.29742      250
 21.32964      251
 21.36186      252
 21.39408      252
 21.4263       253
 21.4263       253
 21.45852      254
 21.49074      254
 21.52296      254
 21.55518      254
 21.5874       254
 21.5874       253
 21.61962      253
 21.65184      253
 21.68406      252
 21.71628      251
 21.71628      251
 21.7485       250
 21.78072      249
 21.81294      248
 21.84516      246
 21.87738      245
 21.87738      244
 21.9096       242
 21.94182      241
 21.97404      239
 22.00626      237
 22.00626      235
 22.03848      233
 22.0707       231
 22.10292      229
 22.13514      227
 22.16736      225
 22.16736      223
 22.19958      220
 22.2318       218
 22.26402      216
 22.29624      213
 22.32846      212
 22.32846      209
 22.36068      207
 22.3929       205
 22.42512      203
 22.45734      201
 22.48956      198
 22.48956      197
 22.52178      195
 22.554        192
 22.58622      191
 22.61844      189
 22.65066      187
 22.65066      185
 22.68288      183
 22.7151       181
 22.77954      180
 22.77954      178
 22.81176      176
 22.84398      175
 22.8762       173
 22.90842      172
 22.90842      171
 22.94064      169
 22.97286      168
 23.00508      167
 23.0373       166
 23.06952      165
 23.06952      164
 23.10174      163
 23.13396      163
 23.16618      162
 23.1984       161
 23.1984       161
 23.23062      160
 23.26284      159
 23.29506      159
 23.32728      158
 23.32728      158
 23.3595       157
 23.39172      157
 23.42394      156
 23.45616      156
 23.48838      155
 23.48838      155
 23.5206       155
 23.55282      155
 23.58504      155
 23.61726      155
 23.61726      155
 23.64948      155
 23.6817       155
 23.71392      155
 23.74614      156
 23.74614      155
 23.77836      156
 23.81058      156
 23.8428       156
 23.87502      157
 23.90724      157
 23.90724      157
 23.93946      157
 23.97168      158
 24.0039       158
 24.03612      159
 24.03612      159
 24.06834      160
 24.10056      160
 24.13278      160
 24.165        161
 24.165        162
 24.19722      163
 24.22944      164
 24.26166      164
 24.29388      165
 24.3261       166
 24.3261       167
 24.35832      168
 24.39054      169
 24.42276      170
 24.42276      171
 24.45498      173
 24.4872       173
 24.51942      175
 24.55164      176
 24.58386      177
 24.58386      179
 24.61608      180
 24.6483       181
 24.68052      183
 24.71274      184
 24.71274      186
 24.74496      187
 24.77718      189
 24.8094       190
 24.84162      192
 24.84162      193
 24.87384      195
 24.90606      197
 24.93828      198
 24.9705       201
 24.9705       203
 25.00272      205
 25.03494      207
 25.06716      209
 25.09938      210
 25.09938      212
 25.1316       214
 25.16382      216
 25.19604      218
 25.19604      220
 25.22826      222
 25.26048      224
 25.2927       226
 25.32492      228
 25.35714      231
 25.35714      232
 25.38936      235
 25.42158      237
 25.4538       239
 25.4538       241
 25.48602      243
 25.51824      245
 25.55046      248
 25.58268      250
 25.6149       252
 25.6149       254
 25.64712      256
 25.67934      258
 25.71156      261
 25.71156      263
 25.74378      265
 25.776        267
 25.80822      269
 25.84044      271
 25.84044      273
 25.87266      275
 25.90488      277
 25.9371       279
 25.96932      281
 25.96932      283
 26.03376      285
 26.06598      286
 26.0982       288
 26.0982       290
 26.13042      291
 26.16264      293
 26.19486      294
 26.22708      296
 26.22708      298
 26.2593       299
 26.29152      300
 26.32374      301
 26.32374      303
 26.35596      304
 26.38818      305
 26.4204       306
 26.45262      307
 26.45262      308
 26.48484      309
 26.51706      310
 26.54928      310
 26.5815       311
 26.5815       311
 26.61372      312
 26.64594      312
 26.67816      312
 26.71038      312
 26.71038      312
 26.7426       312
 26.77482      312
 26.80704      312
 26.83926      312
 26.83926      311
 26.87148      311
 26.9037       310
 26.93592      309
 26.93592      309
 26.96814      308
 27.00036      307
 27.03258      306
 27.0648       305
 27.0648       304
 27.09702      303
 27.12924      301
 27.16146      300
 27.19368      299
 27.19368      298
 27.2259       297
 27.25812      296
 27.29034      294
 27.29034      293
 27.32256      292
 27.35478      290
 27.387        289
 27.41922      288
 27.41922      286
 27.45144      285
 27.48366      284
 27.51588      282
 27.51588      281
 27.5481       279
 27.58032      278
 27.61254      276
 27.61254      274
 27.64476      272
 27.67698      271
 27.7092       269
 27.74142      268
 27.74142      266
 27.77364      265
 27.80586      264
 27.83808      263
 27.83808      262
 27.8703       261
 27.90252      260
 27.93474      259
 27.96696      258
 27.96696      257
 27.99918      256
 28.0314       255
 28.06362      254
 28.06362      254
 28.09584      253
 28.12806      252
 28.16028      251
 28.1925       251
 28.1925       250
 28.22472      249
 28.25694      249
 28.28916      248
 28.28916      247
 28.32138      247
 28.3536       246
