 0             5
 0             5
 0             5
 0             5
 0             5
 0             5
 0             5
 0             5
 0             5
 0             5
 0             5
 0             5
 0             5
 3.222e-002    5
 3.222e-002    5
 6.444e-002    5
 9.666e-002    5
 9.666e-002    5
 0.12888       5
 0.1611        5
 0.19332       5
 0.19332       5
 0.22554       5
 0.25776       5
 0.28998       5
 0.3222        5
 0.35442       5
 0.38664       5
 0.38664       5
 0.41886       5
 0.45108       5
 0.4833        5
 0.51552       5
 0.54774       5
 0.57996       5
 0.61218       5
 0.6444        5
 0.6444        5
 0.67662       5
 0.70884       5
 0.74106       5
 0.77328       5
 0.8055        5
 0.83772       5
 0.86994       5
 0.90216       5
 0.93438       5
 0.9666        5
 0.99882       5
 1.03104       5
 1.03104       5
 1.06326       5
 1.09548       5
 1.1277        5
 1.15992       5
 1.19214       5
 1.22436       5
 1.25658       5
 1.2888        5
 1.32102       5
 1.35324       5
 1.38546       5
 1.41768       5
 1.4499        5
 1.4499        5
 1.48212       5
 1.51434       5
 1.54656       5
 1.57878       5
 1.611         5
 1.64322       5
 1.67544       5
 1.70766       5
 1.73988       5
 1.7721        5
 1.80432       5
 1.83654       5
 1.86876       5
 1.90098       5
 1.90098       5
 1.9332        5
 1.96542       6
 1.99764       5
 2.02986       5
 2.06208       6
 2.0943        6
 2.12652       6
 2.15874       6
 2.19096       6
 2.22318       6
 2.2554        6
 2.28762       6
 2.31984       6
 2.31984       6
 2.35206       6
 2.38428       7
 2.4165        6
 2.44872       6
 2.48094       7
 2.51316       7
 2.54538       7
 2.5776        7
 2.60982       7
 2.64204       7
 2.67426       7
 2.70648       7
 2.7387        7
 2.77092       7
 2.77092       7
 2.80314       7
 2.83536       7
 2.86758       7
 2.8998        7
 2.93202       7
 2.96424       7
 2.99646       7
 3.02868       7
 3.0609        7
 3.09312       7
 3.12534       7
 3.15756       7
 3.18978       7
 3.222         7
 3.25422       8
 3.28644       8
 3.31866       8
 3.35088       8
 3.3831        8
 3.41532       8
 3.44754       8
 3.47976       8
 3.51198       8
 3.5442        9
 3.57642       9
 3.60864       9
 3.60864       9
 3.64086       9
 3.67308       9
 3.7053        10
 3.73752       10
 3.76974       10
 3.80196       10
 3.83418       10
 3.8664        11
 3.89862       10
 3.93084       10
 3.96306       11
 3.99528       11
 4.0275        11
 4.0275        12
 4.05972       12
 4.09194       12
 4.12416       13
 4.15638       13
 4.1886        14
 4.22082       14
 4.25304       14
 4.28526       14
 4.31748       15
 4.3497        15
 4.38192       15
 4.41414       15
 4.41414       16
 4.44636       16
 4.47858       16
 4.5108        17
 4.54302       17
 4.57524       17
 4.60746       18
 4.63968       18
 4.6719        18
 4.70412       19
 4.73634       19
 4.76856       20
 4.80078       20
 4.80078       21
 4.833         21
 4.86522       22
 4.89744       22
 4.92966       23
 4.96188       23
 4.9941        24
 5.02632       24
 5.05854       25
 5.09076       25
 5.12298       26
 5.1552        27
 5.18742       27
 5.18742       28
 5.21964       28
 5.25186       29
 5.28408       30
 5.3163        30
 5.34852       31
 5.38074       32
 5.41296       32
 5.44518       33
 5.4774        34
 5.50962       35
 5.54184       35
 5.54184       36
 5.57406       37
 5.60628       38
 5.6385        39
 5.67072       39
 5.70294       40
 5.73516       41
 5.76738       42
 5.7996        43
 5.83182       44
 5.86404       45
 5.89626       46
 5.89626       47
 5.92848       48
 5.9607        49
 5.99292       50
 6.02514       51
 6.05736       52
 6.08958       53
 6.1218        54
 6.15402       55
 6.18624       56
 6.21846       58
 6.25068       59
 6.25068       60
 6.2829        61
 6.31512       62
 6.34734       63
 6.37956       65
 6.41178       66
 6.444         67
 6.50844       68
 6.54066       69
 6.57288       71
 6.57288       72
 6.6051        73
 6.63732       74
 6.66954       75
 6.70176       76
 6.73398       77
 6.7662        78
 6.79842       79
 6.83064       80
 6.86286       81
 6.89508       82
 6.9273        82
 6.9273        82
 6.95952       83
 6.99174       83
 7.02396       83
 7.05618       84
 7.0884        84
 7.12062       84
 7.15284       84
 7.18506       83
 7.21728       83
 7.2495        83
 7.2495        82
 7.28172       82
 7.31394       82
 7.34616       81
 7.37838       81
 7.4106        80
 7.44282       79
 7.47504       79
 7.50726       78
 7.53948       77
 7.53948       76
 7.5717        75
 7.60392       75
 7.63614       74
 7.66836       73
 7.70058       72
 7.7328        71
 7.76502       70
 7.79724       70
 7.82946       69
 7.86168       68
 7.86168       67
 7.8939        66
 7.92612       65
 7.95834       65
 7.99056       64
 8.02278       63
 8.055         63
 8.08722       62
 8.11944       61
 8.15166       60
 8.18388       59
 8.18388       58
 8.2161        58
 8.24832       57
 8.28054       57
 8.31276       57
 8.34498       56
 8.3772        56
 8.40942       56
 8.44164       55
 8.44164       55
 8.47386       55
 8.50608       55
 8.5383        55
 8.57052       55
 8.60274       55
 8.63496       55
 8.66718       55
 8.6994        55
 8.73162       55
 8.76384       55
 8.76384       55
 8.79606       55
 8.82828       56
 8.8605        56
 8.89272       56
 8.92494       57
 8.95716       57
 8.98938       57
 9.0216        58
 9.05382       58
 9.05382       59
 9.08604       60
 9.11826       60
 9.15048       61
 9.1827        62
 9.21492       62
 9.24714       63
 9.27936       64
 9.31158       64
 9.3438        65
 9.3438        66
 9.37602       67
 9.40824       68
 9.44046       69
 9.47268       70
 9.5049        71
 9.53712       72
 9.56934       73
 9.60156       75
 9.63378       75
 9.63378       77
 9.666         78
 9.69822       79
 9.76266       81
 9.79488       82
 9.8271        83
 9.85932       85
 9.89154       86
 9.89154       87
 9.92376       89
 9.95598       90
 9.9882        92
 10.02042      93
 10.05264      95
 10.08486      96
 10.11708      98
 10.1493       99
 10.1493       102
 10.18152      104
 10.21374      105
 10.24596      107
 10.27818      109
 10.3104       111
 10.34262      113
 10.37484      114
 10.40706      116
 10.40706      118
 10.43928      120
 10.4715       122
 10.50372      124
 10.53594      126
 10.56816      128
 10.60038      130
 10.6326       132
 10.66482      134
 10.66482      136
 10.69704      139
 10.72926      141
 10.76148      143
 10.7937       145
 10.82592      148
 10.85814      150
 10.89036      152
 10.92258      155
 10.92258      157
 10.9548       160
 10.98702      162
 11.01924      165
 11.05146      167
 11.08368      169
 11.1159       172
 11.14812      174
 11.18034      177
 11.18034      179
 11.21256      182
 11.24478      184
 11.277        186
 11.30922      189
 11.34144      191
 11.37366      193
 11.40588      195
 11.4381       197
 11.4381       199
 11.47032      200
 11.50254      203
 11.53476      204
 11.56698      206
 11.5992       207
 11.63142      208
 11.66364      209
 11.66364      209
 11.69586      210
 11.72808      209
 11.7603       210
 11.79252      209
 11.82474      209
 11.85696      208
 11.88918      207
 11.9214       206
 11.9214       205
 11.95362      204
 11.98584      202
 12.01806      200
 12.05028      199
 12.0825       197
 12.11472      196
 12.14694      194
 12.14694      192
 12.17916      191
 12.21138      189
 12.2436       187
 12.27582      185
 12.30804      183
 12.34026      181
 12.37248      179
 12.37248      177
 12.4047       176
 12.43692      173
 12.46914      171
 12.50136      169
 12.53358      166
 12.5658       164
 12.59802      162
 12.59802      159
 12.63024      157
 12.66246      155
 12.69468      153
 12.7269       151
 12.75912      148
 12.79134      146
 12.82356      145
 12.85578      143
 12.85578      141
 12.888        139
 12.92022      137
 12.95244      135
 13.01688      134
 13.0491       132
 13.0491       130
 13.08132      129
 13.11354      127
 13.14576      126
 13.17798      124
 13.2102       123
 13.24242      122
 13.27464      121
 13.30686      120
 13.30686      119
 13.33908      118
 13.3713       117
 13.40352      116
 13.43574      115
 13.46796      115
 13.50018      114
 13.5324       114
 13.5324       114
 13.56462      113
 13.59684      113
 13.62906      113
 13.66128      113
 13.6935       113
 13.72572      113
 13.72572      113
 13.75794      113
 13.79016      114
 13.82238      114
 13.8546       114
 13.88682      115
 13.91904      115
 13.95126      116
 13.95126      117
 13.98348      118
 14.0157       119
 14.04792      119
 14.08014      120
 14.11236      122
 14.14458      122
 14.1768       124
 14.1768       125
 14.20902      126
 14.24124      128
 14.27346      129
 14.30568      130
 14.3379       132
 14.37012      133
 14.37012      135
 14.40234      137
 14.43456      138
 14.46678      140
 14.499        142
 14.53122      143
 14.56344      146
 14.56344      148
 14.59566      149
 14.62788      151
 14.6601       153
 14.69232      154
 14.72454      157
 14.75676      159
 14.75676      161
 14.78898      163
 14.8212       165
 14.85342      167
 14.88564      170
 14.91786      172
 14.95008      175
 14.9823       177
 14.9823       179
 15.01452      182
 15.04674      185
 15.07896      187
 15.11118      190
 15.1434       192
 15.17562      195
 15.17562      198
 15.20784      201
 15.24006      204
 15.27228      207
 15.3045       210
 15.33672      212
 15.36894      216
 15.36894      219
 15.40116      222
 15.43338      224
 15.4656       227
 15.49782      230
 15.53004      233
 15.56226      235
 15.56226      239
 15.59448      242
 15.6267       245
 15.65892      248
 15.69114      251
 15.72336      254
 15.75558      258
 15.75558      261
 15.7878       264
 15.82002      268
 15.85224      271
 15.88446      274
 15.91668      278
 15.9489       281
 15.9489       284
 15.98112      288
 16.01334      291
 16.04556      295
 16.07778      298
 16.11         301
 16.14222      305
 16.14222      308
 16.17444      311
 16.20666      314
 16.2711       317
 16.30332      320
 16.33554      323
 16.33554      325
 16.36776      327
 16.39998      329
 16.4322       330
 16.46442      332
 16.49664      334
 16.52886      335
 16.52886      337
 16.56108      338
 16.5933       338
 16.62552      339
 16.65774      339
 16.68996      339
 16.68996      339
 16.72218      339
 16.7544       338
 16.78662      337
 16.81884      336
 16.85106      335
 16.88328      333
 16.88328      332
 16.9155       330
 16.94772      328
 16.97994      326
 17.01216      324
 17.04438      321
 17.0766       319
 17.0766       317
 17.10882      314
 17.14104      312
 17.17326      309
 17.20548      306
 17.2377       303
 17.26992      299
 17.26992      296
 17.30214      293
 17.33436      290
 17.36658      286
 17.3988       283
 17.43102      280
 17.43102      276
 17.46324      273
 17.49546      269
 17.52768      266
 17.5599       263
 17.59212      260
 17.59212      257
 17.62434      254
 17.65656      251
 17.68878      248
 17.721        245
 17.75322      242
 17.78544      240
 17.78544      237
 17.81766      235
 17.84988      232
 17.8821       230
 17.91432      228
 17.94654      225
 17.94654      223
 17.97876      221
 18.01098      219
 18.0432       216
 18.07542      215
 18.10764      213
 18.13986      211
 18.13986      209
 18.17208      207
 18.2043       205
 18.23652      204
 18.26874      202
 18.30096      200
 18.30096      199
 18.33318      198
 18.3654       197
 18.39762      196
 18.42984      194
 18.46206      194
 18.49428      193
 18.49428      192
 18.5265       192
 18.55872      191
 18.59094      190
 18.62316      190
 18.65538      189
 18.65538      189
 18.6876       189
 18.71982      189
 18.75204      189
 18.78426      189
 18.81648      189
 18.81648      189
 18.8487       189
 18.88092      189
 18.91314      190
 18.94536      190
 18.97758      191
 18.97758      192
 19.0098       192
 19.04202      193
 19.07424      194
 19.10646      195
 19.13868      196
 19.13868      197
 19.1709       198
 19.20312      199
 19.23534      200
 19.26756      202
 19.29978      204
 19.29978      205
 19.332        206
 19.36422      208
 19.39644      210
 19.42866      211
 19.46088      213
 19.46088      215
 19.52532      216
 19.55754      218
 19.58976      220
 19.62198      222
 19.6542       224
 19.6542       226
 19.68642      228
 19.71864      231
 19.75086      233
 19.78308      235
 19.8153       237
 19.8153       240
 19.84752      242
 19.87974      244
 19.91196      247
 19.94418      250
 19.94418      252
 19.9764       255
 20.00862      257
 20.04084      260
 20.07306      263
 20.10528      266
 20.1375       268
 20.1375       271
 20.16972      274
 20.20194      277
 20.23416      280
 20.26638      283
 20.26638      286
 20.2986       290
 20.33082      292
 20.36304      296
 20.39526      299
 20.42748      303
 20.42748      306
 20.4597       310
 20.49192      313
 20.52414      316
 20.55636      320
 20.58858      323
 20.58858      327
 20.6208       330
 20.65302      333
 20.68524      337
 20.71746      340
 20.74968      344
 20.74968      348
 20.7819       351
 20.81412      355
 20.84634      359
 20.87856      362
 20.87856      366
 20.91078      369
 20.943        373
 20.97522      377
 21.00744      380
 21.03966      384
 21.03966      387
 21.07188      390
 21.1041       394
 21.13632      397
 21.16854      400
 21.20076      404
 21.20076      408
 21.23298      410
 21.2652       413
 21.29742      416
 21.32964      419
 21.32964      421
 21.36186      424
 21.39408      426
 21.4263       428
 21.45852      430
 21.49074      431
 21.49074      433
 21.52296      434
 21.55518      435
 21.5874       437
 21.61962      437
 21.61962      438
 21.65184      438
 21.68406      439
 21.71628      439
 21.7485       439
 21.78072      438
 21.78072      438
 21.81294      438
 21.84516      437
 21.87738      436
 21.9096       435
 21.9096       434
 21.94182      433
 21.97404      431
 22.00626      429
 22.03848      427
 22.0707       425
 22.0707       423
 22.10292      420
 22.13514      418
 22.16736      415
 22.19958      412
 22.2318       409
 22.2318       406
 22.26402      402
 22.29624      398
 22.32846      397
 22.36068      391
 22.36068      386
 22.3929       383
 22.42512      379
 22.45734      376
 22.48956      373
 22.48956      369
 22.52178      366
 22.554        363
 22.58622      359
 22.61844      356
 22.65066      353
 22.65066      350
 22.68288      347
 22.7151       344
 22.77954      341
 22.77954      338
 22.81176      335
 22.84398      332
 22.8762       330
 22.90842      327
 22.90842      324
 22.94064      322
 22.97286      319
 23.00508      317
 23.0373       314
 23.06952      312
 23.06952      310
 23.10174      308
 23.13396      306
 23.16618      304
 23.1984       301
 23.1984       300
 23.23062      298
 23.26284      296
 23.29506      295
 23.32728      294
 23.32728      292
 23.3595       291
 23.39172      290
 23.42394      288
 23.45616      288
 23.45616      286
 23.48838      285
 23.5206       285
 23.55282      283
 23.58504      283
 23.58504      282
 23.61726      281
 23.64948      280
 23.6817       280
 23.71392      279
 23.71392      279
 23.74614      278
 23.77836      278
 23.81058      278
 23.8428       278
 23.87502      277
 23.87502      278
 23.90724      278
 23.93946      278
 23.97168      278
 23.97168      278
 24.0039       278
 24.03612      279
 24.06834      279
 24.10056      279
 24.13278      280
 24.13278      280
 24.165        281
 24.19722      281
 24.22944      282
 24.26166      283
 24.26166      283
 24.29388      284
 24.3261       285
 24.35832      286
 24.39054      287
 24.39054      288
 24.42276      289
 24.45498      291
 24.4872       292
 24.51942      293
 24.51942      295
 24.55164      296
 24.58386      298
 24.61608      300
 24.6483       301
 24.6483       304
 24.68052      306
 24.71274      307
 24.74496      309
 24.74496      311
 24.77718      313
 24.8094       315
 24.84162      317
 24.87384      319
 24.87384      321
 24.90606      323
 24.93828      325
 24.9705       328
 25.00272      330
 25.00272      332
 25.03494      335
 25.06716      337
 25.09938      340
 25.1316       343
 25.1316       345
 25.16382      348
 25.19604      351
 25.22826      353
 25.26048      356
 25.26048      359
 25.2927       362
 25.32492      365
 25.35714      368
 25.38936      370
 25.38936      374
 25.42158      377
 25.4538       380
 25.48602      383
 25.48602      386
 25.51824      389
 25.55046      393
 25.58268      396
 25.6149       399
 25.6149       403
 25.64712      407
 25.67934      410
 25.71156      413
 25.74378      416
 25.74378      420
 25.776        423
 25.80822      426
 25.84044      430
 25.87266      433
 25.87266      436
 25.90488      440
 25.9371       443
 25.96932      447
 26.00154      450
 26.03376      453
 26.06598      456
 26.0982       459
 26.13042      462
 26.13042      465
 26.16264      468
 26.19486      471
 26.22708      474
 26.22708      477
 26.2593       480
 26.29152      482
 26.32374      485
 26.35596      488
 26.35596      490
 26.38818      492
 26.4204       495
 26.45262      497
 26.48484      499
 26.48484      501
 26.51706      503
 26.54928      506
 26.5815       508
 26.5815       509
 26.61372      510
 26.64594      512
 26.67816      513
 26.71038      515
 26.71038      516
 26.7426       516
 26.77482      518
 26.80704      518
 26.83926      519
 26.83926      519
 26.87148      520
 26.9037       520
 26.93592      520
 26.93592      519
 26.96814      519
 27.00036      519
 27.03258      518
 27.0648       518
 27.0648       517
 27.09702      515
 27.12924      514
 27.16146      513
 27.16146      511
 27.19368      510
 27.2259       509
 27.25812      507
 27.29034      505
 27.29034      503
 27.32256      501
 27.35478      499
 27.387        497
 27.387        495
 27.41922      493
 27.45144      490
 27.48366      488
 27.48366      486
 27.51588      484
 27.5481       482
 27.58032      479
 27.61254      477
 27.61254      475
 27.64476      472
 27.67698      470
 27.7092       467
 27.7092       465
 27.74142      463
 27.77364      460
 27.80586      458
 27.83808      456
 27.83808      453
 27.8703       451
 27.90252      449
 27.93474      446
 27.93474      444
 27.96696      442
 27.99918      440
 28.0314       438
 28.06362      436
 28.06362      434
 28.09584      433
 28.12806      431
 28.12806      429
 28.16028      427
 28.1925       426
