 0             0
 0             0
 0             0
 0             0
 6.444e-002    0
 6.444e-002    0
 9.666e-002    0
 0.12888       0
 0.12888       0
 0.19332       0
 0.19332       0
 0.22554       0
 0.25776       0
 0.25776       0
 0.28998       0
 0.35442       0
 0.35442       0
 0.38664       0
 0.41886       0
 0.41886       0
 0.45108       0
 0.4833        0
 0.51552       0
 0.54774       0
 0.57996       0
 0.57996       0
 0.6444        0
 0.6444        0
 0.67662       0
 0.70884       0
 0.70884       0
 0.74106       0
 0.8055        0
 0.8055        0
 0.83772       0
 0.86994       0
 0.86994       0
 0.93438       0
 0.93438       0
 0.9666        0
 1.03104       0
 1.03104       0
 1.06326       0
 1.09548       0
 1.09548       0
 1.1277        0
 1.19214       0
 1.19214       0
 1.22436       0
 1.25658       0
 1.25658       0
 1.32102       0
 1.32102       0
 1.35324       0
 1.41768       0
 1.41768       0
 1.4499        0
 1.48212       0
 1.48212       0
 1.54656       0
 1.57878       0
 1.57878       0
 1.611         0
 1.64322       0
 1.67544       0
 1.70766       0
 1.70766       0
 1.7721        0
 1.7721        0
 1.80432       0
 1.83654       0
 1.86876       0
 1.90098       0
 1.9332        0
 1.9332        0
 1.96542       0
 1.99764       0
 2.02986       0
 2.06208       0
 2.0943        0
 2.0943        0
 2.15874       0
 2.15874       0
 2.19096       0
 2.22318       0
 2.2554        0
 2.28762       0
 2.31984       0
 2.31984       0
 2.38428       0
 2.4165        0
 2.4165        0
 2.44872       0
 2.48094       0
 2.48094       0
 2.54538       0
 2.54538       0
 2.5776        0
 2.64204       0
 2.64204       0
 2.67426       0
 2.70648       0
 2.7387        0
 2.77092       0
 2.80314       0
 2.80314       0
 2.83536       0
 2.86758       0
 2.8998        0
 2.93202       0
 2.96424       0
 2.96424       0
 3.02868       0
 3.02868       0
 3.0609        0
 3.09312       0
 3.12534       0
 3.15756       0
 3.18978       0
 3.222         0
 3.25422       0
 3.28644       0
 3.31866       0
 3.35088       0
 3.3831        0
 3.41532       0
 3.41532       0
 3.44754       0
 3.51198       0
 3.51198       0
 3.5442        0
 3.57642       0
 3.60864       0
 3.64086       0
 3.67308       0
 3.67308       0
 3.7053        0
 3.73752       0
 3.76974       0
 3.80196       0
 3.83418       0
 3.83418       0
 3.89862       0
 3.89862       0
 3.93084       0
 3.96306       0
 3.99528       0
 4.0275        0
 4.05972       0
 4.09194       1
 4.12416       1
 4.12416       1
 4.15638       1
 4.1886        1
 4.22082       1
 4.25304       1
 4.28526       1
 4.31748       2
 4.31748       2
 4.38192       2
 4.38192       2
 4.41414       2
 4.44636       3
 4.47858       3
 4.5108        3
 4.54302       3
 4.57524       4
 4.60746       4
 4.60746       4
 4.63968       4
 4.6719        4
 4.70412       5
 4.73634       5
 4.76856       5
 4.80078       5
 4.833         6
 4.86522       6
 4.86522       6
 4.92966       7
 4.92966       7
 4.96188       7
 4.9941        8
 5.02632       8
 5.05854       8
 5.09076       9
 5.09076       9
 5.12298       9
 5.1552        10
 5.18742       10
 5.21964       10
 5.25186       11
 5.28408       11
 5.3163        12
 5.34852       12
 5.34852       12
 5.41296       13
 5.41296       13
 5.44518       14
 5.4774        14
 5.50962       15
 5.54184       15
 5.57406       16
 5.60628       16
 5.6385        17
 5.67072       17
 5.67072       18
 5.70294       18
 5.73516       19
 5.76738       19
 5.7996        20
 5.83182       20
 5.86404       21
 5.89626       22
 5.89626       22
 5.92848       23
 5.9607        23
 5.99292       24
 6.02514       25
 6.05736       25
 6.08958       26
 6.1218        27
 6.15402       27
 6.15402       28
 6.21846       29
 6.21846       30
 6.25068       30
 6.2829        31
 6.31512       32
 6.34734       33
 6.37956       33
 6.37956       34
 6.444         35
 6.444         36
 6.50844       36
 6.54066       37
 6.57288       38
 6.6051        39
 6.63732       40
 6.66954       40
 6.66954       41
 6.73398       42
 6.73398       43
 6.7662        44
 6.79842       44
 6.83064       45
 6.86286       46
 6.89508       46
 6.9273        47
 6.95952       47
 6.95952       48
 6.99174       48
 7.02396       49
 7.05618       49
 7.0884        49
 7.12062       49
 7.15284       50
 7.18506       50
 7.21728       50
 7.21728       50
 7.2495        49
 7.28172       49
 7.31394       49
 7.34616       49
 7.37838       48
 7.4106        48
 7.44282       47
 7.44282       47
 7.47504       46
 7.50726       46
 7.53948       45
 7.5717        45
 7.60392       44
 7.63614       44
 7.66836       43
 7.70058       42
 7.70058       42
 7.76502       41
 7.76502       40
 7.79724       40
 7.82946       39
 7.86168       38
 7.8939        38
 7.92612       37
 7.95834       36
 7.99056       35
 7.99056       35
 8.02278       34
 8.055         33
 8.08722       33
 8.11944       32
 8.15166       31
 8.18388       31
 8.2161        30
 8.24832       30
 8.24832       29
 8.28054       29
 8.31276       28
 8.34498       28
 8.3772        27
 8.40942       27
 8.44164       27
 8.47386       26
 8.47386       26
 8.50608       26
 8.5383        25
 8.57052       25
 8.60274       25
 8.63496       25
 8.66718       25
 8.6994        24
 8.73162       24
 8.73162       24
 8.76384       24
 8.79606       24
 8.82828       24
 8.8605        24
 8.89272       24
 8.92494       24
 8.95716       25
 8.95716       25
 8.98938       25
 9.0216        25
 9.05382       25
 9.08604       26
 9.11826       26
 9.15048       26
 9.1827        27
 9.21492       27
 9.24714       27
 9.24714       28
 9.27936       28
 9.31158       28
 9.3438        29
 9.37602       29
 9.40824       30
 9.44046       30
 9.47268       31
 9.5049        32
 9.5049        32
 9.53712       33
 9.56934       33
 9.60156       34
 9.63378       35
 9.666         35
 9.69822       36
 9.73044       37
 9.76266       38
 9.79488       38
 9.8271        39
 9.85932       40
 9.89154       41
 9.92376       42
 9.95598       42
 9.95598       43
 9.9882        44
 10.02042      45
 10.05264      46
 10.08486      47
 10.11708      48
 10.1493       49
 10.18152      50
 10.18152      51
 10.21374      52
 10.24596      53
 10.27818      54
 10.3104       55
 10.34262      56
 10.37484      57
 10.40706      58
 10.40706      59
 10.43928      60
 10.4715       62
 10.50372      63
 10.53594      64
 10.56816      65
 10.60038      66
 10.6326       68
 10.66482      69
 10.69704      70
 10.69704      72
 10.72926      73
 10.76148      74
 10.7937       76
 10.82592      77
 10.85814      78
 10.89036      80
 10.89036      81
 10.92258      82
 10.9548       84
 10.98702      85
 11.01924      87
 11.05146      88
 11.08368      90
 11.1159       91
 11.1159       93
 11.14812      94
 11.18034      96
 11.21256      97
 11.24478      99
 11.277        101
 11.30922      103
 11.34144      105
 11.34144      106
 11.37366      108
 11.40588      109
 11.4381       111
 11.47032      113
 11.50254      114
 11.53476      116
 11.56698      117
 11.56698      119
 11.5992       120
 11.63142      121
 11.66364      123
 11.69586      124
 11.72808      125
 11.7603       126
 11.79252      127
 11.82474      128
 11.82474      129
 11.85696      130
 11.88918      130
 11.9214       131
 11.95362      131
 11.98584      131
 11.98584      131
 12.01806      131
 12.05028      131
 12.0825       131
 12.11472      130
 12.14694      129
 12.17916      129
 12.21138      128
 12.21138      127
 12.2436       126
 12.27582      125
 12.30804      124
 12.34026      122
 12.37248      121
 12.4047       120
 12.43692      118
 12.43692      117
 12.46914      116
 12.50136      114
 12.53358      113
 12.5658       111
 12.59802      110
 12.63024      108
 12.66246      106
 12.66246      105
 12.69468      103
 12.7269       101
 12.75912      99
 12.79134      97
 12.82356      95
 12.85578      93
 12.85578      91
 12.888        88
 12.92022      86
 12.95244      84
 13.01688      82
 13.0491       80
 13.08132      79
 13.08132      77
 13.11354      76
 13.14576      74
 13.17798      73
 13.2102       72
 13.24242      70
 13.27464      69
 13.27464      68
 13.30686      67
 13.33908      66
 13.3713       66
 13.40352      65
 13.43574      64
 13.46796      63
 13.46796      63
 13.50018      62
 13.5324       61
 13.56462      61
 13.59684      60
 13.62906      60
 13.66128      60
 13.66128      59
 13.6935       59
 13.72572      59
 13.75794      59
 13.79016      59
 13.82238      59
 13.8546       59
 13.88682      59
 13.88682      59
 13.91904      59
 13.95126      59
 13.98348      59
 14.0157       59
 14.04792      60
 14.04792      60
 14.08014      60
 14.11236      61
 14.14458      61
 14.1768       61
 14.20902      62
 14.24124      62
 14.27346      63
 14.27346      63
 14.30568      64
 14.3379       65
 14.37012      65
 14.40234      66
 14.43456      67
 14.43456      68
 14.46678      68
 14.499        69
 14.53122      70
 14.56344      71
 14.59566      72
 14.62788      73
 14.62788      74
 14.6601       75
 14.69232      76
 14.72454      77
 14.75676      78
 14.78898      79
 14.8212       80
 14.8212       81
 14.85342      82
 14.88564      83
 14.91786      85
 14.95008      86
 14.9823       87
 15.01452      88
 15.01452      90
 15.04674      91
 15.07896      92
 15.11118      93
 15.1434       95
 15.17562      96
 15.20784      98
 15.20784      99
 15.24006      101
 15.27228      103
 15.3045       104
 15.33672      106
 15.36894      107
 15.36894      109
 15.40116      110
 15.43338      112
 15.4656       114
 15.49782      115
 15.53004      117
 15.56226      119
 15.56226      120
 15.59448      122
 15.6267       124
 15.65892      126
 15.69114      127
 15.72336      129
 15.72336      131
 15.75558      133
 15.7878       135
 15.82002      136
 15.85224      138
 15.88446      140
 15.88446      142
 15.91668      144
 15.9489       146
 15.98112      148
 16.01334      150
 16.04556      152
 16.07778      154
 16.11         156
 16.11         158
 16.14222      160
 16.17444      162
 16.20666      164
 16.2711       166
 16.2711       168
 16.30332      170
 16.33554      172
 16.36776      174
 16.39998      176
 16.4322       178
 16.46442      180
 16.49664      182
 16.49664      184
 16.52886      186
 16.56108      188
 16.5933       189
 16.62552      191
 16.62552      192
 16.65774      194
 16.68996      195
 16.72218      197
 16.7544       198
 16.78662      199
 16.78662      200
 16.81884      201
 16.85106      202
 16.88328      203
 16.9155       203
 16.94772      204
 16.94772      204
 16.97994      205
 17.01216      204
 17.04438      204
 17.0766       203
 17.10882      203
 17.14104      203
 17.14104      202
 17.17326      202
 17.20548      200
 17.2377       199
 17.26992      199
 17.30214      198
 17.30214      197
 17.33436      196
 17.36658      194
 17.3988       193
 17.43102      192
 17.46324      190
 17.46324      189
 17.49546      187
 17.52768      186
 17.5599       184
 17.59212      182
 17.62434      180
 17.62434      178
 17.65656      176
 17.68878      174
 17.721        172
 17.75322      170
 17.78544      168
 17.78544      166
 17.81766      164
 17.84988      162
 17.8821       160
 17.91432      158
 17.94654      157
 17.94654      155
 17.97876      153
 18.01098      151
 18.0432       150
 18.07542      148
 18.10764      147
 18.13986      145
 18.13986      144
 18.17208      142
 18.2043       141
 18.23652      140
 18.26874      138
 18.30096      137
 18.30096      136
 18.33318      135
 18.3654       134
 18.39762      133
 18.42984      132
 18.46206      131
 18.46206      130
 18.49428      129
 18.5265       129
 18.55872      128
 18.59094      127
 18.59094      127
 18.62316      126
 18.65538      126
 18.6876       126
 18.71982      125
 18.75204      125
 18.75204      125
 18.78426      124
 18.81648      124
 18.8487       124
 18.88092      124
 18.91314      124
 18.91314      124
 18.94536      124
 18.97758      124
 19.0098       124
 19.04202      124
 19.07424      124
 19.07424      124
 19.10646      124
 19.13868      125
 19.1709       125
 19.20312      125
 19.20312      126
 19.23534      126
 19.26756      127
 19.29978      127
 19.332        128
 19.36422      128
 19.36422      129
 19.39644      129
 19.42866      130
 19.46088      131
 19.52532      132
 19.52532      132
 19.55754      133
 19.58976      134
 19.62198      135
 19.6542       136
 19.68642      137
 19.68642      137
 19.71864      138
 19.75086      140
 19.78308      141
 19.8153       142
 19.8153       143
 19.84752      144
 19.87974      145
 19.91196      146
 19.94418      148
 19.9764       149
 19.9764       150
 20.00862      152
 20.04084      153
 20.07306      155
 20.10528      156
 20.1375       158
 20.1375       159
 20.16972      161
 20.20194      163
 20.23416      164
 20.26638      166
 20.26638      168
 20.2986       169
 20.33082      171
 20.36304      173
 20.39526      175
 20.42748      177
 20.42748      179
 20.4597       181
 20.49192      183
 20.52414      185
 20.55636      187
 20.55636      189
 20.58858      191
 20.6208       193
 20.65302      195
 20.68524      197
 20.71746      199
 20.71746      202
 20.74968      205
 20.7819       207
 20.81412      209
 20.84634      211
 20.84634      214
 20.87856      216
 20.91078      219
 20.943        221
 20.97522      223
 21.00744      226
 21.00744      228
 21.03966      231
 21.07188      233
 21.1041       236
 21.13632      238
 21.13632      241
 21.16854      243
 21.20076      245
 21.23298      248
 21.2652       251
 21.29742      253
 21.29742      256
 21.32964      258
 21.36186      261
 21.39408      263
 21.4263       266
 21.4263       268
 21.45852      271
 21.49074      273
 21.52296      276
 21.55518      278
 21.55518      280
 21.5874       283
 21.61962      285
 21.65184      287
 21.68406      289
 21.71628      291
 21.71628      293
 21.7485       295
 21.78072      297
 21.81294      299
 21.84516      300
 21.84516      303
 21.87738      305
 21.9096       306
 21.94182      308
 21.97404      309
 21.97404      310
 22.00626      312
 22.03848      313
 22.0707       314
 22.10292      315
 22.10292      316
 22.13514      317
 22.16736      318
 22.19958      319
 22.2318       320
 22.2318       320
 22.26402      321
 22.29624      321
 22.32846      322
 22.36068      322
 22.3929       323
 22.3929       323
 22.42512      323
 22.45734      323
 22.48956      324
 22.52178      324
 22.52178      323
 22.554        320
 22.58622      319
 22.61844      317
 22.61844      316
 22.65066      315
 22.68288      314
 22.7151       314
 22.74732      313
 22.77954      313
 22.81176      312
 22.84398      312
 22.8762       312
 22.8762       311
 22.90842      311
 22.94064      311
 22.97286      310
 23.00508      310
 23.00508      309
 23.0373       309
 23.06952      309
 23.10174      308
 23.13396      308
 23.13396      307
 23.16618      306
 23.1984       306
 23.23062      305
 23.26284      305
 23.26284      305
 23.29506      304
 23.32728      303
 23.3595       303
 23.3595       302
 23.39172      302
 23.42394      301
 23.45616      301
 23.48838      301
 23.48838      300
 23.5206       300
 23.55282      300
 23.58504      300
 23.61726      300
 23.61726      300
 23.64948      300
 23.6817       300
 23.71392      300
 23.74614      300
 23.74614      301
 23.77836      301
 23.81058      302
 23.8428       303
 23.8428       303
 23.87502      303
 23.90724      304
 23.93946      304
 23.97168      305
 23.97168      306
 24.0039       306
 24.03612      307
 24.06834      308
 24.10056      308
 24.10056      309
 24.13278      310
 24.165        310
 24.19722      311
 24.22944      312
 24.22944      312
 24.26166      313
 24.29388      313
 24.3261       314
 24.35832      314
 24.35832      314
 24.39054      315
 24.42276      315
 24.45498      315
 24.4872       316
 24.4872       316
 24.51942      316
 24.55164      316
 24.58386      316
 24.58386      316
 24.61608      317
 24.6483       316
 24.68052      316
 24.71274      316
 24.71274      315
 24.74496      315
 24.77718      315
 24.8094       314
 24.84162      314
 24.84162      313
 24.87384      312
 24.90606      312
 24.93828      311
 24.93828      311
 24.9705       310
 25.00272      309
 25.03494      309
 25.03494      309
 25.06716      308
 25.09938      307
 25.1316       307
 25.1316       306
 25.16382      306
 25.19604      305
 25.22826      305
 25.26048      305
 25.26048      304
 25.2927       304
 25.32492      304
 25.35714      303
 25.38936      303
 25.38936      303
 25.42158      302
 25.4538       303
 25.48602      302
 25.48602      301
 25.51824      301
 25.55046      301
 25.58268      301
 25.6149       301
 25.6149       301
 25.64712      301
 25.67934      301
 25.71156      301
 25.74378      301
 25.74378      303
 25.776        303
 25.80822      303
 25.84044      304
 25.84044      305
 25.87266      306
 25.90488      306
 25.9371       307
 25.96932      308
 25.96932      309
 26.03376      310
 26.06598      312
 26.06598      312
 26.0982       313
 26.13042      315
 26.16264      316
 26.19486      317
 26.19486      318
 26.22708      319
 26.2593       321
 26.29152      322
 26.29152      323
 26.32374      324
 26.35596      325
 26.38818      326
 26.4204       328
 26.4204       329
 26.45262      330
 26.48484      331
 26.51706      331
 26.51706      332
 26.54928      333
 26.5815       334
 26.61372      334
 26.61372      334
 26.64594      334
 26.67816      335
 26.71038      334
 26.71038      334
 26.7426       334
 26.77482      333
 26.80704      333
 26.80704      332
 26.83926      331
 26.87148      331
 26.9037       330
 26.93592      329
 26.93592      329
 26.96814      328
 27.00036      327
 27.03258      327
 27.03258      326
 27.0648       326
 27.09702      326
 27.12924      325
 27.16146      325
 27.16146      325
 27.19368      325
 27.2259       325
 27.2259       325
 27.25812      325
 27.29034      326
 27.32256      326
 27.35478      326
 27.35478      327
 27.387        327
 27.41922      328
 27.45144      329
 27.45144      329
 27.48366      330
 27.51588      330
 27.5481       331
 27.5481       331
 27.58032      332
 27.61254      332
 27.64476      333
 27.64476      334
 27.67698      334
 27.7092       335
 27.74142      335
 27.74142      336
 27.77364      337
 27.80586      337
 27.83808      338
 27.83808      338
 27.8703       338
