 0             0
 0             0
 0             0
 0             0
 3.222e-002    0
 6.444e-002    0
 9.666e-002    0
 0.12888       0
 0.12888       0
 0.1611        0
 0.19332       0
 0.19332       0
 0.25776       0
 0.25776       0
 0.28998       0
 0.35442       0
 0.35442       0
 0.38664       0
 0.41886       0
 0.41886       0
 0.4833        0
 0.4833        0
 0.51552       0
 0.54774       0
 0.57996       0
 0.57996       0
 0.6444        0
 0.6444        0
 0.67662       0
 0.74106       0
 0.74106       0
 0.77328       0
 0.8055        0
 0.8055        0
 0.86994       0
 0.90216       0
 0.90216       0
 0.9666        0
 0.9666        0
 0.99882       0
 1.03104       0
 1.06326       0
 1.09548       0
 1.1277        0
 1.1277        0
 1.15992       0
 1.19214       0
 1.22436       0
 1.25658       0
 1.2888        0
 1.2888        0
 1.35324       0
 1.35324       0
 1.38546       0
 1.4499        0
 1.4499        0
 1.48212       0
 1.51434       0
 1.54656       0
 1.57878       0
 1.611         0
 1.611         0
 1.67544       0
 1.67544       0
 1.70766       0
 1.7721        0
 1.7721        0
 1.80432       0
 1.83654       0
 1.83654       0
 1.90098       0
 1.9332        0
 1.9332        0
 1.99764       0
 1.99764       0
 2.02986       0
 2.06208       0
 2.0943        0
 2.12652       0
 2.15874       0
 2.15874       0
 2.19096       0
 2.2554        0
 2.2554        0
 2.28762       0
 2.31984       0
 2.35206       0
 2.38428       0
 2.4165        0
 2.4165        0
 2.48094       0
 2.48094       0
 2.51316       0
 2.5776        0
 2.5776        0
 2.60982       0
 2.64204       0
 2.67426       0
 2.70648       0
 2.7387        0
 2.7387        0
 2.80314       0
 2.80314       0
 2.83536       0
 2.86758       0
 2.8998        0
 2.93202       0
 2.96424       0
 2.99646       0
 3.02868       0
 3.0609        0
 3.0609        0
 3.12534       0
 3.12534       0
 3.15756       0
 3.18978       0
 3.25422       0
 3.25422       0
 3.31866       0
 3.31866       0
 3.35088       0
 3.3831        0
 3.41532       0
 3.44754       0
 3.47976       0
 3.51198       0
 3.5442        0
 3.57642       0
 3.57642       0
 3.64086       0
 3.64086       1
 3.67308       1
 3.7053        1
 3.73752       1
 3.76974       1
 3.80196       1
 3.83418       2
 3.8664        2
 3.89862       2
 3.89862       3
 3.96306       3
 3.96306       3
 3.99528       3
 4.0275        4
 4.05972       4
 4.09194       4
 4.12416       4
 4.15638       5
 4.1886        5
 4.22082       6
 4.22082       6
 4.28526       6
 4.28526       7
 4.31748       7
 4.38192       8
 4.38192       8
 4.41414       8
 4.44636       9
 4.47858       9
 4.5108        10
 4.54302       10
 4.57524       11
 4.60746       11
 4.63968       12
 4.63968       13
 4.70412       13
 4.70412       14
 4.73634       14
 4.76856       15
 4.80078       15
 4.833         16
 4.86522       17
 4.89744       17
 4.92966       18
 4.96188       19
 4.96188       20
 5.02632       20
 5.02632       21
 5.05854       22
 5.09076       23
 5.12298       23
 5.1552        24
 5.18742       25
 5.21964       26
 5.25186       27
 5.28408       28
 5.3163        29
 5.34852       30
 5.38074       31
 5.41296       32
 5.44518       33
 5.44518       34
 5.4774        35
 5.50962       36
 5.54184       37
 5.57406       38
 5.60628       39
 5.6385        40
 5.67072       41
 5.70294       42
 5.73516       43
 5.76738       45
 5.76738       46
 5.83182       47
 5.83182       48
 5.86404       50
 5.89626       51
 5.92848       52
 5.9607        54
 5.99292       55
 6.02514       56
 6.05736       58
 6.08958       59
 6.1218        61
 6.15402       62
 6.18624       64
 6.18624       65
 6.21846       67
 6.25068       68
 6.2829        70
 6.31512       71
 6.34734       73
 6.37956       75
 6.41178       76
 6.444         78
 6.47622       80
 6.54066       81
 6.54066       83
 6.57288       85
 6.6051        87
 6.63732       88
 6.66954       90
 6.70176       92
 6.73398       93
 6.7662        95
 6.79842       97
 6.83064       99
 6.86286       101
 6.89508       103
 6.89508       104
 6.95952       106
 6.95952       107
 6.99174       108
 7.02396       110
 7.05618       111
 7.0884        112
 7.12062       113
 7.15284       114
 7.18506       114
 7.21728       115
 7.2495        115
 7.28172       115
 7.28172       115
 7.31394       115
 7.34616       115
 7.37838       115
 7.4106        114
 7.44282       114
 7.47504       113
 7.50726       112
 7.53948       111
 7.5717        110
 7.60392       109
 7.63614       108
 7.63614       107
 7.66836       106
 7.70058       105
 7.7328        104
 7.76502       103
 7.79724       101
 7.82946       99
 7.86168       98
 7.8939        97
 7.92612       95
 7.95834       94
 7.99056       93
 8.02278       91
 8.02278       90
 8.055         88
 8.08722       87
 8.11944       86
 8.15166       84
 8.18388       83
 8.2161        82
 8.24832       81
 8.28054       79
 8.31276       78
 8.34498       77
 8.34498       76
 8.3772        75
 8.40942       74
 8.44164       74
 8.47386       73
 8.50608       72
 8.5383        71
 8.57052       71
 8.60274       70
 8.63496       70
 8.66718       69
 8.6994        69
 8.6994        68
 8.76384       68
 8.76384       68
 8.79606       68
 8.82828       68
 8.8605        68
 8.89272       68
 8.92494       68
 8.95716       68
 8.98938       68
 9.0216        68
 9.05382       69
 9.08604       69
 9.08604       69
 9.11826       70
 9.15048       70
 9.1827        71
 9.21492       71
 9.24714       72
 9.27936       72
 9.31158       73
 9.3438        74
 9.37602       75
 9.40824       76
 9.40824       77
 9.44046       77
 9.47268       79
 9.5049        80
 9.53712       81
 9.56934       82
 9.60156       83
 9.63378       84
 9.666         86
 9.69822       87
 9.76266       88
 9.76266       90
 9.79488       91
 9.8271        92
 9.85932       94
 9.89154       95
 9.92376       97
 9.95598       99
 9.9882        101
 10.02042      103
 10.05264      104
 10.08486      106
 10.11708      108
 10.11708      109
 10.1493       111
 10.18152      113
 10.21374      115
 10.24596      117
 10.27818      119
 10.3104       121
 10.34262      123
 10.37484      125
 10.37484      127
 10.40706      129
 10.43928      131
 10.4715       133
 10.50372      135
 10.53594      137
 10.56816      140
 10.60038      142
 10.6326       144
 10.66482      147
 10.69704      149
 10.69704      151
 10.72926      154
 10.76148      156
 10.7937       159
 10.82592      161
 10.85814      164
 10.89036      166
 10.92258      169
 10.9548       171
 10.98702      174
 11.01924      177
 11.01924      179
 11.05146      182
 11.08368      185
 11.1159       187
 11.14812      190
 11.18034      193
 11.21256      196
 11.24478      199
 11.277        202
 11.30922      205
 11.34144      208
 11.34144      211
 11.37366      214
 11.40588      217
 11.4381       220
 11.47032      223
 11.50254      226
 11.53476      229
 11.56698      232
 11.5992       235
 11.63142      238
 11.63142      241
 11.66364      244
 11.69586      246
 11.72808      249
 11.7603       252
 11.79252      255
 11.82474      257
 11.85696      260
 11.88918      262
 11.9214       265
 11.9214       267
 11.95362      269
 11.98584      271
 12.01806      273
 12.05028      274
 12.0825       276
 12.11472      277
 12.14694      278
 12.17916      279
 12.21138      279
 12.21138      280
 12.2436       280
 12.27582      280
 12.30804      280
 12.34026      280
 12.37248      279
 12.4047       278
 12.43692      277
 12.46914      276
 12.46914      275
 12.50136      274
 12.53358      272
 12.5658       270
 12.59802      268
 12.63024      266
 12.66246      264
 12.69468      262
 12.7269       259
 12.75912      257
 12.79134      254
 12.79134      251
 12.82356      248
 12.85578      246
 12.888        243
 12.92022      240
 12.95244      237
 13.01688      234
 13.0491       231
 13.0491       229
 13.08132      226
 13.11354      223
 13.14576      220
 13.17798      218
 13.2102       215
 13.24242      213
 13.27464      210
 13.30686      208
 13.30686      206
 13.33908      204
 13.3713       202
 13.40352      199
 13.43574      197
 13.46796      196
 13.50018      194
 13.5324       193
 13.56462      192
 13.56462      191
 13.59684      190
 13.62906      189
 13.66128      188
 13.6935       187
 13.72572      187
 13.75794      186
 13.79016      186
 13.82238      185
 13.8546       185
 13.8546       185
 13.88682      184
 13.91904      184
 13.95126      184
 13.98348      184
 14.0157       184
 14.04792      185
 14.08014      185
 14.08014      185
 14.11236      186
 14.14458      186
 14.1768       187
 14.20902      187
 14.24124      188
 14.27346      189
 14.30568      189
 14.3379       190
 14.3379       191
 14.37012      192
 14.40234      193
 14.43456      194
 14.46678      195
 14.499        196
 14.53122      197
 14.56344      199
 14.56344      200
 14.59566      202
 14.62788      203
 14.6601       205
 14.69232      206
 14.72454      208
 14.75676      210
 14.78898      211
 14.8212       213
 14.8212       215
 14.85342      217
 14.88564      219
 14.91786      220
 14.95008      222
 14.9823       224
 15.01452      226
 15.04674      229
 15.04674      231
 15.07896      233
 15.11118      235
 15.1434       237
 15.17562      240
 15.20784      242
 15.24006      244
 15.27228      247
 15.3045       250
 15.3045       252
 15.33672      255
 15.36894      257
 15.40116      260
 15.43338      263
 15.4656       265
 15.49782      268
 15.53004      271
 15.53004      274
 15.56226      277
 15.59448      280
 15.6267       283
 15.65892      286
 15.69114      289
 15.72336      292
 15.75558      295
 15.75558      298
 15.7878       301
 15.82002      305
 15.85224      308
 15.88446      312
 15.91668      315
 15.9489       315
 15.98112      314
 16.01334      315
 16.01334      317
 16.04556      320
 16.07778      323
 16.11         327
 16.14222      331
 16.17444      335
 16.20666      339
 16.23888      343
 16.2711       347
 16.30332      351
 16.33554      355
 16.36776      359
 16.39998      363
 16.4322       367
 16.4322       371
 16.49664      375
 16.49664      379
 16.52886      383
 16.56108      387
 16.5933       391
 16.62552      394
 16.65774      398
 16.65774      402
 16.68996      406
 16.72218      410
 16.7544       413
 16.78662      417
 16.81884      420
 16.85106      423
 16.88328      427
 16.88328      430
 16.9155       433
 16.94772      436
 16.97994      438
 17.01216      441
 17.04438      444
 17.0766       446
 17.10882      448
 17.10882      451
 17.14104      453
 17.17326      455
 17.20548      456
 17.2377       458
 17.26992      460
 17.30214      461
 17.30214      462
 17.33436      463
 17.36658      464
 17.3988       465
 17.43102      466
 17.46324      466
 17.49546      466
 17.52768      466
 17.52768      466
 17.5599       466
 17.59212      465
 17.62434      464
 17.65656      464
 17.68878      462
 17.721        461
 17.721        460
 17.75322      458
 17.78544      457
 17.81766      455
 17.84988      453
 17.8821       451
 17.91432      449
 17.91432      447
 17.94654      444
 17.97876      442
 18.01098      440
 18.0432       437
 18.07542      435
 18.10764      432
 18.13986      430
 18.13986      427
 18.17208      424
 18.2043       422
 18.23652      419
 18.26874      417
 18.30096      414
 18.33318      412
 18.3654       409
 18.3654       407
 18.39762      404
 18.42984      402
 18.46206      400
 18.49428      398
 18.5265       396
 18.5265       394
 18.55872      393
 18.59094      391
 18.62316      390
 18.65538      389
 18.6876       388
 18.71982      387
 18.75204      386
 18.75204      386
 18.78426      385
 18.81648      385
 18.8487       384
 18.88092      384
 18.91314      384
 18.94536      385
 18.94536      385
 18.97758      388
 19.0098       391
 19.04202      393
 19.07424      395
 19.10646      398
 19.10646      400
 19.13868      402
 19.1709       405
 19.20312      407
 19.23534      409
 19.26756      412
 19.26756      414
 19.29978      416
 19.332        418
 19.36422      420
 19.39644      423
 19.42866      425
 19.46088      427
 19.4931       429
 19.52532      432
 19.55754      434
 19.58976      436
 19.62198      439
 19.6542       441
 19.68642      443
 19.68642      445
 19.71864      448
 19.75086      450
 19.78308      452
 19.8153       454
 19.84752      456
 19.84752      456
 19.87974      458
 19.91196      458
 19.94418      458
 19.9764       458
 20.00862      458
 20.04084      457
 20.04084      455
 20.07306      453
 20.10528      451
 20.1375       449
 20.16972      446
 20.20194      443
 20.20194      440
 20.23416      436
 20.26638      433
 20.2986       429
 20.33082      426
 20.36304      422
 20.39526      419
 20.39526      416
 20.42748      413
 20.4597       409
 20.49192      407
 20.52414      404
 20.55636      400
 20.58858      398
 20.58858      395
 20.6208       392
 20.65302      390
 20.68524      388
 20.71746      385
 20.74968      384
 20.74968      382
 20.7819       381
 20.81412      379
 20.84634      378
 20.87856      376
 20.91078      376
 20.91078      374
 20.943        373
 20.97522      372
 21.00744      371
 21.03966      370
 21.07188      370
 21.07188      369
 21.1041       369
 21.13632      368
 21.16854      368
 21.20076      369
 21.23298      368
 21.2652       369
 21.2652       369
 21.29742      369
 21.32964      370
 21.36186      371
 21.39408      371
 21.4263       372
 21.4263       373
 21.45852      374
 21.49074      375
 21.52296      376
 21.55518      377
 21.5874       378
 21.5874       379
 21.61962      380
 21.65184      382
 21.68406      383
 21.71628      384
 21.7485       386
 21.7485       386
 21.78072      388
 21.81294      390
 21.84516      391
 21.87738      392
 21.9096       393
 21.94182      394
 21.94182      396
 21.97404      397
 22.00626      398
 22.03848      400
 22.0707       400
 22.10292      401
 22.10292      402
 22.13514      403
 22.16736      404
 22.19958      405
 22.2318       405
 22.26402      406
 22.26402      407
 22.29624      407
 22.32846      408
 22.36068      408
 22.3929       409
 22.3929       410
 22.42512      410
 22.45734      411
 22.48956      412
 22.52178      413
 22.554        414
 22.554        415
 22.58622      416
 22.61844      417
 22.65066      418
 22.68288      419
 22.7151       421
 22.74732      421
 22.77954      422
 22.81176      424
 22.84398      424
 22.8762       425
 22.8762       427
 22.90842      427
 22.94064      428
 22.97286      429
 23.00508      429
 23.0373       430
 23.0373       430
 23.06952      430
 23.10174      431
 23.13396      430
 23.16618      430
 23.1984       430
 23.1984       430
 23.23062      430
 23.26284      430
 23.29506      429
 23.32728      430
 23.32728      429
 23.3595       429
 23.39172      429
 23.42394      429
 23.45616      429
 23.48838      429
 23.48838      428
 23.5206       428
 23.55282      429
 23.58504      428
 23.61726      429
 23.64948      429
 23.64948      429
 23.6817       430
 23.71392      430
 23.74614      430
 23.77836      431
 23.77836      431
 23.81058      432
 23.8428       433
 23.87502      433
 23.90724      434
 23.93946      435
 23.93946      436
 23.97168      437
 24.0039       438
 24.03612      438
 24.06834      440
 24.06834      441
 24.10056      442
 24.13278      443
 24.165        444
 24.19722      445
 24.22944      446
 24.22944      447
 24.26166      448
 24.29388      449
 24.3261       449
 24.35832      450
 24.35832      451
 24.39054      451
 24.42276      452
 24.45498      452
 24.4872       453
 24.51942      454
 24.51942      454
 24.55164      454
 24.58386      455
 24.61608      454
 24.6483       455
 24.6483       455
 24.68052      455
 24.71274      455
 24.74496      455
 24.77718      454
 24.8094       454
 24.8094       453
 24.84162      453
 24.87384      453
 24.90606      452
 24.93828      451
 24.93828      451
 24.9705       450
 25.00272      449
 25.03494      449
 25.06716      448
 25.06716      447
 25.09938      446
 25.1316       445
 25.16382      444
 25.19604      443
 25.19604      442
 25.22826      442
 25.26048      440
 25.2927       440
 25.32492      439
 25.35714      438
 25.35714      437
 25.38936      436
 25.42158      435
 25.4538       435
 25.4538       434
 25.48602      433
 25.51824      433
 25.55046      431
 25.58268      431
 25.6149       430
 25.6149       429
 25.64712      429
 25.67934      428
 25.71156      428
 25.74378      428
 25.74378      427
 25.776        427
 25.80822      427
 25.84044      427
 25.87266      427
 25.87266      428
 25.90488      428
 25.9371       428
 25.96932      429
 26.03376      430
 26.03376      431
 26.06598      432
 26.0982       432
 26.13042      434
 26.16264      434
 26.16264      435
 26.19486      437
 26.22708      437
 26.2593       439
 26.29152      440
 26.29152      441
 26.32374      442
 26.35596      444
 26.38818      444
 26.4204       446
 26.4204       447
 26.45262      448
 26.48484      449
 26.51706      450
 26.54928      451
 26.54928      452
 26.5815       452
 26.61372      452
 26.64594      453
 26.67816      452
 26.67816      453
 26.71038      452
 26.7426       451
 26.77482      451
 26.80704      450
 26.80704      449
 26.83926      448
 26.87148      446
 26.9037       445
 26.93592      443
 26.93592      441
 26.96814      440
 27.00036      438
 27.03258      437
 27.0648       435
 27.0648       433
 27.09702      432
 27.12924      431
 27.16146      429
 27.19368      429
 27.19368      428
 27.2259       427
 27.25812      426
 27.29034      425
 27.29034      425
 27.32256      425
 27.35478      424
 27.387        424
 27.41922      425
 27.41922      424
 27.45144      425
 27.48366      425
 27.51588      425
 27.5481       425
 27.5481       426
 27.58032      426
 27.61254      427
 27.64476      427
 27.67698      427
 27.67698      428
 27.7092       428
 27.74142      429
 27.77364      430
 27.77364      430
 27.80586      431
 27.83808      431
 27.8703       431
 27.90252      432
 27.90252      433
 27.93474      433
 27.96696      434
 27.99918      434
 27.99918      435
 28.0314       436
 28.06362      436
 28.09584      437
 28.12806      438
 28.12806      438
 28.16028      439
 28.1925       439
 28.22472      440
 28.25694      441
 28.25694      441
 28.28916      443
 28.32138      443
 28.3536       444
 28.38582      445
 28.38582      445
 28.41804      446
 28.45026      447
 28.48248      448
 28.48248      449
 28.5147       450
 28.54692      450
 28.57914      451
 28.57914      452
 28.61136      452
 28.64358      453
 28.6758       454
 28.70802      454
 28.70802      455
 28.74024      456
