 0             0
 0             0
 0             0
 0             0
 0             0
 0             0
 0             0
 0             0
 0             0
 3.222e-002    0
 3.222e-002    0
 6.444e-002    0
 6.444e-002    0
 9.666e-002    0
 0.12888       0
 0.1611        0
 0.19332       0
 0.22554       0
 0.22554       0
 0.25776       0
 0.28998       0
 0.3222        0
 0.35442       0
 0.38664       0
 0.38664       0
 0.41886       0
 0.45108       0
 0.4833        0
 0.51552       0
 0.54774       0
 0.57996       0
 0.61218       0
 0.61218       0
 0.6444        0
 0.67662       0
 0.70884       0
 0.74106       0
 0.77328       0
 0.8055        0
 0.83772       0
 0.83772       0
 0.86994       0
 0.90216       0
 0.93438       0
 0.9666        0
 0.99882       0
 1.03104       0
 1.06326       0
 1.06326       0
 1.09548       0
 1.1277        0
 1.15992       0
 1.19214       0
 1.22436       0
 1.25658       0
 1.2888        0
 1.32102       0
 1.32102       0
 1.38546       0
 1.38546       0
 1.41768       0
 1.4499        0
 1.48212       0
 1.51434       0
 1.54656       0
 1.57878       0
 1.611         0
 1.611         0
 1.64322       0
 1.67544       0
 1.70766       0
 1.73988       0
 1.7721        0
 1.80432       0
 1.83654       0
 1.86876       0
 1.90098       0
 1.9332        0
 1.96542       0
 1.96542       0
 1.99764       0
 2.02986       0
 2.06208       0
 2.0943        0
 2.12652       0
 2.15874       0
 2.19096       0
 2.22318       0
 2.2554        0
 2.28762       0
 2.28762       0
 2.35206       0
 2.35206       0
 2.38428       0
 2.4165        0
 2.44872       0
 2.48094       0
 2.51316       0
 2.54538       0
 2.5776        0
 2.60982       0
 2.64204       0
 2.67426       0
 2.70648       0
 2.70648       0
 2.7387        0
 2.77092       0
 2.80314       0
 2.83536       0
 2.86758       0
 2.8998        0
 2.93202       0
 2.96424       0
 2.99646       0
 3.02868       0
 3.0609        0
 3.09312       0
 3.12534       0
 3.15756       0
 3.15756       0
 3.18978       0
 3.25422       0
 3.28644       0
 3.31866       0
 3.35088       0
 3.3831        0
 3.41532       0
 3.44754       0
 3.47976       0
 3.51198       0
 3.5442        0
 3.5442        0
 3.60864       0
 3.60864       0
 3.64086       0
 3.67308       0
 3.7053        1
 3.73752       1
 3.76974       1
 3.80196       1
 3.83418       1
 3.8664        1
 3.89862       2
 3.93084       2
 3.96306       2
 3.99528       2
 4.0275        2
 4.0275        3
 4.05972       3
 4.09194       3
 4.12416       3
 4.15638       4
 4.1886        4
 4.22082       4
 4.25304       4
 4.28526       5
 4.31748       5
 4.3497        5
 4.38192       6
 4.41414       6
 4.44636       6
 4.44636       7
 4.47858       7
 4.5108        8
 4.54302       8
 4.57524       8
 4.60746       9
 4.63968       9
 4.6719        10
 4.70412       10
 4.73634       11
 4.76856       11
 4.80078       12
 4.833         12
 4.86522       13
 4.86522       13
 4.89744       14
 4.92966       14
 4.96188       15
 4.9941        16
 5.02632       16
 5.05854       17
 5.09076       18
 5.12298       18
 5.1552        19
 5.18742       20
 5.21964       21
 5.25186       21
 5.28408       22
 5.28408       23
 5.3163        24
 5.34852       24
 5.38074       25
 5.41296       26
 5.44518       27
 5.4774        28
 5.50962       29
 5.54184       30
 5.57406       31
 5.60628       32
 5.6385        33
 5.67072       34
 5.70294       35
 5.70294       36
 5.73516       37
 5.76738       38
 5.7996        39
 5.83182       40
 5.86404       41
 5.89626       42
 5.92848       44
 5.9607        45
 5.99292       46
 6.02514       47
 6.05736       49
 6.08958       50
 6.08958       51
 6.1218        52
 6.15402       54
 6.18624       55
 6.21846       57
 6.25068       58
 6.2829        59
 6.31512       61
 6.34734       62
 6.37956       64
 6.41178       65
 6.444         67
 6.47622       68
 6.50844       70
 6.54066       71
 6.57288       72
 6.6051        74
 6.63732       75
 6.66954       77
 6.70176       79
 6.73398       80
 6.7662        82
 6.79842       83
 6.83064       85
 6.83064       86
 6.86286       88
 6.89508       89
 6.9273        91
 6.95952       92
 6.99174       93
 7.02396       95
 7.05618       96
 7.0884        97
 7.12062       98
 7.15284       98
 7.18506       99
 7.21728       101
 7.21728       101
 7.2495        101
 7.28172       101
 7.31394       101
 7.34616       101
 7.37838       101
 7.4106        100
 7.44282       99
 7.47504       98
 7.50726       97
 7.53948       96
 7.5717        95
 7.5717        94
 7.60392       93
 7.63614       92
 7.66836       91
 7.70058       89
 7.7328        88
 7.76502       86
 7.79724       84
 7.82946       83
 7.86168       81
 7.8939        79
 7.92612       77
 7.92612       75
 7.95834       74
 7.99056       72
 8.02278       70
 8.055         68
 8.08722       66
 8.11944       64
 8.15166       63
 8.18388       61
 8.2161        59
 8.24832       58
 8.28054       56
 8.28054       55
 8.31276       53
 8.34498       52
 8.3772        50
 8.40942       49
 8.44164       48
 8.47386       47
 8.50608       46
 8.5383        45
 8.57052       44
 8.60274       43
 8.60274       42
 8.63496       42
 8.66718       41
 8.6994        40
 8.73162       40
 8.76384       39
 8.79606       39
 8.82828       39
 8.8605        39
 8.89272       38
 8.92494       38
 8.92494       38
 8.95716       38
 8.98938       38
 9.0216        38
 9.05382       39
 9.08604       39
 9.11826       39
 9.15048       39
 9.1827        40
 9.21492       40
 9.24714       41
 9.24714       41
 9.27936       42
 9.31158       42
 9.3438        43
 9.37602       44
 9.40824       45
 9.44046       45
 9.47268       46
 9.5049        47
 9.53712       48
 9.53712       49
 9.56934       50
 9.60156       51
 9.63378       52
 9.666         53
 9.69822       54
 9.76266       55
 9.79488       57
 9.8271        58
 9.85932       59
 9.85932       60
 9.89154       62
 9.92376       63
 9.95598       64
 9.9882        66
 10.02042      67
 10.05264      69
 10.08486      70
 10.11708      72
 10.1493       73
 10.18152      75
 10.18152      76
 10.21374      78
 10.24596      80
 10.27818      81
 10.3104       83
 10.34262      85
 10.37484      86
 10.40706      88
 10.43928      90
 10.43928      92
 10.4715       93
 10.50372      95
 10.53594      97
 10.56816      99
 10.60038      102
 10.6326       104
 10.66482      106
 10.69704      107
 10.72926      109
 10.72926      111
 10.76148      113
 10.7937       116
 10.82592      118
 10.85814      120
 10.89036      122
 10.92258      124
 10.9548       126
 10.98702      128
 11.01924      130
 11.01924      132
 11.05146      135
 11.08368      137
 11.1159       139
 11.14812      141
 11.18034      144
 11.21256      146
 11.24478      148
 11.277        150
 11.30922      153
 11.30922      155
 11.34144      157
 11.37366      160
 11.40588      162
 11.4381       165
 11.47032      167
 11.50254      168
 11.53476      170
 11.56698      172
 11.56698      174
 11.5992       177
 11.63142      179
 11.66364      181
 11.69586      184
 11.72808      186
 11.7603       188
 11.79252      190
 11.82474      192
 11.82474      194
 11.85696      196
 11.88918      198
 11.9214       200
 11.95362      202
 11.98584      204
 12.01806      205
 12.05028      206
 12.0825       207
 12.11472      209
 12.11472      209
 12.14694      209
 12.17916      210
 12.21138      210
 12.2436       211
 12.27582      211
 12.30804      211
 12.34026      210
 12.37248      210
 12.37248      210
 12.4047       209
 12.43692      208
 12.46914      207
 12.50136      206
 12.53358      205
 12.5658       203
 12.59802      202
 12.59802      199
 12.63024      197
 12.66246      195
 12.69468      193
 12.7269       191
 12.75912      188
 12.79134      185
 12.82356      183
 12.85578      179
 12.888        176
 12.888        173
 12.92022      170
 12.95244      166
 13.01688      163
 13.0491       159
 13.08132      155
 13.11354      151
 13.14576      148
 13.14576      144
 13.17798      140
 13.2102       136
 13.24242      133
 13.27464      129
 13.30686      125
 13.33908      122
 13.3713       119
 13.40352      115
 13.40352      112
 13.43574      109
 13.46796      106
 13.50018      104
 13.5324       101
 13.56462      98
 13.59684      96
 13.59684      93
 13.62906      91
 13.66128      89
 13.6935       87
 13.72572      85
 13.75794      84
 13.79016      82
 13.82238      81
 13.8546       80
 13.8546       79
 13.88682      79
 13.91904      78
 13.95126      78
 13.98348      77
 14.0157       77
 14.04792      77
 14.08014      77
 14.11236      77
 14.11236      77
 14.14458      78
 14.1768       78
 14.20902      78
 14.24124      79
 14.27346      79
 14.30568      80
 14.3379       81
 14.3379       82
 14.37012      82
 14.40234      83
 14.43456      84
 14.46678      85
 14.499        86
 14.53122      87
 14.56344      89
 14.56344      90
 14.59566      91
 14.62788      92
 14.6601       94
 14.69232      95
 14.72454      96
 14.75676      98
 14.78898      99
 14.78898      102
 14.8212       103
 14.85342      105
 14.88564      106
 14.91786      108
 14.95008      110
 14.9823       111
 15.01452      113
 15.01452      115
 15.04674      117
 15.07896      119
 15.11118      121
 15.1434       122
 15.17562      124
 15.20784      126
 15.24006      128
 15.24006      130
 15.27228      132
 15.3045       134
 15.33672      136
 15.36894      138
 15.40116      141
 15.43338      143
 15.4656       145
 15.4656       147
 15.49782      149
 15.53004      151
 15.56226      154
 15.59448      156
 15.6267       158
 15.65892      161
 15.65892      163
 15.69114      165
 15.72336      168
 15.75558      170
 15.7878       172
 15.82002      175
 15.85224      177
 15.88446      180
 15.88446      182
 15.91668      184
 15.9489       187
 15.98112      189
 16.01334      192
 16.04556      194
 16.07778      197
 16.07778      199
 16.11         203
 16.14222      205
 16.17444      208
 16.20666      210
 16.2711       213
 16.30332      216
 16.30332      218
 16.33554      221
 16.36776      223
 16.39998      226
 16.4322       228
 16.46442      231
 16.49664      233
 16.52886      236
 16.52886      239
 16.56108      241
 16.5933       243
 16.62552      246
 16.65774      248
 16.68996      251
 16.72218      253
 16.72218      255
 16.7544       257
 16.78662      259
 16.81884      261
 16.85106      263
 16.88328      265
 16.9155       267
 16.9155       269
 16.94772      271
 16.97994      272
 17.01216      274
 17.04438      275
 17.0766       277
 17.10882      278
 17.10882      280
 17.14104      281
 17.17326      282
 17.20548      283
 17.2377       284
 17.26992      284
 17.30214      285
 17.33436      286
 17.33436      286
 17.36658      287
 17.3988       287
 17.43102      287
 17.46324      287
 17.49546      287
 17.49546      287
 17.52768      287
 17.5599       286
 17.59212      286
 17.62434      285
 17.65656      284
 17.68878      283
 17.68878      282
 17.721        281
 17.75322      280
 17.78544      278
 17.81766      277
 17.84988      275
 17.8821       273
 17.8821       272
 17.91432      270
 17.94654      267
 17.97876      265
 18.01098      263
 18.0432       260
 18.07542      258
 18.07542      255
 18.10764      252
 18.13986      250
 18.17208      247
 18.2043       244
 18.23652      240
 18.26874      237
 18.26874      234
 18.30096      230
 18.33318      227
 18.3654       223
 18.39762      220
 18.42984      216
 18.46206      213
 18.46206      209
 18.49428      206
 18.5265       202
 18.55872      198
 18.59094      195
 18.62316      191
 18.65538      188
 18.65538      185
 18.6876       182
 18.71982      179
 18.75204      177
 18.78426      174
 18.81648      171
 18.8487       169
 18.8487       167
 18.88092      165
 18.91314      162
 18.94536      161
 18.97758      159
 19.0098       157
 19.0098       156
 19.04202      154
 19.07424      153
 19.10646      152
 19.13868      151
 19.1709       150
 19.20312      149
 19.20312      149
 19.23534      148
 19.26756      148
 19.29978      147
 19.332        147
 19.36422      147
 19.36422      147
 19.39644      147
 19.42866      147
 19.46088      147
 19.52532      147
 19.55754      148
 19.55754      148
 19.58976      149
 19.62198      149
 19.6542       150
 19.68642      150
 19.71864      151
 19.75086      152
 19.75086      153
 19.78308      153
 19.8153       154
 19.84752      155
 19.87974      156
 19.91196      158
 19.91196      159
 19.94418      160
 19.9764       161
 20.00862      162
 20.04084      164
 20.07306      165
 20.07306      167
 20.10528      168
 20.1375       170
 20.16972      171
 20.20194      173
 20.23416      174
 20.26638      176
 20.26638      178
 20.2986       179
 20.33082      181
 20.36304      183
 20.39526      185
 20.42748      187
 20.42748      189
 20.4597       191
 20.49192      193
 20.52414      195
 20.55636      197
 20.58858      199
 20.58858      202
 20.6208       204
 20.65302      206
 20.68524      208
 20.71746      210
 20.74968      212
 20.7819       215
 20.7819       217
 20.81412      219
 20.84634      221
 20.87856      224
 20.91078      226
 20.943        228
 20.943        231
 20.97522      233
 21.00744      235
 21.03966      238
 21.07188      240
 21.07188      242
 21.1041       245
 21.13632      247
 21.16854      250
 21.20076      252
 21.23298      255
 21.23298      257
 21.2652       259
 21.29742      262
 21.32964      264
 21.36186      267
 21.39408      269
 21.39408      272
 21.4263       274
 21.45852      277
 21.49074      279
 21.52296      281
 21.55518      284
 21.55518      286
 21.5874       288
 21.61962      291
 21.65184      293
 21.68406      295
 21.71628      298
 21.7485       300
 21.7485       303
 21.78072      305
 21.81294      307
 21.84516      309
 21.87738      311
 21.87738      313
 21.9096       315
 21.94182      317
 21.97404      319
 22.00626      321
 22.03848      323
 22.03848      324
 22.0707       326
 22.10292      328
 22.13514      329
 22.16736      331
 22.19958      332
 22.19958      334
 22.2318       335
 22.26402      337
 22.29624      338
 22.32846      339
 22.36068      340
 22.36068      341
 22.3929       342
 22.42512      343
 22.45734      344
 22.48956      345
 22.52178      346
 22.52178      347
 22.554        347
 22.58622      348
 22.61844      348
 22.65066      349
 22.65066      349
 22.68288      350
 22.7151       350
 22.77954      350
 22.81176      350
 22.81176      350
 22.84398      351
 22.8762       351
 22.90842      351
 22.94064      351
 22.97286      350
 22.97286      350
 23.00508      350
 23.0373       350
 23.06952      349
 23.10174      349
 23.10174      348
 23.13396      348
 23.16618      347
 23.1984       347
 23.23062      346
 23.26284      346
 23.26284      345
 23.29506      345
 23.32728      344
 23.3595       343
 23.39172      343
 23.39172      342
 23.42394      342
 23.45616      341
 23.48838      341
 23.5206       340
 23.55282      340
 23.55282      327
 23.58504      314
 23.61726      303
 23.64948      292
 23.6817       283
 23.6817       275
 23.71392      268
 23.74614      261
 23.77836      256
 23.81058      251
 23.81058      246
 23.8428       243
 23.87502      239
 23.90724      236
 23.93946      234
 23.93946      231
 23.97168      229
 24.0039       228
 24.03612      226
 24.06834      225
 24.10056      224
 24.10056      222
 24.13278      222
 24.165        221
 24.19722      220
 24.22944      220
 24.22944      219
 24.26166      219
 24.29388      218
 24.3261       218
 24.35832      218
 24.35832      217
 24.39054      217
 24.42276      217
 24.45498      217
 24.4872       216
 24.4872       216
 24.51942      216
 24.55164      216
 24.58386      215
 24.61608      215
 24.6483       215
 24.6483       215
 24.68052      214
 24.71274      214
 24.74496      213
 24.77718      213
 24.77718      212
 24.8094       212
 24.84162      211
 24.87384      211
 24.90606      210
 24.90606      209
 24.93828      209
 24.9705       208
 25.00272      207
 25.03494      207
 25.03494      206
 25.06716      205
 25.09938      205
 25.1316       204
 25.16382      203
 25.16382      203
 25.19604      202
 25.22826      202
 25.26048      200
 25.2927       200
 25.2927       199
 25.32492      199
 25.35714      198
 25.38936      198
 25.42158      197
 25.42158      197
 25.4538       196
 25.48602      196
 25.51824      195
 25.55046      195
 25.58268      194
 25.58268      194
 25.6149       194
 25.64712      194
 25.67934      193
 25.67934      193
 25.71156      193
 25.74378      193
 25.776        193
 25.80822      193
 25.80822      193
 25.84044      193
 25.87266      193
 25.90488      193
 25.9371       194
 25.9371       194
 25.96932      194
 26.03376      195
 26.06598      195
 26.06598      196
 26.0982       196
 26.13042      197
 26.16264      198
 26.19486      198
 26.19486      199
 26.22708      200
 26.2593       201
 26.29152      202
 26.32374      203
 26.32374      203
 26.35596      204
 26.38818      205
 26.4204       206
 26.45262      206
 26.45262      207
 26.48484      208
 26.51706      208
 26.54928      209
 26.5815       209
 26.5815       210
 26.61372      210
 26.64594      210
 26.67816      210
 26.71038      210
 26.71038      210
 26.7426       210
 26.77482      209
 26.80704      209
 26.83926      209
 26.83926      208
 26.87148      208
 26.9037       207
 26.93592      207
 26.93592      206
 26.96814      205
 27.00036      205
 27.03258      204
 27.0648       204
 27.0648       203
 27.09702      203
 27.12924      203
 27.16146      202
 27.19368      202
 27.19368      202
 27.2259       202
 27.25812      202
 27.29034      202
 27.29034      202
 27.32256      202
 27.35478      202
 27.387        202
 27.41922      202
 27.41922      202
 27.45144      202
 27.48366      202
 27.51588      202
 27.5481       203
 27.5481       203
 27.58032      203
 27.61254      203
 27.64476      203
 27.64476      204
 27.67698      204
 27.7092       204
 27.74142      204
 27.74142      204
 27.77364      205
 27.80586      205
 27.83808      205
 27.8703       205
 27.8703       205
 27.90252      206
 27.93474      206
 27.96696      206
 27.99918      206
 27.99918      206
 28.0314       206
 28.06362      207
 28.09584      207
 28.09584      207
 28.12806      207
 28.16028      207
 28.1925       208
 28.22472      208
 28.22472      208
 28.25694      208
 28.28916      209
 28.32138      209
 28.32138      209
 28.3536       209
 28.38582      210
 28.41804      210
 28.45026      210
 28.45026      210
 28.48248      211
 28.5147       211
