 0             0
 0             0
 0             0
 0             0
 0             0
 0             0
 0             0
 0             0
 0             0
 3.222e-002    0
 6.444e-002    0
 6.444e-002    0
 9.666e-002    0
 0.12888       0
 0.1611        0
 0.19332       0
 0.19332       0
 0.22554       0
 0.25776       0
 0.28998       0
 0.3222        0
 0.35442       0
 0.35442       0
 0.41886       0
 0.41886       0
 0.45108       0
 0.4833        0
 0.51552       0
 0.54774       0
 0.57996       0
 0.61218       0
 0.6444        0
 0.67662       0
 0.67662       0
 0.70884       0
 0.74106       0
 0.77328       0
 0.8055        0
 0.83772       0
 0.86994       0
 0.90216       0
 0.90216       0
 0.93438       0
 0.99882       0
 0.99882       0
 1.03104       0
 1.06326       0
 1.09548       0
 1.1277        0
 1.15992       0
 1.19214       0
 1.22436       0
 1.22436       0
 1.2888        0
 1.2888        0
 1.32102       0
 1.35324       0
 1.38546       0
 1.41768       0
 1.4499        0
 1.48212       0
 1.51434       0
 1.54656       0
 1.57878       0
 1.611         0
 1.64322       0
 1.64322       0
 1.70766       0
 1.70766       0
 1.73988       0
 1.7721        0
 1.80432       0
 1.83654       0
 1.86876       0
 1.90098       0
 1.9332        0
 1.96542       0
 1.99764       0
 2.02986       0
 2.06208       0
 2.06208       0
 2.0943        0
 2.12652       0
 2.15874       0
 2.19096       0
 2.22318       0
 2.2554        0
 2.28762       0
 2.31984       0
 2.35206       0
 2.38428       0
 2.4165        0
 2.44872       0
 2.48094       0
 2.48094       0
 2.54538       0
 2.54538       0
 2.5776        0
 2.60982       0
 2.64204       0
 2.67426       0
 2.70648       0
 2.7387        0
 2.77092       0
 2.80314       0
 2.83536       0
 2.86758       0
 2.8998        0
 2.93202       0
 2.96424       0
 2.99646       0
 3.02868       0
 3.0609        0
 3.0609        0
 3.09312       0
 3.12534       0
 3.15756       0
 3.18978       0
 3.25422       0
 3.28644       0
 3.31866       0
 3.35088       0
 3.3831        0
 3.41532       0
 3.44754       0
 3.47976       0
 3.51198       0
 3.5442        0
 3.5442        0
 3.60864       0
 3.60864       0
 3.64086       0
 3.67308       0
 3.7053        0
 3.73752       0
 3.76974       0
 3.80196       0
 3.83418       0
 3.8664        0
 3.89862       0
 3.93084       0
 3.96306       0
 3.99528       0
 4.0275        0
 4.05972       0
 4.09194       0
 4.12416       0
 4.12416       0
 4.15638       0
 4.1886        0
 4.22082       0
 4.25304       0
 4.28526       0
 4.31748       0
 4.3497        0
 4.38192       0
 4.41414       0
 4.44636       0
 4.47858       0
 4.5108        0
 4.54302       0
 4.57524       0
 4.60746       0
 4.63968       0
 4.63968       0
 4.6719        0
 4.70412       0
 4.73634       0
 4.76856       0
 4.80078       0
 4.833         0
 4.86522       0
 4.89744       0
 4.92966       0
 4.96188       0
 4.9941        0
 5.02632       0
 5.05854       0
 5.09076       0
 5.12298       0
 5.12298       0
 5.1552        0
 5.18742       0
 5.21964       0
 5.25186       1
 5.28408       1
 5.3163        1
 5.34852       2
 5.38074       2
 5.41296       3
 5.44518       3
 5.4774        3
 5.50962       4
 5.54184       5
 5.57406       5
 5.60628       6
 5.6385        6
 5.6385        7
 5.67072       8
 5.70294       9
 5.73516       9
 5.76738       10
 5.7996        11
 5.83182       12
 5.86404       13
 5.89626       14
 5.92848       15
 5.9607        16
 5.99292       18
 6.02514       19
 6.05736       20
 6.08958       21
 6.08958       23
 6.1218        24
 6.15402       26
 6.18624       28
 6.21846       29
 6.25068       31
 6.2829        32
 6.31512       34
 6.34734       36
 6.37956       38
 6.41178       40
 6.444         42
 6.50844       44
 6.50844       46
 6.54066       48
 6.57288       50
 6.6051        53
 6.63732       55
 6.66954       57
 6.70176       60
 6.73398       62
 6.7662        65
 6.79842       67
 6.83064       70
 6.86286       72
 6.89508       75
 6.9273        77
 6.9273        80
 6.95952       82
 6.99174       85
 7.02396       87
 7.05618       89
 7.0884        91
 7.12062       94
 7.15284       96
 7.18506       97
 7.21728       99
 7.2495        102
 7.28172       103
 7.31394       105
 7.34616       106
 7.34616       107
 7.37838       108
 7.4106        108
 7.44282       109
 7.47504       109
 7.50726       109
 7.53948       109
 7.5717        110
 7.60392       109
 7.63614       109
 7.66836       108
 7.70058       108
 7.7328        107
 7.76502       106
 7.76502       105
 7.79724       104
 7.82946       103
 7.86168       102
 7.8939        101
 7.92612       98
 7.95834       97
 7.99056       95
 8.02278       93
 8.055         92
 8.08722       90
 8.11944       88
 8.11944       86
 8.15166       84
 8.18388       82
 8.2161        80
 8.24832       78
 8.28054       76
 8.31276       74
 8.34498       72
 8.3772        70
 8.40942       68
 8.44164       66
 8.47386       64
 8.50608       62
 8.50608       60
 8.5383        59
 8.57052       57
 8.60274       55
 8.63496       53
 8.66718       51
 8.6994        49
 8.73162       48
 8.76384       46
 8.79606       44
 8.82828       43
 8.8605        41
 8.8605        39
 8.89272       38
 8.92494       36
 8.95716       35
 8.98938       33
 9.0216        32
 9.05382       31
 9.08604       29
 9.11826       28
 9.15048       27
 9.1827        26
 9.21492       25
 9.24714       24
 9.24714       23
 9.27936       22
 9.31158       21
 9.3438        20
 9.37602       19
 9.40824       18
 9.44046       17
 9.47268       17
 9.5049        16
 9.53712       15
 9.56934       15
 9.56934       15
 9.60156       15
 9.63378       14
 9.666         14
 9.69822       13
 9.76266       13
 9.79488       13
 9.8271        13
 9.85932       13
 9.89154       13
 9.89154       14
 9.92376       14
 9.95598       14
 9.9882        15
 10.02042      15
 10.05264      16
 10.08486      17
 10.11708      17
 10.1493       18
 10.18152      19
 10.21374      20
 10.24596      21
 10.27818      22
 10.27818      24
 10.3104       25
 10.34262      27
 10.37484      28
 10.40706      30
 10.43928      32
 10.4715       34
 10.50372      36
 10.53594      38
 10.56816      40
 10.56816      42
 10.60038      44
 10.6326       47
 10.66482      49
 10.69704      52
 10.72926      54
 10.76148      57
 10.7937       60
 10.82592      63
 10.85814      66
 10.89036      69
 10.89036      72
 10.92258      75
 10.9548       78
 10.98702      82
 11.01924      85
 11.05146      89
 11.08368      92
 11.1159       96
 11.14812      100
 11.18034      104
 11.18034      108
 11.21256      112
 11.24478      116
 11.277        120
 11.30922      124
 11.34144      129
 11.37366      133
 11.40588      137
 11.4381       142
 11.47032      146
 11.47032      151
 11.50254      155
 11.53476      160
 11.56698      164
 11.5992       169
 11.63142      174
 11.66364      178
 11.69586      183
 11.72808      187
 11.7603       192
 11.79252      197
 11.79252      202
 11.82474      207
 11.85696      211
 11.88918      215
 11.9214       220
 11.95362      223
 11.98584      227
 12.01806      231
 12.05028      235
 12.0825       238
 12.0825       242
 12.11472      245
 12.14694      248
 12.17916      250
 12.21138      253
 12.2436       255
 12.27582      257
 12.30804      259
 12.34026      261
 12.37248      263
 12.37248      264
 12.4047       265
 12.43692      266
 12.46914      267
 12.50136      267
 12.53358      267
 12.5658       267
 12.59802      267
 12.63024      267
 12.63024      266
 12.66246      265
 12.69468      264
 12.7269       262
 12.75912      260
 12.79134      259
 12.82356      257
 12.85578      254
 12.888        252
 12.92022      249
 12.92022      246
 12.95244      243
 13.01688      240
 13.0491       237
 13.08132      234
 13.11354      230
 13.14576      226
 13.17798      222
 13.17798      218
 13.2102       214
 13.24242      210
 13.27464      206
 13.30686      201
 13.33908      196
 13.3713       192
 13.40352      187
 13.43574      183
 13.43574      178
 13.46796      174
 13.50018      169
 13.5324       164
 13.56462      160
 13.59684      155
 13.62906      151
 13.66128      147
 13.6935       142
 13.6935       138
 13.72572      134
 13.75794      129
 13.79016      125
 13.82238      121
 13.8546       117
 13.88682      113
 13.91904      109
 13.91904      106
 13.95126      102
 13.98348      98
 14.0157       94
 14.04792      91
 14.08014      87
 14.11236      84
 14.14458      81
 14.1768       78
 14.1768       75
 14.20902      73
 14.24124      70
 14.27346      67
 14.30568      65
 14.3379       62
 14.37012      60
 14.40234      58
 14.43456      56
 14.43456      54
 14.46678      52
 14.499        51
 14.53122      49
 14.56344      48
 14.59566      46
 14.62788      45
 14.6601       44
 14.6601       43
 14.69232      43
 14.72454      42
 14.75676      42
 14.78898      41
 14.8212       41
 14.85342      41
 14.88564      41
 14.88564      42
 14.91786      42
 14.95008      43
 14.9823       44
 15.01452      44
 15.04674      45
 15.07896      47
 15.11118      48
 15.11118      49
 15.1434       51
 15.17562      52
 15.20784      54
 15.24006      56
 15.27228      58
 15.3045       60
 15.33672      63
 15.36894      65
 15.36894      67
 15.40116      70
 15.43338      73
 15.4656       75
 15.49782      78
 15.53004      81
 15.56226      85
 15.59448      88
 15.59448      91
 15.6267       95
 15.65892      98
 15.69114      102
 15.72336      106
 15.75558      110
 15.7878       114
 15.7878       118
 15.82002      122
 15.85224      126
 15.88446      131
 15.91668      135
 15.9489       139
 15.98112      144
 16.01334      148
 16.01334      153
 16.04556      158
 16.07778      163
 16.11         168
 16.14222      172
 16.17444      177
 16.20666      183
 16.2711       188
 16.2711       193
 16.30332      198
 16.33554      204
 16.36776      209
 16.39998      215
 16.4322       220
 16.46442      225
 16.46442      231
 16.49664      236
 16.52886      242
 16.56108      247
 16.5933       253
 16.62552      257
 16.65774      262
 16.65774      268
 16.68996      273
 16.72218      278
 16.7544       283
 16.78662      288
 16.81884      294
 16.85106      299
 16.88328      304
 16.88328      309
 16.9155       314
 16.94772      319
 16.97994      323
 17.01216      327
 17.04438      331
 17.0766       335
 17.0766       340
 17.10882      343
 17.14104      347
 17.17326      351
 17.20548      354
 17.2377       358
 17.26992      361
 17.30214      364
 17.30214      367
 17.33436      370
 17.36658      372
 17.3988       375
 17.43102      377
 17.46324      379
 17.49546      381
 17.49546      383
 17.52768      384
 17.5599       385
 17.59212      386
 17.62434      387
 17.65656      388
 17.68878      388
 17.721        389
 17.721        389
 17.75322      389
 17.78544      388
 17.81766      388
 17.84988      387
 17.8821       386
 17.91432      385
 17.91432      384
 17.94654      382
 17.97876      381
 18.01098      379
 18.0432       377
 18.07542      375
 18.10764      373
 18.10764      370
 18.13986      368
 18.17208      365
 18.2043       362
 18.23652      359
 18.26874      356
 18.30096      352
 18.30096      349
 18.33318      345
 18.3654       341
 18.39762      338
 18.42984      334
 18.46206      329
 18.49428      325
 18.49428      321
 18.5265       317
 18.55872      313
 18.59094      308
 18.62316      304
 18.65538      299
 18.6876       294
 18.6876       290
 18.71982      285
 18.75204      281
 18.78426      276
 18.81648      272
 18.8487       267
 18.88092      263
 18.88092      258
 18.91314      253
 18.94536      249
 18.97758      244
 19.0098       240
 19.04202      235
 19.07424      231
 19.07424      226
 19.10646      222
 19.13868      217
 19.1709       213
 19.20312      209
 19.23534      205
 19.23534      200
 19.26756      196
 19.29978      192
 19.332        188
 19.36422      184
 19.39644      180
 19.42866      177
 19.46088      173
 19.46088      169
 19.52532      166
 19.55754      162
 19.58976      159
 19.62198      156
 19.6542       153
 19.6542       150
 19.68642      148
 19.71864      145
 19.75086      143
 19.78308      141
 19.78308      138
 19.8153       137
 19.84752      135
 19.87974      133
 19.91196      132
 19.94418      131
 19.9764       129
 19.9764       129
 20.00862      128
 20.04084      127
 20.07306      127
 20.10528      127
 20.1375       127
 20.16972      127
 20.16972      127
 20.20194      128
 20.23416      128
 20.26638      129
 20.2986       130
 20.33082      131
 20.33082      133
 20.36304      134
 20.39526      136
 20.42748      138
 20.4597       140
 20.49192      142
 20.49192      144
 20.52414      147
 20.55636      149
 20.58858      152
 20.6208       155
 20.65302      157
 20.68524      161
 20.68524      164
 20.71746      167
 20.74968      171
 20.7819       174
 20.81412      178
 20.84634      182
 20.84634      186
 20.87856      190
 20.91078      194
 20.943        198
 20.97522      203
 21.00744      207
 21.00744      212
 21.03966      216
 21.07188      221
 21.1041       225
 21.13632      230
 21.16854      235
 21.20076      240
 21.20076      245
 21.23298      250
 21.2652       255
 21.29742      260
 21.32964      265
 21.32964      270
 21.36186      275
 21.39408      280
 21.4263       286
 21.45852      291
 21.49074      296
 21.49074      301
 21.52296      307
 21.55518      312
 21.5874       318
 21.61962      323
 21.65184      328
 21.68406      333
 21.68406      338
 21.71628      344
 21.7485       349
 21.78072      354
 21.81294      359
 21.84516      364
 21.84516      369
 21.87738      374
 21.9096       378
 21.94182      383
 21.97404      388
 22.00626      393
 22.00626      397
 22.03848      402
 22.0707       407
 22.10292      411
 22.13514      415
 22.16736      419
 22.16736      423
 22.19958      427
 22.2318       431
 22.26402      435
 22.29624      439
 22.32846      442
 22.32846      445
 22.36068      449
 22.3929       452
 22.42512      455
 22.45734      458
 22.48956      460
 22.48956      463
 22.52178      466
 22.554        468
 22.58622      470
 22.61844      473
 22.61844      475
 22.65066      477
 22.68288      478
 22.7151       480
 22.77954      482
 22.77954      483
 22.81176      485
 22.84398      486
 22.8762       487
 22.90842      488
 22.94064      489
 22.94064      489
 22.97286      490
 23.00508      491
 23.0373       491
 23.06952      491
 23.06952      491
 23.10174      492
 23.13396      492
 23.16618      491
 23.1984       491
 23.23062      491
 23.23062      490
 23.26284      490
 23.29506      489
 23.32728      488
 23.3595       488
 23.39172      487
 23.39172      486
 23.42394      485
 23.45616      484
 23.48838      483
 23.5206       483
 23.55282      481
 23.55282      480
 23.58504      479
 23.61726      478
 23.64948      477
 23.6817       476
 23.6817       474
 23.71392      473
 23.74614      472
 23.77836      470
 23.81058      469
 23.8428       467
 23.8428       466
 23.87502      465
 23.90724      463
 23.93946      462
 23.97168      461
 23.97168      460
 24.0039       459
 24.03612      458
 24.06834      458
 24.10056      442
 24.10056      390
 24.13278      344
 24.165        303
 24.19722      267
 24.22944      235
 24.22944      208
 24.26166      183
 24.29388      161
 24.3261       141
 24.35832      124
 24.35832      109
 24.39054      95
 24.42276      82
 24.45498      72
 24.4872       62
 24.4872       53
 24.51942      45
 24.55164      38
 24.58386      32
 24.61608      26
 24.6483       21
 24.6483       16
 24.68052      11
 24.71274      7
 24.74496      3
 24.77718      0
 24.77718      0
 24.8094       0
 24.84162      0
 24.87384      0
 24.90606      0
 24.93828      0
 24.93828      0
 24.9705       0
 25.00272      0
 25.03494      0
 25.03494      0
 25.06716      0
 25.09938      0
 25.1316       0
 25.16382      0
 25.16382      0
 25.19604      0
 25.22826      0
 25.26048      0
 25.2927       0
 25.32492      0
 25.32492      0
 25.35714      0
 25.38936      0
 25.42158      0
 25.4538       0
 25.4538       0
 25.48602      0
 25.51824      0
 25.55046      0
 25.58268      0
 25.58268      0
 25.6149       0
 25.64712      0
 25.67934      0
 25.71156      0
 25.71156      0
 25.74378      0
 25.776        0
 25.80822      0
 25.84044      0
 25.84044      0
 25.87266      0
 25.90488      0
 25.9371       0
 25.96932      0
 25.96932      0
 26.03376      0
 26.06598      0
 26.0982       0
 26.0982       0
 26.13042      0
 26.16264      0
 26.19486      0
 26.22708      0
 26.22708      0
 26.2593       0
 26.29152      0
 26.32374      0
 26.35596      0
 26.35596      0
 26.38818      0
 26.4204       0
 26.45262      0
 26.48484      0
 26.48484      0
 26.51706      0
 26.54928      0
 26.5815       0
 26.61372      0
 26.61372      0
 26.64594      0
 26.67816      0
 26.71038      0
 26.71038      0
 26.7426       0
 26.77482      0
 26.80704      0
 26.83926      0
 26.83926      0
 26.87148      0
 26.9037       0
 26.93592      0
 26.96814      0
 26.96814      0
 27.00036      0
 27.03258      0
 27.0648       0
 27.09702      0
 27.09702      0
 27.12924      0
 27.16146      0
 27.19368      0
 27.2259       0
 27.2259       0
 27.25812      0
 27.29034      0
 27.32256      0
 27.35478      0
 27.35478      0
 27.387        0
 27.41922      0
 27.45144      0
 27.45144      0
 27.48366      0
 27.51588      0
 27.5481       0
 27.58032      0
 27.58032      0
 27.61254      0
 27.64476      0
 27.67698      0
 27.7092       0
 27.7092       0
 27.74142      0
 27.77364      0
 27.80586      0
 27.80586      0
 27.83808      0
 27.8703       0
 27.90252      0
 27.93474      0
 27.93474      0
 27.96696      0
 27.99918      0
 28.0314       0
 28.0314       0
 28.06362      0
 28.09584      0
 28.12806      0
 28.12806      0
 28.16028      0
 28.1925       0
 28.22472      0
 28.25694      0
 28.25694      0
 28.28916      0
 28.32138      0
 28.3536       0
 28.3536       0
 28.38582      0
 28.41804      0
 28.45026      0
 28.48248      0
 28.48248      0
 28.5147       0
 28.54692      0
 28.57914      0
 28.57914      0
 28.61136      0
 28.64358      0
 28.6758       0
 28.70802      0
 28.70802      0
