 0             0
 0             0
 0             0
 0             0
 0             0
 0             0
 0             0
 0             0
 0             0
 3.222e-002    0
 3.222e-002    0
 6.444e-002    0
 9.666e-002    0
 9.666e-002    0
 0.12888       0
 0.1611        0
 0.19332       0
 0.22554       0
 0.25776       0
 0.25776       0
 0.3222        0
 0.3222        0
 0.35442       0
 0.38664       0
 0.41886       0
 0.45108       0
 0.4833        0
 0.4833        0
 0.51552       0
 0.54774       0
 0.57996       0
 0.61218       0
 0.6444        0
 0.6444        0
 0.70884       0
 0.70884       0
 0.74106       0
 0.77328       0
 0.8055        0
 0.83772       0
 0.86994       0
 0.90216       0
 0.93438       0
 0.9666        0
 0.9666        0
 0.99882       0
 1.03104       0
 1.06326       0
 1.09548       0
 1.1277        0
 1.15992       0
 1.19214       0
 1.19214       0
 1.22436       0
 1.25658       0
 1.2888        0
 1.32102       0
 1.35324       0
 1.38546       0
 1.41768       0
 1.4499        0
 1.48212       0
 1.51434       0
 1.51434       0
 1.54656       0
 1.57878       0
 1.611         0
 1.64322       0
 1.67544       0
 1.70766       0
 1.73988       0
 1.7721        0
 1.80432       0
 1.83654       0
 1.83654       0
 1.86876       0
 1.90098       0
 1.9332        0
 1.96542       0
 1.99764       0
 2.02986       0
 2.06208       0
 2.0943        0
 2.12652       0
 2.15874       0
 2.19096       0
 2.19096       0
 2.2554        0
 2.2554        0
 2.28762       0
 2.31984       0
 2.35206       0
 2.38428       0
 2.4165        0
 2.44872       0
 2.48094       0
 2.51316       0
 2.54538       0
 2.5776        0
 2.60982       0
 2.64204       0
 2.67426       0
 2.67426       0
 2.70648       0
 2.7387        0
 2.77092       0
 2.80314       0
 2.83536       0
 2.86758       0
 2.8998        0
 2.93202       0
 2.96424       0
 2.99646       0
 3.02868       0
 3.0609        0
 3.09312       0
 3.09312       0
 3.12534       0
 3.18978       0
 3.18978       0
 3.25422       0
 3.28644       0
 3.31866       0
 3.35088       0
 3.3831        0
 3.41532       0
 3.44754       0
 3.47976       0
 3.51198       0
 3.5442        0
 3.5442        0
 3.57642       0
 3.60864       0
 3.64086       0
 3.67308       0
 3.7053        0
 3.73752       0
 3.76974       0
 3.80196       0
 3.83418       0
 3.8664        0
 3.89862       0
 3.93084       0
 3.96306       0
 3.99528       0
 4.0275        0
 4.05972       0
 4.05972       0
 4.09194       0
 4.12416       0
 4.15638       0
 4.1886        0
 4.22082       0
 4.25304       0
 4.28526       0
 4.31748       0
 4.3497        0
 4.38192       0
 4.41414       0
 4.44636       0
 4.47858       0
 4.5108        0
 4.54302       0
 4.57524       0
 4.57524       0
 4.60746       0
 4.63968       0
 4.6719        0
 4.70412       0
 4.73634       0
 4.76856       0
 4.80078       0
 4.833         0
 4.86522       1
 4.89744       0
 4.92966       0
 4.96188       1
 4.9941        0
 4.9941        1
 5.05854       1
 5.05854       0
 5.09076       0
 5.12298       0
 5.1552        0
 5.18742       0
 5.21964       0
 5.25186       0
 5.28408       0
 5.3163        0
 5.34852       0
 5.38074       0
 5.41296       0
 5.44518       0
 5.4774        0
 5.4774        0
 5.50962       0
 5.54184       0
 5.57406       0
 5.60628       0
 5.6385        0
 5.67072       0
 5.70294       0
 5.73516       0
 5.76738       0
 5.7996        0
 5.83182       0
 5.86404       0
 5.89626       0
 5.92848       0
 5.92848       0
 5.9607        0
 5.99292       0
 6.02514       0
 6.05736       0
 6.08958       0
 6.1218        0
 6.15402       0
 6.18624       0
 6.21846       0
 6.25068       0
 6.2829        0
 6.31512       0
 6.34734       0
 6.34734       0
 6.37956       0
 6.41178       0
 6.444         0
 6.50844       0
 6.54066       0
 6.57288       0
 6.6051        0
 6.63732       0
 6.66954       0
 6.70176       0
 6.73398       0
 6.7662        0
 6.79842       0
 6.79842       0
 6.83064       0
 6.86286       0
 6.89508       0
 6.9273        0
 6.95952       0
 6.99174       0
 7.02396       0
 7.05618       0
 7.0884        0
 7.12062       0
 7.15284       0
 7.18506       0
 7.18506       0
 7.21728       0
 7.2495        1
 7.28172       0
 7.31394       1
 7.34616       1
 7.37838       1
 7.4106        1
 7.44282       1
 7.47504       1
 7.50726       1
 7.53948       1
 7.5717        1
 7.5717        1
 7.60392       1
 7.63614       1
 7.66836       1
 7.70058       1
 7.7328        1
 7.76502       1
 7.79724       1
 7.82946       1
 7.86168       0
 7.8939        0
 7.92612       0
 7.95834       0
 7.95834       0
 7.99056       0
 8.02278       0
 8.055         0
 8.08722       0
 8.11944       0
 8.15166       0
 8.18388       0
 8.2161        0
 8.24832       0
 8.28054       0
 8.31276       0
 8.34498       1
 8.34498       1
 8.3772        1
 8.40942       1
 8.44164       1
 8.47386       2
 8.50608       2
 8.5383        2
 8.57052       2
 8.60274       1
 8.63496       0
 8.66718       0
 8.6994        0
 8.6994        0
 8.73162       0
 8.76384       0
 8.79606       0
 8.82828       0
 8.8605        0
 8.89272       0
 8.92494       0
 8.95716       0
 8.98938       0
 9.0216        0
 9.05382       0
 9.05382       0
 9.08604       0
 9.11826       0
 9.15048       0
 9.1827        0
 9.21492       0
 9.24714       0
 9.27936       0
 9.31158       1
 9.3438        1
 9.37602       1
 9.37602       2
 9.40824       3
 9.44046       3
 9.47268       4
 9.5049        4
 9.53712       4
 9.56934       5
 9.60156       5
 9.63378       5
 9.666         5
 9.69822       5
 9.73044       5
 9.76266       5
 9.79488       5
 9.8271        5
 9.85932       5
 9.89154       5
 9.92376       5
 9.95598       5
 9.9882        5
 10.02042      5
 10.05264      5
 10.05264      5
 10.08486      5
 10.11708      5
 10.1493       5
 10.18152      5
 10.21374      5
 10.24596      5
 10.27818      5
 10.3104       5
 10.34262      5
 10.37484      5
 10.37484      5
 10.40706      5
 10.43928      5
 10.4715       5
 10.50372      5
 10.53594      4
 10.56816      5
 10.60038      4
 10.6326       4
 10.66482      4
 10.69704      4
 10.69704      4
 10.72926      4
 10.76148      4
 10.7937       5
 10.82592      5
 10.85814      5
 10.89036      5
 10.92258      5
 10.9548       5
 10.98702      5
 11.01924      5
 11.01924      5
 11.05146      5
 11.08368      5
 11.1159       5
 11.14812      5
 11.18034      5
 11.21256      5
 11.24478      5
 11.277        4
 11.30922      5
 11.34144      4
 11.34144      4
 11.37366      4
 11.40588      4
 11.4381       4
 11.47032      4
 11.50254      4
 11.53476      4
 11.56698      4
 11.5992       4
 11.5992       4
 11.63142      4
 11.66364      4
 11.69586      4
 11.72808      4
 11.7603       3
 11.79252      4
 11.82474      3
 11.85696      3
 11.88918      4
 11.88918      3
 11.9214       3
 11.95362      4
 11.98584      4
 12.01806      4
 12.05028      4
 12.0825       4
 12.11472      4
 12.14694      4
 12.17916      4
 12.17916      4
 12.21138      4
 12.2436       4
 12.27582      4
 12.30804      4
 12.34026      4
 12.37248      4
 12.4047       4
 12.43692      4
 12.46914      4
 12.46914      4
 12.50136      4
 12.53358      4
 12.5658       4
 12.59802      4
 12.63024      4
 12.66246      4
 12.69468      4
 12.7269       4
 12.7269       4
 12.75912      5
 12.79134      5
 12.82356      5
 12.85578      5
 12.888        6
 12.92022      6
 12.95244      6
 12.98466      7
 13.01688      7
 13.0491       8
 13.08132      8
 13.11354      9
 13.14576      9
 13.17798      10
 13.2102       10
 13.24242      11
 13.27464      11
 13.30686      12
 13.30686      12
 13.33908      13
 13.3713       14
 13.40352      14
 13.43574      15
 13.46796      16
 13.50018      17
 13.5324       17
 13.5324       18
 13.56462      19
 13.59684      19
 13.62906      20
 13.66128      21
 13.6935       22
 13.72572      22
 13.75794      23
 13.79016      24
 13.79016      24
 13.82238      27
 13.8546       28
 13.88682      29
 13.91904      29
 13.95126      30
 13.98348      30
 14.0157       31
 14.04792      31
 14.04792      31
 14.08014      32
 14.11236      32
 14.14458      33
 14.1768       33
 14.20902      33
 14.24124      34
 14.27346      34
 14.30568      34
 14.30568      34
 14.3379       34
 14.37012      35
 14.40234      35
 14.43456      35
 14.46678      36
 14.499        36
 14.53122      36
 14.53122      36
 14.56344      36
 14.59566      36
 14.62788      36
 14.6601       36
 14.69232      36
 14.72454      36
 14.75676      36
 14.75676      36
 14.78898      36
 14.8212       36
 14.85342      36
 14.88564      36
 14.91786      36
 14.95008      36
 14.9823       36
 15.01452      36
 15.01452      36
 15.04674      35
 15.07896      35
 15.11118      35
 15.1434       35
 15.17562      35
 15.20784      35
 15.24006      34
 15.24006      34
 15.27228      34
 15.3045       34
 15.33672      33
 15.36894      33
 15.40116      33
 15.43338      33
 15.4656       32
 15.4656       32
 15.49782      32
 15.53004      31
 15.56226      31
 15.59448      31
 15.6267       30
 15.65892      30
 15.69114      30
 15.72336      30
 15.72336      29
 15.75558      29
 15.7878       29
 15.82002      29
 15.85224      28
 15.88446      28
 15.91668      28
 15.9489       27
 15.9489       27
 15.98112      27
 16.01334      26
 16.04556      26
 16.07778      26
 16.11         26
 16.14222      25
 16.17444      25
 16.17444      24
 16.20666      24
 16.2711       23
 16.30332      23
 16.33554      23
 16.36776      22
 16.39998      22
 16.39998      22
 16.4322       21
 16.46442      21
 16.49664      21
 16.52886      21
 16.56108      21
 16.5933       21
 16.62552      20
 16.62552      20
 16.65774      20
 16.68996      20
 16.72218      20
 16.7544       19
 16.78662      19
 16.81884      19
 16.81884      19
 16.85106      19
 16.88328      18
 16.9155       18
 16.94772      18
 16.97994      17
 17.01216      17
 17.04438      17
 17.04438      17
 17.0766       17
 17.10882      16
 17.14104      16
 17.17326      16
 17.20548      16
 17.2377       16
 17.2377       16
 17.26992      15
 17.30214      15
 17.33436      15
 17.36658      15
 17.3988       15
 17.43102      15
 17.46324      15
 17.46324      15
 17.49546      15
 17.52768      15
 17.5599       16
 17.59212      16
 17.62434      16
 17.65656      16
 17.68878      16
 17.68878      16
 17.721        17
 17.75322      17
 17.78544      17
 17.81766      18
 17.84988      18
 17.8821       19
 17.8821       19
 17.91432      20
 17.94654      20
 17.97876      21
 18.01098      22
 18.0432       22
 18.07542      23
 18.07542      24
 18.10764      25
 18.13986      26
 18.17208      27
 18.2043       28
 18.23652      29
 18.26874      30
 18.30096      31
 18.30096      32
 18.33318      34
 18.3654       35
 18.39762      36
 18.42984      37
 18.46206      38
 18.49428      40
 18.49428      41
 18.5265       43
 18.55872      44
 18.59094      45
 18.62316      47
 18.65538      48
 18.6876       49
 18.6876       51
 18.71982      52
 18.75204      54
 18.78426      55
 18.81648      57
 18.8487       58
 18.8487       59
 18.88092      61
 18.91314      62
 18.94536      63
 18.97758      65
 19.0098       66
 19.04202      67
 19.04202      68
 19.07424      70
 19.10646      71
 19.13868      72
 19.1709       73
 19.20312      74
 19.23534      75
 19.23534      77
 19.26756      80
 19.29978      83
 19.332        86
 19.36422      87
 19.39644      87
 19.42866      88
 19.46088      88
 19.46088      88
 19.52532      88
 19.55754      88
 19.58976      88
 19.62198      89
 19.6542       89
 19.6542       89
 19.68642      89
 19.71864      89
 19.75086      90
 19.78308      90
 19.8153       90
 19.8153       91
 19.84752      90
 19.87974      91
 19.91196      91
 19.94418      91
 19.9764       91
 20.00862      91
 20.00862      91
 20.04084      91
 20.07306      91
 20.10528      91
 20.1375       91
 20.16972      91
 20.16972      91
 20.20194      91
 20.23416      91
 20.26638      90
 20.2986       91
 20.33082      90
 20.36304      90
 20.36304      90
 20.39526      89
 20.42748      89
 20.4597       89
 20.49192      88
 20.52414      88
 20.55636      88
 20.55636      88
 20.58858      88
 20.6208       87
 20.65302      87
 20.68524      86
 20.71746      85
 20.71746      84
 20.74968      84
 20.7819       83
 20.81412      82
 20.84634      82
 20.87856      81
 20.87856      81
 20.91078      80
 20.943        80
 20.97522      79
 21.00744      79
 21.03966      78
 21.07188      78
 21.07188      77
 21.1041       77
 21.13632      76
 21.16854      76
 21.20076      75
 21.23298      75
 21.23298      74
 21.2652       74
 21.29742      73
 21.32964      73
 21.36186      72
 21.39408      72
 21.39408      71
 21.4263       70
 21.45852      70
 21.49074      69
 21.52296      68
 21.55518      68
 21.55518      67
 21.5874       66
 21.61962      66
 21.65184      65
 21.68406      64
 21.71628      64
 21.7485       63
 21.7485       62
 21.78072      62
 21.81294      61
 21.84516      60
 21.87738      60
 21.9096       59
 21.9096       58
 21.94182      58
 21.97404      57
 22.00626      56
 22.03848      56
 22.0707       55
 22.0707       55
 22.10292      54
 22.13514      53
 22.16736      52
 22.19958      52
 22.2318       51
 22.2318       50
 22.26402      50
 22.29624      49
 22.32846      49
 22.36068      48
 22.3929       48
 22.3929       47
 22.42512      47
 22.45734      46
 22.48956      46
 22.52178      46
 22.554        49
 22.554        50
 22.58622      50
 22.61844      50
 22.65066      50
 22.68288      49
 22.7151       49
 22.74732      48
 22.77954      48
 22.81176      47
 22.84398      47
 22.8762       47
 22.8762       47
 22.90842      47
 22.94064      47
 22.97286      47
 23.00508      47
 23.0373       47
 23.0373       48
 23.06952      48
 23.10174      49
 23.13396      49
 23.16618      50
 23.16618      51
 23.1984       51
 23.23062      52
 23.26284      53
 23.29506      54
 23.32728      55
 23.32728      56
 23.3595       57
 23.39172      58
 23.42394      59
 23.45616      60
 23.48838      62
 23.48838      64
 23.5206       65
 23.55282      67
 23.58504      68
 23.61726      69
 23.64948      71
 23.64948      72
 23.6817       73
 23.71392      75
 23.74614      76
 23.77836      78
 23.81058      79
 23.81058      80
 23.8428       82
 23.87502      84
 23.90724      85
 23.93946      87
 23.93946      88
 23.97168      90
 24.0039       91
 24.03612      93
 24.06834      94
 24.10056      96
 24.10056      98
 24.13278      99
 24.165        102
 24.19722      103
 24.22944      105
 24.22944      106
 24.26166      107
 24.29388      109
 24.3261       110
 24.35832      111
 24.39054      112
 24.39054      113
 24.42276      115
 24.45498      116
 24.4872       117
 24.51942      118
 24.51942      119
 24.55164      120
 24.58386      122
 24.61608      122
 24.6483       123
 24.68052      125
 24.68052      125
 24.71274      126
 24.74496      127
 24.77718      25
 24.77718      0
 24.8094       0
 24.84162      0
 24.87384      0
 24.90606      0
 24.93828      0
 24.93828      0
 24.9705       0
 25.00272      0
 25.03494      0
 25.06716      0
 25.06716      0
 25.09938      0
 25.1316       0
 25.16382      0
 25.19604      0
 25.19604      0
 25.22826      0
 25.26048      0
 25.2927       0
 25.32492      0
 25.35714      0
 25.35714      0
 25.38936      0
 25.42158      0
 25.4538       0
 25.4538       0
 25.48602      0
 25.51824      0
 25.55046      0
 25.58268      0
 25.6149       0
 25.6149       0
 25.64712      0
 25.67934      0
 25.71156      0
 25.74378      0
 25.74378      0
 25.776        0
 25.80822      0
 25.84044      0
 25.87266      0
 25.87266      0
 25.90488      0
 25.9371       0
 25.96932      0
 26.00154      0
 26.03376      0
 26.06598      0
 26.0982       0
 26.13042      0
 26.16264      0
 26.16264      0
 26.19486      0
 26.22708      0
 26.2593       0
 26.2593       0
 26.29152      0
 26.32374      0
 26.35596      0
 26.38818      0
 26.4204       0
 26.4204       0
 26.45262      0
 26.48484      0
 26.51706      0
 26.54928      0
 26.54928      0
 26.5815       0
 26.61372      0
 26.64594      0
 26.67816      0
 26.67816      0
 26.71038      0
 26.7426       0
 26.77482      0
 26.80704      0
 26.80704      0
 26.83926      0
 26.87148      0
 26.9037       0
 26.93592      0
 26.93592      0
 26.96814      0
 27.00036      0
 27.03258      0
 27.03258      0
 27.0648       0
 27.09702      0
 27.12924      0
 27.16146      0
 27.19368      0
 27.19368      0
 27.2259       0
 27.25812      0
 27.29034      0
 27.29034      0
 27.32256      0
 27.35478      0
 27.387        0
 27.41922      0
 27.41922      0
 27.45144      0
 27.48366      0
 27.51588      0
 27.5481       0
 27.5481       0
 27.58032      0
 27.61254      0
 27.64476      0
 27.64476      0
 27.67698      0
 27.7092       0
 27.74142      0
 27.77364      0
 27.77364      0
 27.80586      0
 27.83808      0
 27.8703       0
 27.90252      0
 27.90252      0
 27.93474      0
 27.96696      0
 27.99918      0
 27.99918      0
 28.0314       0
 28.06362      0
 28.09584      0
 28.12806      0
 28.12806      0
 28.16028      0
 28.1925       0
 28.22472      0
 28.25694      0
 28.25694      0
 28.28916      0
 28.32138      0
 28.3536       0
 28.3536       0
 28.38582      0
 28.41804      0
 28.45026      0
 28.48248      0
 28.48248      0
 28.5147       0
 28.54692      0
 28.57914      0
 28.57914      0
 28.61136      0
 28.64358      0
 28.6758       0
 28.6758       0
 28.70802      0
