 0             0
 0             0
 0             0
 0             0
 6.444e-002    0
 6.444e-002    0
 9.666e-002    0
 0.12888       0
 0.12888       0
 0.1611        0
 0.19332       0
 0.19332       0
 0.25776       0
 0.28998       0
 0.28998       0
 0.3222        0
 0.35442       0
 0.35442       0
 0.41886       0
 0.41886       0
 0.45108       0
 0.51552       0
 0.51552       0
 0.54774       0
 0.57996       0
 0.57996       0
 0.61218       0
 0.6444        0
 0.6444        0
 0.70884       0
 0.74106       0
 0.74106       0
 0.8055        0
 0.8055        0
 0.83772       0
 0.86994       0
 0.86994       0
 0.93438       0
 0.9666        0
 0.9666        0
 0.99882       0
 1.03104       0
 1.03104       0
 1.09548       0
 1.09548       0
 1.1277        0
 1.19214       0
 1.19214       0
 1.22436       0
 1.25658       0
 1.25658       0
 1.32102       0
 1.35324       0
 1.35324       0
 1.38546       0
 1.41768       0
 1.41768       0
 1.48212       0
 1.51434       0
 1.51434       0
 1.57878       0
 1.57878       0
 1.611         0
 1.64322       0
 1.67544       0
 1.70766       0
 1.73988       0
 1.73988       0
 1.7721        0
 1.80432       0
 1.83654       0
 1.86876       0
 1.90098       0
 1.90098       0
 1.96542       0
 1.96542       0
 1.99764       0
 2.02986       0
 2.06208       0
 2.0943        0
 2.12652       0
 2.12652       0
 2.19096       0
 2.19096       0
 2.22318       0
 2.2554        0
 2.28762       0
 2.28762       0
 2.35206       0
 2.35206       0
 2.38428       0
 2.4165        0
 2.44872       0
 2.48094       0
 2.51316       0
 2.51316       0
 2.5776        0
 2.5776        0
 2.60982       0
 2.64204       0
 2.67426       0
 2.70648       0
 2.7387        0
 2.7387        0
 2.77092       0
 2.83536       0
 2.83536       0
 2.86758       0
 2.8998        0
 2.93202       0
 2.96424       0
 2.99646       0
 2.99646       0
 3.0609        0
 3.0609        0
 3.09312       0
 3.12534       0
 3.15756       0
 3.18978       0
 3.25422       0
 3.25422       0
 3.28644       0
 3.31866       0
 3.35088       0
 3.3831        0
 3.41532       0
 3.41532       0
 3.47976       0
 3.47976       0
 3.51198       0
 3.5442        0
 3.57642       0
 3.60864       0
 3.64086       0
 3.64086       0
 3.67308       0
 3.7053        0
 3.73752       0
 3.76974       0
 3.80196       0
 3.83418       0
 3.8664        0
 3.8664        0
 3.89862       0
 3.96306       0
 3.96306       0
 3.99528       0
 4.0275        0
 4.05972       0
 4.09194       0
 4.12416       0
 4.12416       0
 4.1886        0
 4.1886        0
 4.22082       0
 4.25304       0
 4.28526       0
 4.31748       0
 4.3497        0
 4.3497        0
 4.38192       0
 4.41414       0
 4.44636       0
 4.47858       0
 4.5108        0
 4.54302       0
 4.57524       0
 4.60746       0
 4.60746       0
 4.6719        0
 4.6719        0
 4.70412       0
 4.73634       0
 4.76856       0
 4.80078       0
 4.833         0
 4.833         0
 4.89744       0
 4.89744       0
 4.92966       0
 4.96188       0
 4.9941        0
 5.02632       0
 5.05854       0
 5.09076       0
 5.09076       1
 5.1552        1
 5.1552        1
 5.18742       1
 5.21964       1
 5.25186       1
 5.28408       1
 5.3163        1
 5.34852       1
 5.38074       2
 5.38074       2
 5.41296       2
 5.44518       2
 5.4774        2
 5.50962       2
 5.54184       2
 5.57406       3
 5.60628       3
 5.6385        3
 5.6385        3
 5.70294       3
 5.70294       3
 5.73516       3
 5.76738       4
 5.7996        4
 5.83182       4
 5.86404       4
 5.89626       4
 5.89626       4
 5.9607        5
 5.9607        5
 5.99292       5
 6.02514       5
 6.05736       5
 6.08958       6
 6.1218        6
 6.15402       6
 6.18624       6
 6.18624       6
 6.21846       7
 6.25068       7
 6.2829        7
 6.31512       7
 6.34734       7
 6.37956       7
 6.41178       8
 6.444         8
 6.47622       8
 6.50844       8
 6.54066       9
 6.57288       9
 6.6051        9
 6.63732       9
 6.66954       10
 6.70176       10
 6.70176       10
 6.73398       10
 6.7662        11
 6.79842       11
 6.83064       11
 6.86286       11
 6.89508       11
 6.9273        12
 6.95952       12
 6.95952       12
 7.02396       12
 7.02396       12
 7.05618       12
 7.0884        12
 7.12062       12
 7.15284       12
 7.18506       12
 7.21728       12
 7.2495        12
 7.28172       12
 7.28172       12
 7.31394       11
 7.34616       11
 7.37838       11
 7.4106        14
 7.44282       13
 7.47504       13
 7.50726       12
 7.50726       12
 7.53948       12
 7.5717        11
 7.60392       11
 7.63614       11
 7.66836       11
 7.70058       10
 7.7328        10
 7.76502       10
 7.79724       10
 7.79724       9
 7.82946       9
 7.86168       9
 7.8939        8
 7.92612       8
 7.95834       8
 7.99056       8
 8.02278       8
 8.055         7
 8.055         7
 8.08722       7
 8.11944       7
 8.15166       7
 8.18388       6
 8.2161        6
 8.24832       6
 8.28054       6
 8.31276       6
 8.31276       6
 8.34498       6
 8.3772        5
 8.40942       5
 8.44164       5
 8.47386       5
 8.50608       5
 8.5383        5
 8.5383        5
 8.57052       5
 8.60274       5
 8.63496       5
 8.66718       5
 8.6994        5
 8.73162       5
 8.76384       5
 8.79606       5
 8.79606       5
 8.82828       5
 8.8605        5
 8.89272       5
 8.92494       5
 8.95716       5
 8.98938       5
 9.0216        5
 9.05382       5
 9.08604       5
 9.08604       5
 9.11826       5
 9.15048       5
 9.1827        5
 9.21492       6
 9.24714       6
 9.27936       6
 9.31158       6
 9.31158       6
 9.3438        6
 9.37602       6
 9.40824       7
 9.44046       7
 9.47268       7
 9.5049        7
 9.53712       7
 9.56934       7
 9.56934       8
 9.60156       8
 9.63378       8
 9.666         8
 9.69822       8
 9.76266       9
 9.76266       9
 9.8271        9
 9.8271        9
 9.85932       10
 9.89154       10
 9.92376       10
 9.95598       10
 9.9882        11
 10.02042      11
 10.05264      11
 10.05264      11
 10.08486      12
 10.11708      12
 10.1493       12
 10.18152      13
 10.21374      13
 10.24596      13
 10.27818      14
 10.3104       14
 10.3104       14
 10.34262      15
 10.37484      15
 10.40706      15
 10.43928      16
 10.4715       16
 10.50372      16
 10.53594      17
 10.53594      17
 10.56816      18
 10.60038      18
 10.6326       18
 10.66482      19
 10.69704      19
 10.72926      19
 10.72926      20
 10.76148      20
 10.7937       21
 10.82592      21
 10.85814      22
 10.89036      22
 10.92258      22
 10.9548       23
 10.9548       23
 10.98702      24
 11.01924      24
 11.05146      25
 11.08368      25
 11.1159       26
 11.14812      26
 11.18034      27
 11.18034      27
 11.21256      28
 11.24478      28
 11.277        29
 11.30922      29
 11.34144      30
 11.37366      30
 11.40588      31
 11.40588      31
 11.4381       32
 11.47032      32
 11.50254      33
 11.53476      33
 11.56698      34
 11.5992       34
 11.63142      34
 11.66364      35
 11.66364      35
 11.69586      36
 11.72808      36
 11.7603       36
 11.79252      36
 11.82474      37
 11.85696      37
 11.88918      37
 11.88918      37
 11.9214       37
 11.95362      37
 11.98584      37
 12.01806      37
 12.05028      37
 12.0825       37
 12.11472      36
 12.11472      36
 12.14694      36
 12.17916      35
 12.21138      35
 12.2436       35
 12.27582      34
 12.30804      34
 12.34026      34
 12.34026      33
 12.37248      33
 12.4047       33
 12.43692      32
 12.46914      32
 12.50136      31
 12.50136      31
 12.53358      30
 12.5658       30
 12.59802      29
 12.63024      29
 12.66246      28
 12.69468      28
 12.7269       27
 12.7269       27
 12.75912      26
 12.79134      26
 12.82356      25
 12.85578      25
 12.888        24
 12.92022      24
 12.95244      23
 12.95244      23
 13.01688      22
 13.0491       22
 13.08132      21
 13.11354      21
 13.14576      21
 13.14576      20
 13.17798      20
 13.2102       19
 13.24242      19
 13.27464      19
 13.30686      19
 13.33908      18
 13.3713       18
 13.3713       18
 13.40352      17
 13.43574      17
 13.46796      17
 13.50018      17
 13.5324       17
 13.56462      16
 13.56462      16
 13.59684      16
 13.62906      16
 13.66128      16
 13.6935       16
 13.72572      16
 13.75794      16
 13.75794      16
 13.79016      16
 13.82238      16
 13.8546       16
 13.88682      16
 13.91904      16
 13.95126      16
 13.95126      16
 13.98348      16
 14.0157       16
 14.04792      16
 14.08014      16
 14.11236      16
 14.14458      17
 14.1768       17
 14.1768       17
 14.20902      17
 14.24124      17
 14.27346      17
 14.30568      18
 14.3379       18
 14.3379       18
 14.37012      18
 14.40234      19
 14.43456      19
 14.46678      19
 14.499        19
 14.53122      20
 14.53122      20
 14.56344      20
 14.59566      21
 14.62788      21
 14.6601       21
 14.69232      22
 14.72454      22
 14.72454      22
 14.75676      23
 14.78898      23
 14.8212       24
 14.85342      24
 14.88564      24
 14.91786      25
 14.91786      25
 14.95008      26
 14.9823       26
 15.01452      27
 15.04674      27
 15.07896      28
 15.07896      28
 15.11118      28
 15.1434       29
 15.17562      29
 15.20784      30
 15.24006      30
 15.27228      31
 15.3045       32
 15.3045       32
 15.33672      33
 15.36894      33
 15.40116      34
 15.43338      34
 15.4656       35
 15.4656       35
 15.49782      36
 15.53004      37
 15.56226      37
 15.59448      38
 15.6267       38
 15.6267       39
 15.65892      40
 15.69114      40
 15.72336      41
 15.75558      42
 15.7878       42
 15.82002      43
 15.85224      44
 15.85224      44
 15.88446      45
 15.91668      46
 15.9489       46
 15.98112      47
 16.01334      48
 16.01334      48
 16.04556      49
 16.07778      50
 16.11         51
 16.14222      51
 16.17444      52
 16.20666      53
 16.23888      53
 16.2711       54
 16.30332      55
 16.33554      56
 16.36776      56
 16.39998      57
 16.39998      58
 16.4322       58
 16.46442      59
 16.49664      60
 16.52886      60
 16.56108      61
 16.56108      61
 16.5933       62
 16.62552      62
 16.65774      63
 16.68996      63
 16.72218      63
 16.72218      64
 16.7544       64
 16.78662      64
 16.81884      64
 16.85106      64
 16.88328      65
 16.9155       65
 16.9155       65
 16.94772      65
 16.97994      65
 17.01216      64
 17.04438      64
 17.0766       64
 17.0766       64
 17.10882      64
 17.14104      64
 17.17326      63
 17.20548      63
 17.2377       63
 17.2377       62
 17.26992      62
 17.30214      62
 17.33436      61
 17.36658      61
 17.3988       60
 17.3988       60
 17.43102      59
 17.46324      59
 17.49546      58
 17.52768      58
 17.5599       57
 17.59212      56
 17.59212      56
 17.62434      55
 17.65656      54
 17.68878      53
 17.721        53
 17.75322      52
 17.75322      51
 17.78544      51
 17.81766      50
 17.84988      49
 17.8821       49
 17.91432      48
 17.91432      48
 17.94654      47
 17.97876      47
 18.01098      46
 18.0432       46
 18.07542      45
 18.07542      45
 18.10764      44
 18.13986      44
 18.17208      43
 18.2043       43
 18.23652      42
 18.26874      42
 18.26874      41
 18.30096      41
 18.33318      40
 18.3654       40
 18.39762      40
 18.42984      39
 18.42984      39
 18.46206      39
 18.49428      38
 18.5265       38
 18.55872      38
 18.59094      38
 18.59094      38
 18.62316      37
 18.65538      37
 18.6876       37
 18.71982      37
 18.71982      37
 18.75204      37
 18.78426      36
 18.81648      36
 18.8487       36
 18.88092      36
 18.88092      36
 18.91314      36
 18.94536      36
 18.97758      36
 19.0098       36
 19.04202      36
 19.04202      36
 19.07424      36
 19.10646      36
 19.13868      37
 19.1709       37
 19.20312      37
 19.20312      37
 19.23534      37
 19.26756      37
 19.29978      37
 19.332        38
 19.36422      38
 19.36422      38
 19.39644      38
 19.42866      38
 19.46088      39
 19.4931       39
 19.52532      39
 19.55754      39
 19.58976      40
 19.62198      40
 19.6542       40
 19.6542       41
 19.68642      41
 19.71864      41
 19.75086      42
 19.78308      42
 19.8153       43
 19.8153       43
 19.84752      43
 19.87974      44
 19.91196      44
 19.94418      45
 19.9764       45
 19.9764       46
 20.00862      46
 20.04084      47
 20.07306      47
 20.10528      48
 20.10528      48
 20.1375       49
 20.16972      49
 20.20194      50
 20.23416      50
 20.26638      51
 20.26638      52
 20.2986       52
 20.33082      53
 20.36304      54
 20.39526      54
 20.42748      55
 20.42748      56
 20.4597       56
 20.49192      57
 20.52414      57
 20.55636      58
 20.58858      59
 20.58858      60
 20.6208       60
 20.65302      61
 20.68524      62
 20.71746      63
 20.71746      63
 20.74968      64
 20.7819       65
 20.81412      66
 20.84634      66
 20.84634      67
 20.87856      68
 20.91078      69
 20.943        70
 20.97522      70
 20.97522      71
 21.00744      72
 21.03966      73
 21.07188      74
 21.1041       74
 21.13632      75
 21.13632      76
 21.16854      77
 21.20076      78
 21.23298      79
 21.2652       79
 21.2652       80
 21.29742      81
 21.32964      82
 21.36186      82
 21.39408      83
 21.4263       84
 21.4263       85
 21.45852      85
 21.49074      86
 21.52296      87
 21.55518      87
 21.55518      88
 21.5874       88
 21.61962      89
 21.65184      89
 21.68406      90
 21.71628      90
 21.71628      91
 21.7485       91
 21.78072      92
 21.81294      92
 21.84516      92
 21.84516      92
 21.87738      93
 21.9096       93
 21.94182      93
 21.97404      93
 21.97404      94
 22.00626      94
 22.03848      94
 22.0707       94
 22.10292      94
 22.13514      94
 22.13514      94
 22.16736      94
 22.19958      94
 22.2318       94
 22.26402      94
 22.26402      93
 22.29624      93
 22.32846      93
 22.36068      93
 22.3929       92
 22.3929       92
 22.42512      91
 22.45734      91
 22.48956      91
 22.52178      90
 22.52178      90
 22.554        89
 22.58622      89
 22.61844      88
 22.65066      88
 22.65066      87
 22.68288      87
 22.7151       86
 22.77954      86
 22.81176      86
 22.81176      85
 22.84398      85
 22.8762       84
 22.90842      84
 22.90842      83
 22.94064      83
 22.97286      83
 23.00508      82
 23.0373       82
 23.0373       81
 23.06952      81
 23.10174      80
 23.13396      80
 23.16618      79
 23.16618      79
 23.1984       79
 23.23062      78
 23.26284      78
 23.29506      77
 23.32728      77
 23.32728      77
 23.3595       76
 23.39172      76
 23.42394      76
 23.45616      76
 23.45616      75
 23.48838      75
 23.5206       75
 23.55282      75
 23.55282      75
 23.58504      74
 23.61726      74
 23.64948      74
 23.6817       74
 23.6817       74
 23.71392      73
 23.74614      73
 23.77836      73
 23.81058      73
 23.81058      73
 23.8428       73
 23.87502      73
 23.90724      72
 23.93946      72
 23.93946      72
 23.97168      72
 24.0039       72
 24.03612      72
 24.06834      72
 24.06834      72
 24.10056      72
 24.13278      72
 24.165        72
 24.19722      72
 24.19722      73
 24.22944      73
 24.26166      73
 24.29388      73
 24.3261       73
 24.3261       73
 24.35832      73
 24.39054      73
 24.42276      73
 24.45498      73
 24.45498      73
 24.4872       73
 24.51942      73
 24.55164      74
 24.55164      74
 24.58386      74
 24.61608      74
 24.6483       75
 24.68052      75
 24.68052      75
 24.71274      76
 24.74496      76
 24.77718      76
 24.8094       77
 24.8094       77
 24.84162      77
 24.87384      78
 24.90606      78
 24.93828      79
 24.93828      79
 24.9705       79
 25.00272      80
 25.03494      80
 25.03494      81
 25.06716      81
 25.09938      82
 25.1316       82
 25.16382      83
 25.16382      84
 25.19604      84
 25.22826      85
 25.26048      85
 25.26048      86
 25.2927       87
 25.32492      87
 25.35714      88
 25.38936      89
 25.38936      89
 25.42158      90
 25.4538       91
 25.48602      92
 25.51824      92
 25.51824      93
 25.55046      94
 25.58268      95
 25.6149       95
 25.6149       96
 25.64712      97
 25.67934      98
 25.71156      99
 25.74378      99
 25.74378      101
 25.776        102
 25.80822      103
 25.84044      104
 25.87266      105
 25.87266      105
 25.90488      106
 25.9371       107
 25.9371       108
 25.96932      109
 26.03376      110
 26.06598      111
 26.0982       112
 26.0982       113
 26.13042      114
 26.16264      115
 26.19486      116
 26.19486      117
 26.22708      118
 26.2593       119
 26.29152      120
 26.32374      121
 26.32374      122
 26.35596      122
 26.38818      123
 26.4204       124
 26.4204       125
 26.45262      126
 26.48484      127
 26.51706      128
 26.51706      129
 26.54928      130
 26.5815       131
 26.61372      131
 26.64594      132
 26.64594      133
 26.67816      134
 26.71038      135
 26.7426       136
 26.7426       137
 26.77482      137
 26.80704      138
 26.83926      139
 26.87148      140
 26.87148      141
 26.9037       141
 26.93592      142
 26.96814      143
 26.96814      144
 27.00036      144
 27.03258      145
 27.0648       146
 27.0648       147
 27.09702      147
 27.12924      148
 27.16146      149
 27.19368      149
 27.19368      150
 27.2259       150
 27.25812      151
 27.29034      152
 27.29034      152
 27.32256      153
 27.35478      153
 27.387        154
 27.41922      155
 27.41922      155
 27.45144      156
 27.48366      157
 27.48366      157
 27.51588      158
 27.5481       159
 27.58032      160
 27.61254      160
 27.61254      160
 27.64476      160
 27.67698      160
 27.7092       161
 27.7092       161
 27.74142      161
 27.77364      161
 27.80586      161
 27.80586      162
 27.83808      162
 27.8703       162
 27.90252      162
 27.90252      162
 27.93474      163
