 0             0
 0             0
 0             0
 0             0
 3.222e-002    0
 6.444e-002    0
 6.444e-002    0
 0.12888       0
 0.12888       0
 0.1611        0
 0.22554       0
 0.22554       0
 0.25776       0
 0.28998       0
 0.28998       0
 0.3222        0
 0.35442       0
 0.35442       0
 0.41886       0
 0.45108       0
 0.45108       0
 0.51552       0
 0.51552       0
 0.54774       0
 0.57996       0
 0.61218       0
 0.6444        0
 0.67662       0
 0.67662       0
 0.70884       0
 0.74106       0
 0.77328       0
 0.8055        0
 0.83772       0
 0.83772       0
 0.90216       0
 0.90216       0
 0.93438       0
 0.99882       0
 0.99882       0
 1.03104       0
 1.06326       0
 1.06326       0
 1.1277        0
 1.1277        0
 1.15992       0
 1.19214       0
 1.22436       0
 1.25658       0
 1.2888        0
 1.32102       0
 1.32102       0
 1.38546       0
 1.38546       0
 1.41768       0
 1.4499        0
 1.48212       0
 1.51434       0
 1.54656       0
 1.54656       0
 1.611         0
 1.611         0
 1.64322       0
 1.70766       0
 1.70766       0
 1.73988       0
 1.7721        0
 1.80432       0
 1.83654       0
 1.86876       0
 1.86876       0
 1.9332        0
 1.9332        0
 1.96542       0
 1.99764       0
 2.02986       0
 2.06208       0
 2.0943        0
 2.0943        0
 2.15874       0
 2.19096       0
 2.19096       0
 2.22318       0
 2.2554        0
 2.28762       0
 2.31984       0
 2.35206       0
 2.35206       0
 2.4165        0
 2.4165        0
 2.44872       0
 2.51316       0
 2.51316       0
 2.54538       0
 2.5776        0
 2.60982       0
 2.64204       0
 2.67426       0
 2.67426       0
 2.7387        0
 2.7387        0
 2.77092       0
 2.80314       0
 2.83536       0
 2.86758       0
 2.8998        0
 2.93202       0
 2.96424       0
 2.99646       0
 2.99646       0
 3.0609        0
 3.0609        0
 3.09312       0
 3.12534       0
 3.15756       0
 3.18978       0
 3.25422       0
 3.25422       0
 3.28644       0
 3.31866       0
 3.35088       0
 3.3831        0
 3.41532       0
 3.44754       0
 3.47976       0
 3.51198       0
 3.51198       0
 3.57642       0
 3.57642       0
 3.60864       0
 3.64086       0
 3.67308       0
 3.7053        0
 3.73752       0
 3.76974       0
 3.80196       0
 3.83418       0
 3.83418       0
 3.89862       0
 3.89862       0
 3.93084       0
 3.96306       0
 3.99528       0
 4.0275        0
 4.05972       0
 4.09194       0
 4.12416       0
 4.15638       0
 4.15638       0
 4.22082       0
 4.22082       0
 4.25304       0
 4.28526       0
 4.31748       0
 4.3497        0
 4.38192       0
 4.41414       0
 4.44636       0
 4.47858       1
 4.5108        1
 4.54302       1
 4.54302       1
 4.57524       1
 4.60746       1
 4.63968       2
 4.6719        2
 4.70412       2
 4.73634       2
 4.76856       2
 4.80078       2
 4.833         3
 4.86522       3
 4.89744       3
 4.89744       3
 4.96188       3
 4.96188       4
 4.9941        4
 5.02632       4
 5.05854       4
 5.09076       5
 5.12298       5
 5.1552        5
 5.18742       5
 5.21964       6
 5.21964       6
 5.28408       6
 5.28408       6
 5.3163        7
 5.34852       7
 5.38074       7
 5.41296       8
 5.44518       8
 5.4774        8
 5.50962       9
 5.54184       9
 5.57406       9
 5.60628       10
 5.6385        10
 5.6385        10
 5.70294       11
 5.70294       11
 5.73516       11
 5.76738       12
 5.7996        12
 5.83182       13
 5.86404       13
 5.89626       13
 5.92848       14
 5.9607        14
 5.99292       15
 6.02514       15
 6.02514       16
 6.08958       16
 6.08958       16
 6.1218        17
 6.15402       17
 6.18624       18
 6.21846       18
 6.25068       19
 6.2829        19
 6.31512       20
 6.34734       20
 6.37956       21
 6.41178       21
 6.41178       22
 6.444         23
 6.50844       23
 6.54066       24
 6.57288       24
 6.6051        25
 6.63732       25
 6.66954       26
 6.70176       26
 6.73398       27
 6.7662        27
 6.79842       28
 6.79842       28
 6.83064       29
 6.86286       29
 6.89508       30
 6.9273        30
 6.95952       31
 6.99174       31
 7.02396       31
 7.05618       32
 7.0884        32
 7.12062       32
 7.12062       33
 7.18506       33
 7.18506       33
 7.21728       33
 7.2495        33
 7.28172       33
 7.31394       33
 7.34616       32
 7.37838       32
 7.4106        32
 7.44282       32
 7.47504       32
 7.50726       31
 7.53948       31
 7.53948       31
 7.5717        31
 7.60392       30
 7.63614       30
 7.66836       30
 7.70058       29
 7.7328        29
 7.76502       28
 7.79724       28
 7.82946       28
 7.86168       27
 7.86168       27
 7.8939        26
 7.92612       26
 7.95834       25
 7.99056       25
 8.02278       24
 8.055         24
 8.08722       23
 8.11944       23
 8.15166       22
 8.18388       22
 8.18388       22
 8.2161        21
 8.24832       21
 8.28054       20
 8.31276       20
 8.34498       20
 8.3772        19
 8.40942       19
 8.44164       19
 8.47386       19
 8.50608       18
 8.5383        18
 8.5383        18
 8.60274       18
 8.60274       17
 8.63496       17
 8.66718       17
 8.6994        17
 8.73162       17
 8.76384       17
 8.79606       17
 8.82828       17
 8.8605        17
 8.89272       17
 8.92494       17
 8.92494       17
 8.95716       17
 8.98938       17
 9.0216        17
 9.05382       17
 9.08604       17
 9.11826       17
 9.15048       18
 9.1827        18
 9.21492       18
 9.24714       18
 9.24714       18
 9.27936       19
 9.31158       19
 9.3438        19
 9.37602       20
 9.40824       20
 9.44046       20
 9.47268       21
 9.5049        21
 9.53712       21
 9.56934       22
 9.60156       22
 9.60156       22
 9.63378       23
 9.666         23
 9.69822       24
 9.76266       24
 9.79488       25
 9.8271        25
 9.85932       26
 9.89154       26
 9.92376       27
 9.92376       27
 9.95598       28
 9.9882        28
 10.02042      29
 10.05264      30
 10.08486      30
 10.11708      31
 10.1493       31
 10.18152      32
 10.21374      33
 10.21374      33
 10.27818      34
 10.27818      35
 10.3104       35
 10.34262      36
 10.37484      37
 10.40706      37
 10.43928      38
 10.4715       39
 10.50372      40
 10.53594      40
 10.53594      41
 10.56816      42
 10.60038      43
 10.6326       44
 10.66482      44
 10.69704      45
 10.72926      46
 10.76148      47
 10.7937       48
 10.82592      49
 10.82592      50
 10.85814      51
 10.89036      51
 10.92258      52
 10.9548       53
 10.98702      54
 11.01924      55
 11.05146      56
 11.08368      58
 11.1159       58
 11.14812      59
 11.14812      60
 11.18034      61
 11.21256      62
 11.24478      63
 11.277        64
 11.30922      65
 11.34144      66
 11.37366      67
 11.40588      68
 11.4381       69
 11.47032      70
 11.47032      71
 11.50254      72
 11.53476      73
 11.56698      74
 11.5992       75
 11.63142      76
 11.66364      77
 11.69586      78
 11.72808      79
 11.72808      80
 11.7603       81
 11.79252      82
 11.82474      83
 11.85696      83
 11.88918      84
 11.9214       85
 11.95362      85
 11.98584      85
 12.01806      86
 12.05028      86
 12.05028      86
 12.0825       86
 12.11472      86
 12.14694      86
 12.17916      86
 12.21138      86
 12.2436       86
 12.27582      85
 12.30804      85
 12.34026      84
 12.34026      84
 12.37248      83
 12.4047       83
 12.43692      82
 12.46914      82
 12.50136      81
 12.53358      81
 12.5658       80
 12.59802      79
 12.59802      79
 12.63024      78
 12.66246      77
 12.69468      76
 12.7269       76
 12.75912      75
 12.79134      74
 12.82356      73
 12.85578      72
 12.888        71
 12.92022      70
 12.92022      69
 12.95244      68
 13.01688      67
 13.0491       66
 13.08132      65
 13.11354      64
 13.14576      64
 13.17798      63
 13.17798      62
 13.2102       62
 13.24242      61
 13.27464      60
 13.30686      60
 13.33908      59
 13.3713       58
 13.40352      58
 13.43574      57
 13.43574      57
 13.46796      56
 13.50018      56
 13.5324       55
 13.56462      55
 13.59684      55
 13.62906      54
 13.66128      54
 13.6935       54
 13.72572      53
 13.72572      53
 13.75794      53
 13.79016      53
 13.82238      53
 13.8546       53
 13.88682      53
 13.91904      53
 13.95126      53
 13.98348      53
 13.98348      53
 14.0157       53
 14.04792      53
 14.08014      53
 14.11236      53
 14.14458      53
 14.1768       54
 14.20902      54
 14.20902      54
 14.24124      54
 14.27346      54
 14.30568      55
 14.3379       55
 14.37012      55
 14.40234      56
 14.43456      56
 14.46678      57
 14.46678      57
 14.499        57
 14.53122      58
 14.56344      59
 14.59566      59
 14.62788      60
 14.6601       60
 14.69232      61
 14.69232      61
 14.72454      62
 14.75676      62
 14.78898      63
 14.8212       64
 14.85342      64
 14.88564      65
 14.91786      66
 14.91786      67
 14.95008      67
 14.9823       68
 15.01452      69
 15.04674      70
 15.07896      71
 15.11118      71
 15.1434       72
 15.17562      73
 15.17562      74
 15.20784      75
 15.24006      76
 15.27228      77
 15.3045       78
 15.33672      79
 15.36894      80
 15.40116      81
 15.40116      82
 15.43338      83
 15.4656       84
 15.49782      85
 15.53004      86
 15.56226      87
 15.59448      88
 15.6267       90
 15.6267       91
 15.65892      92
 15.69114      93
 15.72336      94
 15.75558      95
 15.7878       97
 15.82002      98
 15.85224      99
 15.88446      101
 15.88446      102
 15.91668      104
 15.9489       105
 15.98112      106
 16.01334      108
 16.04556      109
 16.07778      110
 16.11         112
 16.11         112
 16.14222      114
 16.17444      115
 16.20666      117
 16.2711       118
 16.30332      119
 16.30332      120
 16.33554      121
 16.36776      122
 16.39998      124
 16.4322       125
 16.46442      126
 16.49664      128
 16.52886      129
 16.52886      130
 16.56108      132
 16.5933       133
 16.62552      134
 16.65774      136
 16.68996      137
 16.72218      138
 16.7544       139
 16.7544       140
 16.78662      141
 16.81884      142
 16.85106      143
 16.88328      144
 16.9155       144
 16.94772      145
 16.97994      146
 16.97994      146
 17.01216      147
 17.04438      147
 17.0766       148
 17.10882      148
 17.14104      148
 17.17326      148
 17.17326      148
 17.20548      149
 17.2377       149
 17.26992      149
 17.30214      148
 17.33436      148
 17.36658      148
 17.3988       148
 17.3988       148
 17.43102      147
 17.46324      147
 17.49546      146
 17.52768      146
 17.5599       145
 17.59212      145
 17.62434      144
 17.62434      143
 17.65656      142
 17.68878      141
 17.721        140
 17.75322      140
 17.78544      139
 17.81766      138
 17.81766      137
 17.84988      136
 17.8821       135
 17.91432      134
 17.94654      133
 17.97876      132
 18.01098      131
 18.01098      130
 18.0432       129
 18.07542      128
 18.10764      128
 18.13986      127
 18.17208      126
 18.2043       125
 18.23652      124
 18.23652      124
 18.26874      123
 18.30096      122
 18.33318      122
 18.3654       121
 18.39762      121
 18.39762      120
 18.42984      119
 18.46206      119
 18.49428      118
 18.5265       118
 18.55872      118
 18.59094      117
 18.62316      117
 18.62316      117
 18.65538      116
 18.6876       116
 18.71982      116
 18.75204      116
 18.78426      115
 18.78426      115
 18.81648      115
 18.8487       115
 18.88092      115
 18.91314      115
 18.94536      115
 18.97758      115
 19.0098       115
 19.0098       115
 19.04202      115
 19.07424      115
 19.10646      115
 19.13868      115
 19.1709       115
 19.1709       115
 19.20312      115
 19.23534      115
 19.26756      116
 19.29978      116
 19.332        116
 19.36422      116
 19.39644      117
 19.39644      117
 19.42866      117
 19.46088      118
 19.52532      118
 19.55754      118
 19.55754      119
 19.58976      119
 19.62198      119
 19.6542       120
 19.68642      120
 19.71864      121
 19.75086      121
 19.78308      122
 19.78308      122
 19.8153       123
 19.84752      123
 19.87974      124
 19.91196      125
 19.94418      125
 19.94418      126
 19.9764       127
 20.00862      127
 20.04084      128
 20.07306      129
 20.10528      130
 20.1375       131
 20.1375       132
 20.16972      133
 20.20194      134
 20.23416      134
 20.26638      136
 20.2986       137
 20.33082      138
 20.33082      139
 20.36304      140
 20.39526      141
 20.42748      142
 20.4597       143
 20.49192      144
 20.49192      145
 20.52414      147
 20.55636      148
 20.58858      149
 20.6208       150
 20.65302      151
 20.68524      152
 20.68524      154
 20.71746      155
 20.74968      156
 20.7819       157
 20.81412      159
 20.84634      160
 20.84634      161
 20.87856      163
 20.91078      164
 20.943        166
 20.97522      167
 21.00744      168
 21.00744      170
 21.03966      171
 21.07188      173
 21.1041       175
 21.13632      176
 21.16854      178
 21.20076      179
 21.20076      181
 21.23298      183
 21.2652       184
 21.29742      186
 21.32964      187
 21.36186      189
 21.36186      191
 21.39408      192
 21.4263       194
 21.45852      196
 21.49074      197
 21.52296      199
 21.55518      201
 21.55518      203
 21.5874       204
 21.61962      206
 21.65184      208
 21.68406      209
 21.71628      211
 21.71628      212
 21.7485       214
 21.78072      215
 21.81294      216
 21.84516      218
 21.84516      219
 21.87738      220
 21.9096       222
 21.94182      223
 21.97404      224
 22.00626      226
 22.00626      227
 22.03848      228
 22.0707       229
 22.10292      230
 22.13514      231
 22.16736      232
 22.19958      233
 22.2318       234
 22.2318       235
 22.26402      236
 22.29624      237
 22.32846      238
 22.36068      238
 22.36068      239
 22.3929       240
 22.42512      241
 22.45734      241
 22.48956      242
 22.52178      243
 22.52178      243
 22.554        244
 22.58622      244
 22.61844      245
 22.65066      245
 22.68288      246
 22.68288      247
 22.7151       247
 22.77954      248
 22.81176      249
 22.84398      249
 22.84398      250
 22.8762       251
 22.90842      253
 22.94064      253
 22.97286      251
 23.00508      251
 23.00508      251
 23.0373       250
 23.06952      250
 23.10174      250
 23.13396      249
 23.13396      249
 23.16618      249
 23.1984       249
 23.23062      249
 23.26284      248
 23.29506      248
 23.29506      248
 23.32728      247
 23.3595       247
 23.39172      247
 23.42394      247
 23.45616      247
 23.45616      246
 23.48838      246
 23.5206       246
 23.55282      246
 23.58504      246
 23.58504      246
 23.61726      246
 23.64948      246
 23.6817       246
 23.71392      246
 23.74614      246
 23.74614      246
 23.77836      246
 23.81058      246
 23.8428       246
 23.87502      246
 23.90724      247
 23.90724      247
 23.93946      247
 23.97168      247
 24.0039       248
 24.03612      248
 24.06834      248
 24.06834      249
 24.10056      249
 24.13278      250
 24.165        250
 24.19722      251
 24.19722      251
 24.22944      252
 24.26166      252
 24.29388      253
 24.3261       253
 24.35832      254
 24.35832      254
 24.39054      255
 24.42276      255
 24.45498      255
 24.4872       256
 24.4872       256
 24.51942      256
 24.55164      257
 24.58386      257
 24.61608      257
 24.61608      258
 24.6483       258
 24.68052      258
 24.71274      258
 24.74496      258
 24.77718      257
 24.77718      256
 24.8094       255
 24.84162      254
 24.87384      253
 24.90606      253
 24.93828      252
 24.93828      252
 24.9705       251
 25.00272      251
 25.03494      250
 25.06716      250
 25.06716      250
 25.09938      249
 25.1316       249
 25.16382      249
 25.19604      248
 25.19604      248
 25.22826      248
 25.26048      248
 25.2927       248
 25.32492      247
 25.35714      247
 25.35714      247
 25.38936      247
 25.42158      247
 25.4538       246
 25.4538       246
 25.48602      246
 25.51824      246
 25.55046      246
 25.58268      246
 25.6149       245
 25.6149       245
 25.64712      245
 25.67934      245
 25.71156      245
 25.74378      245
 25.74378      244
 25.776        245
 25.80822      245
 25.84044      245
 25.87266      245
 25.87266      245
 25.90488      246
 25.9371       246
 25.96932      246
 26.03376      247
 26.03376      248
 26.06598      248
 26.0982       249
 26.13042      249
 26.16264      250
 26.16264      251
 26.19486      252
 26.22708      252
 26.2593       253
 26.29152      254
 26.29152      255
 26.32374      256
 26.35596      256
 26.38818      257
 26.4204       258
 26.4204       259
 26.45262      260
 26.48484      261
 26.51706      262
 26.54928      263
 26.54928      263
 26.5815       264
 26.61372      265
 26.64594      265
 26.67816      266
 26.67816      266
 26.71038      266
 26.7426       267
 26.77482      267
 26.80704      267
 26.80704      267
 26.83926      266
 26.87148      266
 26.9037       266
 26.93592      265
 26.93592      265
 26.96814      264
 27.00036      264
 27.03258      263
 27.0648       263
 27.0648       262
 27.09702      263
 27.12924      262
 27.16146      261
 27.19368      261
 27.19368      261
 27.2259       261
 27.25812      261
 27.29034      260
 27.32256      260
 27.32256      261
 27.35478      261
 27.387        261
 27.41922      261
 27.45144      261
 27.45144      262
 27.48366      262
 27.51588      262
 27.5481       263
 27.5481       263
 27.58032      263
 27.61254      264
 27.64476      264
 27.67698      265
 27.7092       266
 27.7092       266
 27.74142      266
 27.77364      267
 27.80586      267
 27.80586      268
 27.83808      268
 27.8703       269
 27.90252      269
 27.90252      270
 27.93474      270
 27.96696      271
 27.99918      271
 28.0314       272
 28.0314       272
 28.06362      272
 28.09584      273
 28.12806      274
 28.16028      274
 28.16028      275
 28.1925       275
 28.22472      275
 28.25694      276
 28.28916      277
 28.28916      277
 28.32138      278
 28.3536       278
 28.38582      279
 28.38582      279
 28.41804      280
 28.45026      281
 28.48248      281
 28.5147       282
 28.5147       282
 28.54692      283
 28.57914      284
 28.61136      284
 28.64358      285
 28.64358      285
 28.6758       286
 28.70802      286
 28.74024      287
 28.74024      287
