 0             0
 0             0
 0             0
 0             0
 3.222e-002    0
 6.444e-002    0
 9.666e-002    0
 9.666e-002    0
 0.1611        0
 0.1611        0
 0.19332       0
 0.22554       0
 0.25776       0
 0.25776       0
 0.3222        0
 0.3222        0
 0.35442       0
 0.38664       0
 0.41886       0
 0.45108       0
 0.4833        0
 0.4833        0
 0.54774       0
 0.54774       0
 0.57996       0
 0.61218       0
 0.6444        0
 0.6444        0
 0.70884       0
 0.70884       0
 0.74106       0
 0.77328       0
 0.8055        0
 0.83772       0
 0.86994       0
 0.86994       0
 0.93438       0
 0.93438       0
 0.9666        0
 1.03104       0
 1.03104       0
 1.06326       0
 1.09548       0
 1.09548       0
 1.15992       0
 1.19214       0
 1.19214       0
 1.22436       0
 1.25658       0
 1.2888        0
 1.32102       0
 1.35324       0
 1.35324       0
 1.41768       0
 1.41768       0
 1.4499        0
 1.51434       0
 1.51434       0
 1.54656       0
 1.57878       0
 1.57878       0
 1.64322       0
 1.67544       0
 1.67544       0
 1.73988       0
 1.73988       0
 1.7721        0
 1.80432       0
 1.83654       0
 1.86876       0
 1.90098       0
 1.90098       0
 1.96542       0
 1.96542       0
 1.99764       0
 2.06208       0
 2.06208       0
 2.0943        0
 2.12652       0
 2.15874       0
 2.19096       0
 2.22318       0
 2.22318       0
 2.28762       0
 2.28762       0
 2.31984       0
 2.35206       0
 2.38428       0
 2.4165        0
 2.44872       0
 2.48094       0
 2.51316       0
 2.54538       0
 2.54538       0
 2.5776        0
 2.60982       0
 2.64204       0
 2.67426       0
 2.70648       0
 2.7387        0
 2.77092       0
 2.80314       0
 2.80314       0
 2.86758       0
 2.86758       0
 2.8998        0
 2.93202       0
 2.96424       0
 2.99646       0
 3.02868       0
 3.02868       0
 3.09312       0
 3.09312       0
 3.12534       0
 3.18978       0
 3.18978       0
 3.25422       0
 3.28644       0
 3.31866       0
 3.35088       0
 3.3831        0
 3.3831        0
 3.44754       0
 3.44754       0
 3.47976       0
 3.51198       0
 3.5442        0
 3.57642       0
 3.60864       0
 3.64086       0
 3.67308       0
 3.7053        0
 3.7053        0
 3.73752       0
 3.76974       0
 3.80196       0
 3.83418       0
 3.8664        0
 3.89862       0
 3.93084       0
 3.96306       0
 3.99528       0
 4.0275        0
 4.0275        0
 4.05972       0
 4.09194       0
 4.12416       0
 4.15638       0
 4.1886        0
 4.22082       0
 4.25304       0
 4.28526       0
 4.31748       0
 4.3497        0
 4.38192       0
 4.38192       0
 4.44636       0
 4.44636       0
 4.47858       0
 4.5108        0
 4.54302       1
 4.57524       1
 4.60746       1
 4.63968       1
 4.6719        1
 4.70412       1
 4.73634       1
 4.76856       1
 4.76856       2
 4.80078       2
 4.833         2
 4.86522       2
 4.89744       2
 4.92966       3
 4.96188       3
 4.9941        3
 5.02632       3
 5.05854       3
 5.09076       4
 5.12298       4
 5.1552        4
 5.18742       4
 5.18742       5
 5.21964       5
 5.25186       5
 5.28408       5
 5.3163        6
 5.34852       6
 5.38074       6
 5.41296       6
 5.44518       7
 5.4774        7
 5.50962       7
 5.50962       7
 5.57406       8
 5.57406       8
 5.60628       8
 5.6385        9
 5.67072       9
 5.70294       9
 5.73516       10
 5.76738       10
 5.7996        10
 5.83182       11
 5.86404       11
 5.89626       11
 5.92848       12
 5.92848       12
 5.99292       12
 5.99292       13
 6.02514       13
 6.05736       14
 6.08958       14
 6.1218        14
 6.15402       15
 6.18624       15
 6.21846       16
 6.25068       16
 6.2829        16
 6.31512       17
 6.34734       17
 6.34734       18
 6.37956       18
 6.41178       19
 6.444         19
 6.50844       20
 6.54066       20
 6.57288       21
 6.6051        21
 6.63732       22
 6.66954       22
 6.70176       23
 6.70176       23
 6.73398       24
 6.7662        24
 6.79842       24
 6.83064       25
 6.86286       25
 6.89508       26
 6.9273        26
 6.95952       27
 6.99174       27
 7.02396       27
 7.05618       28
 7.0884        28
 7.12062       28
 7.12062       28
 7.18506       28
 7.18506       28
 7.21728       28
 7.2495        28
 7.28172       28
 7.31394       28
 7.34616       28
 7.37838       28
 7.4106        27
 7.44282       27
 7.47504       27
 7.50726       27
 7.50726       26
 7.53948       26
 7.5717        26
 7.60392       25
 7.63614       25
 7.66836       24
 7.70058       24
 7.7328        24
 7.76502       23
 7.79724       23
 7.82946       22
 7.86168       22
 7.86168       22
 7.92612       21
 7.92612       21
 7.95834       20
 7.99056       20
 8.02278       19
 8.055         19
 8.08722       18
 8.11944       18
 8.15166       18
 8.18388       17
 8.2161        17
 8.24832       16
 8.24832       16
 8.28054       16
 8.31276       15
 8.34498       15
 8.3772        15
 8.40942       15
 8.44164       14
 8.47386       14
 8.50608       14
 8.5383        14
 8.57052       14
 8.60274       13
 8.60274       13
 8.66718       13
 8.66718       13
 8.6994        13
 8.73162       13
 8.76384       13
 8.79606       13
 8.82828       13
 8.8605        13
 8.89272       13
 8.92494       13
 8.95716       13
 8.98938       13
 8.98938       13
 9.0216        13
 9.05382       13
 9.08604       13
 9.11826       14
 9.15048       14
 9.1827        14
 9.21492       14
 9.24714       14
 9.27936       15
 9.31158       15
 9.3438        15
 9.3438        15
 9.37602       16
 9.40824       16
 9.44046       16
 9.47268       17
 9.5049        17
 9.53712       17
 9.56934       17
 9.60156       18
 9.63378       18
 9.666         19
 9.666         19
 9.73044       19
 9.76266       20
 9.79488       20
 9.8271        21
 9.85932       21
 9.89154       22
 9.92376       22
 9.95598       22
 9.9882        23
 10.02042      23
 10.02042      24
 10.05264      24
 10.08486      25
 10.11708      25
 10.1493       26
 10.18152      26
 10.21374      27
 10.24596      28
 10.27818      28
 10.3104       29
 10.34262      29
 10.37484      30
 10.37484      31
 10.40706      31
 10.43928      32
 10.4715       32
 10.50372      33
 10.53594      34
 10.56816      34
 10.60038      35
 10.6326       36
 10.66482      36
 10.66482      37
 10.69704      38
 10.72926      38
 10.76148      39
 10.7937       40
 10.82592      41
 10.85814      41
 10.89036      42
 10.92258      43
 10.9548       44
 10.98702      44
 11.01924      45
 11.01924      46
 11.05146      47
 11.08368      47
 11.1159       48
 11.14812      49
 11.18034      50
 11.21256      51
 11.24478      51
 11.277        52
 11.30922      53
 11.30922      54
 11.34144      55
 11.37366      56
 11.40588      57
 11.4381       57
 11.47032      58
 11.50254      59
 11.53476      60
 11.56698      61
 11.5992       62
 11.63142      62
 11.63142      63
 11.66364      64
 11.69586      65
 11.72808      66
 11.7603       66
 11.79252      67
 11.82474      68
 11.85696      68
 11.88918      69
 11.9214       70
 11.95362      70
 11.95362      70
 11.98584      71
 12.01806      71
 12.05028      71
 12.0825       71
 12.11472      71
 12.14694      71
 12.17916      71
 12.21138      71
 12.21138      71
 12.2436       71
 12.27582      70
 12.30804      70
 12.34026      69
 12.37248      69
 12.4047       68
 12.43692      68
 12.46914      67
 12.50136      67
 12.53358      66
 12.53358      65
 12.5658       65
 12.59802      64
 12.63024      63
 12.66246      62
 12.69468      61
 12.7269       61
 12.75912      60
 12.79134      59
 12.79134      58
 12.85578      57
 12.85578      56
 12.888        55
 12.92022      54
 12.95244      53
 13.01688      53
 13.0491       52
 13.08132      51
 13.08132      50
 13.11354      49
 13.14576      49
 13.17798      48
 13.2102       47
 13.24242      47
 13.27464      46
 13.30686      45
 13.33908      45
 13.3713       44
 13.3713       44
 13.40352      43
 13.43574      43
 13.46796      43
 13.50018      42
 13.5324       42
 13.56462      42
 13.59684      41
 13.62906      41
 13.62906      41
 13.66128      41
 13.6935       40
 13.72572      40
 13.75794      40
 13.79016      40
 13.82238      40
 13.8546       40
 13.88682      40
 13.91904      40
 13.91904      40
 13.95126      40
 13.98348      40
 14.0157       40
 14.04792      40
 14.08014      40
 14.11236      40
 14.14458      41
 14.1768       41
 14.1768       41
 14.20902      41
 14.24124      41
 14.27346      42
 14.30568      42
 14.3379       42
 14.37012      43
 14.40234      43
 14.43456      43
 14.43456      44
 14.46678      44
 14.499        44
 14.53122      45
 14.56344      45
 14.59566      46
 14.62788      46
 14.6601       47
 14.69232      47
 14.69232      48
 14.72454      48
 14.75676      49
 14.78898      49
 14.8212       50
 14.85342      50
 14.88564      51
 14.91786      51
 14.95008      52
 14.95008      53
 14.9823       53
 15.01452      54
 15.04674      54
 15.07896      55
 15.11118      56
 15.1434       56
 15.17562      57
 15.20784      58
 15.20784      59
 15.24006      59
 15.27228      60
 15.3045       61
 15.33672      62
 15.36894      62
 15.40116      63
 15.43338      64
 15.43338      65
 15.4656       66
 15.49782      66
 15.53004      67
 15.56226      68
 15.59448      69
 15.6267       70
 15.65892      71
 15.65892      72
 15.69114      72
 15.72336      73
 15.75558      74
 15.7878       75
 15.82002      76
 15.85224      77
 15.88446      78
 15.91668      79
 15.91668      80
 15.9489       81
 15.98112      82
 16.01334      83
 16.04556      84
 16.07778      85
 16.11         86
 16.14222      87
 16.14222      88
 16.17444      89
 16.20666      90
 16.2711       91
 16.30332      92
 16.33554      93
 16.36776      94
 16.36776      95
 16.39998      96
 16.4322       97
 16.46442      98
 16.49664      99
 16.52886      101
 16.56108      102
 16.5933       103
 16.5933       104
 16.62552      105
 16.65774      106
 16.68996      106
 16.72218      107
 16.7544       108
 16.78662      109
 16.81884      110
 16.81884      111
 16.85106      111
 16.88328      112
 16.9155       113
 16.94772      113
 16.97994      114
 17.01216      114
 17.04438      115
 17.04438      115
 17.0766       115
 17.10882      116
 17.14104      116
 17.17326      116
 17.20548      116
 17.2377       116
 17.26992      116
 17.26992      116
 17.30214      116
 17.33436      116
 17.36658      116
 17.3988       116
 17.43102      116
 17.46324      115
 17.46324      115
 17.49546      114
 17.52768      114
 17.5599       113
 17.59212      112
 17.62434      112
 17.65656      111
 17.68878      110
 17.68878      109
 17.721        109
 17.75322      108
 17.78544      107
 17.81766      106
 17.84988      105
 17.8821       104
 17.91432      103
 17.91432      102
 17.94654      101
 17.97876      100
 18.01098      99
 18.0432       98
 18.07542      97
 18.10764      96
 18.10764      95
 18.13986      94
 18.17208      93
 18.2043       93
 18.23652      92
 18.26874      91
 18.30096      90
 18.30096      89
 18.33318      89
 18.3654       88
 18.39762      88
 18.42984      87
 18.46206      86
 18.49428      86
 18.5265       85
 18.5265       85
 18.55872      85
 18.59094      84
 18.62316      84
 18.65538      84
 18.6876       83
 18.71982      83
 18.71982      83
 18.75204      82
 18.78426      82
 18.81648      82
 18.8487       82
 18.88092      82
 18.91314      82
 18.91314      81
 18.94536      81
 18.97758      81
 19.0098       81
 19.04202      81
 19.07424      81
 19.10646      81
 19.13868      81
 19.13868      81
 19.1709       81
 19.20312      81
 19.23534      81
 19.26756      81
 19.29978      82
 19.29978      82
 19.332        82
 19.36422      82
 19.39644      82
 19.42866      82
 19.46088      82
 19.4931       83
 19.52532      83
 19.55754      83
 19.58976      83
 19.62198      83
 19.6542       84
 19.68642      84
 19.71864      84
 19.71864      84
 19.75086      85
 19.78308      85
 19.8153       85
 19.84752      86
 19.87974      86
 19.87974      87
 19.91196      87
 19.94418      88
 19.9764       88
 20.00862      88
 20.04084      89
 20.07306      89
 20.10528      90
 20.10528      90
 20.1375       91
 20.16972      92
 20.20194      92
 20.23416      93
 20.26638      93
 20.26638      94
 20.2986       95
 20.33082      95
 20.36304      96
 20.39526      97
 20.42748      97
 20.4597       98
 20.4597       99
 20.49192      100
 20.52414      101
 20.55636      102
 20.58858      103
 20.6208       104
 20.65302      105
 20.65302      105
 20.68524      106
 20.71746      107
 20.74968      108
 20.7819       109
 20.81412      110
 20.81412      111
 20.84634      112
 20.87856      113
 20.91078      113
 20.943        114
 20.97522      115
 21.00744      116
 21.00744      117
 21.03966      118
 21.07188      119
 21.1041       120
 21.13632      121
 21.16854      122
 21.16854      123
 21.20076      124
 21.23298      125
 21.2652       126
 21.29742      127
 21.32964      128
 21.36186      129
 21.36186      130
 21.39408      131
 21.4263       132
 21.45852      133
 21.49074      134
 21.52296      135
 21.55518      136
 21.55518      137
 21.5874       138
 21.61962      139
 21.65184      140
 21.68406      140
 21.71628      141
 21.71628      142
 21.7485       143
 21.78072      144
 21.81294      145
 21.84516      146
 21.87738      146
 21.87738      147
 21.9096       148
 21.94182      149
 21.97404      149
 22.00626      150
 22.03848      151
 22.03848      151
 22.0707       152
 22.10292      153
 22.13514      153
 22.16736      154
 22.19958      154
 22.2318       155
 22.2318       155
 22.26402      156
 22.29624      156
 22.32846      156
 22.36068      157
 22.3929       157
 22.3929       157
 22.42512      157
 22.45734      158
 22.48956      158
 22.52178      158
 22.554        158
 22.554        158
 22.58622      158
 22.61844      158
 22.65066      158
 22.68288      158
 22.7151       158
 22.7151       158
 22.77954      158
 22.81176      157
 22.84398      157
 22.8762       157
 22.8762       157
 22.90842      157
 22.94064      156
 22.97286      156
 23.00508      156
 23.0373       156
 23.0373       155
 23.06952      155
 23.10174      155
 23.13396      154
 23.16618      154
 23.1984       154
 23.1984       153
 23.23062      153
 23.26284      153
 23.29506      152
 23.32728      152
 23.32728      152
 23.3595       151
 23.39172      151
 23.42394      151
 23.45616      150
 23.48838      150
 23.5206       150
 23.5206       150
 23.55282      149
 23.58504      149
 23.61726      149
 23.64948      149
 23.6817       149
 23.6817       148
 23.71392      148
 23.74614      148
 23.77836      148
 23.81058      148
 23.81058      147
 23.8428       147
 23.87502      147
 23.90724      147
 23.93946      147
 23.97168      147
 23.97168      147
 24.0039       147
 24.03612      146
 24.06834      146
 24.10056      146
 24.13278      146
 24.13278      146
 24.165        146
 24.19722      146
 24.22944      146
 24.26166      146
 24.29388      146
 24.29388      146
 24.3261       146
 24.35832      146
 24.39054      146
 24.42276      146
 24.42276      146
 24.45498      146
 24.4872       146
 24.51942      146
 24.55164      146
 24.58386      146
 24.58386      146
 24.61608      146
 24.6483       146
 24.68052      146
 24.71274      146
 24.71274      146
 24.74496      146
 24.77718      146
 24.8094       146
 24.84162      146
 24.87384      146
 24.87384      146
 24.90606      147
 24.93828      147
 24.9705       147
 25.00272      147
 25.00272      147
 25.03494      148
 25.06716      148
 25.09938      148
 25.1316       148
 25.1316       149
 25.16382      149
 25.19604      149
 25.22826      149
 25.26048      150
 25.26048      150
 25.2927       151
 25.32492      151
 25.35714      152
 25.38936      152
 25.42158      152
 25.42158      153
 25.4538       153
 25.48602      154
 25.51824      154
 25.55046      155
 25.55046      156
 25.58268      156
 25.6149       157
 25.64712      157
 25.67934      158
 25.71156      159
 25.71156      159
 25.74378      160
 25.776        161
 25.80822      161
 25.84044      162
 25.84044      163
 25.87266      163
 25.90488      164
 25.9371       165
 25.96932      165
 26.00154      166
 26.03376      167
 26.06598      168
 26.0982       168
 26.13042      169
 26.13042      170
 26.16264      170
 26.19486      171
 26.22708      172
 26.2593       171
 26.29152      170
 26.29152      169
 26.32374      169
 26.35596      169
 26.38818      170
 26.4204       170
 26.4204       171
 26.45262      172
 26.48484      173
 26.51706      174
 26.51706      175
 26.54928      176
 26.5815       177
 26.61372      178
 26.64594      179
 26.67816      179
 26.67816      180
 26.71038      181
 26.7426       182
 26.77482      183
 26.80704      184
 26.80704      185
 26.83926      185
 26.87148      186
 26.9037       187
 26.93592      188
 26.93592      189
 26.96814      189
 27.00036      190
 27.03258      191
 27.0648       192
 27.0648       192
 27.09702      193
 27.12924      194
 27.16146      194
 27.19368      195
 27.19368      196
 27.2259       197
 27.25812      197
 27.29034      198
 27.32256      198
 27.32256      199
 27.35478      200
 27.387        200
 27.41922      202
 27.45144      202
 27.45144      203
 27.48366      203
 27.51588      204
 27.5481       205
 27.58032      205
 27.58032      206
 27.61254      206
 27.64476      207
 27.67698      207
 27.7092       208
 27.7092       208
 27.74142      209
 27.77364      209
 27.80586      209
 27.83808      210
 27.83808      210
 27.8703       211
 27.90252      211
 27.93474      212
 27.96696      212
 27.96696      212
 27.99918      213
 28.0314       213
 28.06362      214
 28.06362      214
 28.09584      214
 28.12806      215
 28.16028      215
 28.1925       215
 28.1925       216
 28.22472      216
 28.25694      216
 28.28916      217
 28.28916      217
 28.32138      217
 28.3536       218
 28.38582      218
 28.41804      218
 28.41804      219
 28.45026      219
 28.48248      219
 28.5147       219
 28.54692      220
 28.54692      220
 28.57914      220
 28.61136      221
 28.64358      221
 28.64358      221
 28.6758       221
 28.70802      222
 28.74024      222
 28.77246      222
 28.77246      222
 28.80468      223
 28.8369       223
 28.86912      223
