 0             0
 0             0
 0             0
 0             0
 6.444e-002    0
 6.444e-002    0
 6.444e-002    0
 0.12888       0
 0.12888       0
 0.1611        0
 0.22554       0
 0.22554       0
 0.25776       0
 0.28998       0
 0.28998       0
 0.3222        0
 0.35442       0
 0.35442       0
 0.41886       0
 0.41886       0
 0.45108       0
 0.51552       0
 0.51552       0
 0.54774       0
 0.57996       0
 0.57996       0
 0.61218       0
 0.6444        0
 0.67662       0
 0.70884       0
 0.74106       0
 0.74106       0
 0.8055        0
 0.8055        0
 0.83772       0
 0.86994       0
 0.90216       0
 0.93438       0
 0.9666        0
 0.9666        0
 0.99882       0
 1.03104       0
 1.06326       0
 1.09548       0
 1.1277        0
 1.1277        0
 1.19214       0
 1.19214       0
 1.22436       0
 1.25658       0
 1.2888        0
 1.32102       0
 1.35324       0
 1.35324       0
 1.41768       0
 1.41768       0
 1.4499        0
 1.48212       0
 1.51434       0
 1.51434       0
 1.57878       0
 1.57878       0
 1.611         0
 1.67544       0
 1.67544       0
 1.70766       0
 1.73988       0
 1.73988       0
 1.80432       0
 1.80432       0
 1.83654       0
 1.90098       0
 1.90098       0
 1.9332        0
 1.96542       0
 1.96542       0
 2.02986       0
 2.06208       0
 2.06208       0
 2.0943        0
 2.12652       0
 2.15874       0
 2.19096       0
 2.22318       0
 2.22318       0
 2.28762       0
 2.28762       0
 2.31984       0
 2.35206       0
 2.38428       0
 2.4165        0
 2.44872       0
 2.44872       0
 2.51316       0
 2.51316       0
 2.54538       0
 2.5776        0
 2.60982       0
 2.64204       0
 2.67426       0
 2.67426       0
 2.7387        0
 2.7387        0
 2.77092       0
 2.80314       0
 2.83536       0
 2.83536       0
 2.8998        0
 2.93202       0
 2.93202       0
 2.99646       0
 2.99646       0
 3.02868       0
 3.0609        0
 3.09312       0
 3.12534       0
 3.15756       0
 3.15756       0
 3.222         0
 3.25422       0
 3.28644       0
 3.31866       0
 3.35088       0
 3.35088       0
 3.41532       0
 3.41532       0
 3.44754       0
 3.47976       0
 3.51198       0
 3.5442        0
 3.57642       0
 3.57642       0
 3.64086       0
 3.64086       0
 3.67308       0
 3.7053        0
 3.73752       0
 3.76974       0
 3.80196       0
 3.83418       0
 3.8664        0
 3.89862       0
 3.89862       0
 3.93084       0
 3.96306       0
 3.99528       0
 4.0275        0
 4.05972       0
 4.09194       0
 4.12416       0
 4.12416       0
 4.15638       0
 4.1886        0
 4.22082       0
 4.25304       0
 4.28526       0
 4.31748       0
 4.3497        0
 4.38192       0
 4.38192       0
 4.44636       0
 4.44636       0
 4.47858       0
 4.5108        0
 4.54302       0
 4.57524       0
 4.60746       0
 4.63968       0
 4.6719        0
 4.6719        0
 4.70412       0
 4.76856       0
 4.76856       0
 4.80078       0
 4.833         0
 4.86522       0
 4.89744       0
 4.92966       0
 4.92966       0
 4.9941        0
 4.9941        0
 5.02632       0
 5.05854       0
 5.09076       0
 5.12298       0
 5.1552        0
 5.18742       0
 5.21964       0
 5.25186       0
 5.25186       0
 5.28408       0
 5.3163        0
 5.34852       0
 5.38074       0
 5.41296       0
 5.44518       0
 5.4774        0
 5.50962       0
 5.50962       0
 5.57406       0
 5.57406       0
 5.60628       0
 5.6385        0
 5.67072       0
 5.70294       0
 5.73516       0
 5.76738       1
 5.7996        0
 5.7996        1
 5.86404       1
 5.86404       1
 5.89626       1
 5.92848       1
 5.9607        1
 5.99292       2
 6.02514       2
 6.05736       2
 6.08958       2
 6.1218        2
 6.1218        3
 6.15402       3
 6.18624       3
 6.21846       3
 6.25068       3
 6.2829        3
 6.31512       4
 6.34734       4
 6.37956       4
 6.37956       4
 6.444         4
 6.444         5
 6.50844       5
 6.54066       5
 6.57288       5
 6.6051        5
 6.63732       5
 6.63732       6
 6.70176       6
 6.70176       6
 6.73398       7
 6.7662        7
 6.79842       7
 6.83064       7
 6.86286       7
 6.89508       7
 6.9273        7
 6.95952       7
 6.95952       8
 7.02396       8
 7.02396       8
 7.05618       8
 7.0884        8
 7.12062       8
 7.15284       8
 7.18506       8
 7.21728       8
 7.2495        8
 7.28172       8
 7.28172       8
 7.31394       7
 7.34616       7
 7.37838       7
 7.4106        7
 7.44282       7
 7.47504       7
 7.50726       6
 7.50726       6
 7.53948       6
 7.5717        6
 7.60392       6
 7.63614       6
 7.66836       5
 7.70058       5
 7.7328        5
 7.76502       5
 7.76502       5
 7.82946       4
 7.82946       4
 7.86168       4
 7.8939        4
 7.92612       4
 7.95834       4
 7.99056       3
 8.02278       3
 8.055         3
 8.08722       3
 8.08722       3
 8.11944       2
 8.15166       2
 8.18388       2
 8.2161        2
 8.24832       2
 8.28054       2
 8.31276       2
 8.34498       2
 8.3772        2
 8.3772        1
 8.40942       1
 8.44164       1
 8.47386       1
 8.50608       1
 8.5383        1
 8.57052       1
 8.60274       1
 8.63496       1
 8.63496       1
 8.66718       1
 8.6994        1
 8.73162       1
 8.76384       1
 8.79606       1
 8.82828       1
 8.8605        1
 8.89272       1
 8.89272       1
 8.92494       1
 8.95716       1
 8.98938       1
 9.0216        1
 9.05382       1
 9.08604       1
 9.11826       2
 9.15048       2
 9.1827        2
 9.1827        2
 9.21492       2
 9.24714       2
 9.27936       2
 9.31158       3
 9.3438        2
 9.37602       3
 9.40824       3
 9.44046       3
 9.44046       3
 9.47268       3
 9.5049        3
 9.53712       4
 9.56934       4
 9.60156       4
 9.63378       4
 9.666         4
 9.69822       4
 9.73044       5
 9.76266       5
 9.79488       5
 9.8271        5
 9.85932       5
 9.89154       6
 9.92376       6
 9.95598       6
 9.95598       7
 9.9882        6
 10.02042      7
 10.05264      7
 10.08486      7
 10.11708      8
 10.1493       8
 10.18152      8
 10.18152      8
 10.24596      9
 10.24596      9
 10.27818      9
 10.3104       9
 10.34262      10
 10.37484      10
 10.40706      10
 10.43928      11
 10.43928      11
 10.4715       11
 10.50372      12
 10.53594      12
 10.56816      12
 10.60038      13
 10.6326       13
 10.66482      13
 10.69704      14
 10.72926      14
 10.72926      14
 10.76148      15
 10.7937       15
 10.82592      16
 10.85814      16
 10.89036      16
 10.92258      17
 10.9548       17
 10.9548       17
 10.98702      18
 11.01924      18
 11.05146      19
 11.08368      19
 11.1159       19
 11.14812      20
 11.18034      21
 11.21256      21
 11.21256      21
 11.24478      22
 11.277        22
 11.30922      23
 11.34144      23
 11.37366      23
 11.40588      24
 11.4381       24
 11.4381       25
 11.47032      25
 11.50254      25
 11.53476      26
 11.56698      26
 11.5992       27
 11.63142      27
 11.66364      27
 11.66364      28
 11.69586      28
 11.72808      28
 11.7603       28
 11.79252      29
 11.82474      29
 11.85696      29
 11.88918      29
 11.9214       29
 11.9214       29
 11.95362      29
 11.98584      28
 12.01806      29
 12.05028      28
 12.0825       28
 12.11472      28
 12.14694      28
 12.14694      27
 12.17916      27
 12.21138      27
 12.2436       27
 12.27582      26
 12.30804      26
 12.34026      26
 12.37248      25
 12.37248      25
 12.4047       25
 12.43692      24
 12.46914      24
 12.50136      24
 12.53358      23
 12.5658       22
 12.59802      22
 12.63024      21
 12.63024      21
 12.66246      21
 12.69468      20
 12.7269       20
 12.75912      19
 12.79134      19
 12.82356      18
 12.85578      18
 12.85578      17
 12.888        17
 12.92022      16
 12.95244      16
 13.01688      16
 13.0491       15
 13.0491       15
 13.08132      14
 13.11354      14
 13.14576      14
 13.17798      13
 13.2102       13
 13.24242      13
 13.27464      12
 13.27464      12
 13.30686      12
 13.33908      12
 13.3713       12
 13.40352      11
 13.43574      11
 13.46796      11
 13.50018      11
 13.50018      10
 13.5324       11
 13.56462      10
 13.59684      10
 13.62906      10
 13.66128      10
 13.6935       10
 13.6935       10
 13.72572      10
 13.75794      10
 13.79016      10
 13.82238      10
 13.8546       10
 13.88682      10
 13.91904      10
 13.91904      10
 13.95126      10
 13.98348      10
 14.0157       10
 14.04792      10
 14.08014      10
 14.11236      11
 14.14458      11
 14.14458      11
 14.1768       11
 14.20902      11
 14.24124      11
 14.27346      11
 14.30568      12
 14.3379       12
 14.3379       12
 14.37012      12
 14.40234      13
 14.43456      13
 14.46678      13
 14.499        13
 14.53122      13
 14.53122      14
 14.56344      14
 14.59566      14
 14.62788      15
 14.6601       15
 14.69232      15
 14.72454      16
 14.72454      16
 14.75676      16
 14.78898      17
 14.8212       17
 14.85342      17
 14.88564      18
 14.91786      18
 14.91786      18
 14.95008      19
 14.9823       19
 15.01452      20
 15.04674      20
 15.07896      20
 15.11118      21
 15.1434       21
 15.1434       21
 15.17562      22
 15.20784      23
 15.24006      27
 15.27228      25
 15.3045       25
 15.33672      26
 15.33672      26
 15.36894      26
 15.40116      27
 15.43338      27
 15.4656       27
 15.49782      28
 15.53004      28
 15.53004      29
 15.56226      29
 15.59448      29
 15.6267       30
 15.65892      30
 15.69114      31
 15.72336      32
 15.72336      32
 15.75558      32
 15.7878       33
 15.82002      33
 15.85224      34
 15.88446      35
 15.91668      35
 15.91668      36
 15.9489       36
 15.98112      37
 16.01334      37
 16.04556      38
 16.07778      38
 16.07778      39
 16.11         40
 16.14222      40
 16.17444      41
 16.20666      41
 16.2711       42
 16.30332      43
 16.30332      43
 16.33554      44
 16.36776      44
 16.39998      45
 16.4322       46
 16.46442      46
 16.49664      47
 16.52886      47
 16.52886      47
 16.56108      48
 16.5933       48
 16.62552      49
 16.65774      49
 16.68996      50
 16.68996      48
 16.72218      49
 16.7544       49
 16.78662      49
 16.81884      50
 16.85106      50
 16.85106      50
 16.88328      50
 16.9155       50
 16.94772      50
 16.97994      50
 17.01216      50
 17.04438      50
 17.04438      50
 17.0766       50
 17.10882      50
 17.14104      49
 17.17326      49
 17.20548      49
 17.20548      49
 17.2377       49
 17.26992      48
 17.30214      48
 17.33436      48
 17.36658      47
 17.3988       47
 17.3988       47
 17.43102      46
 17.46324      46
 17.49546      45
 17.52768      44
 17.5599       44
 17.59212      43
 17.59212      43
 17.62434      42
 17.65656      42
 17.68878      41
 17.721        41
 17.75322      40
 17.75322      39
 17.78544      39
 17.81766      38
 17.84988      38
 17.8821       37
 17.91432      37
 17.91432      36
 17.94654      36
 17.97876      35
 18.01098      35
 18.0432       34
 18.07542      34
 18.07542      34
 18.10764      33
 18.13986      33
 18.17208      32
 18.2043       32
 18.23652      31
 18.26874      30
 18.26874      29
 18.30096      28
 18.33318      28
 18.3654       28
 18.39762      28
 18.42984      28
 18.42984      28
 18.46206      28
 18.49428      27
 18.5265       27
 18.55872      27
 18.59094      27
 18.59094      27
 18.62316      27
 18.65538      26
 18.6876       27
 18.71982      26
 18.75204      26
 18.75204      26
 18.78426      26
 18.81648      26
 18.8487       26
 18.88092      26
 18.91314      26
 18.94536      26
 18.94536      26
 18.97758      26
 19.0098       26
 19.04202      26
 19.07424      26
 19.10646      26
 19.10646      26
 19.13868      27
 19.1709       26
 19.20312      26
 19.23534      27
 19.26756      27
 19.26756      27
 19.29978      27
 19.332        27
 19.36422      27
 19.39644      28
 19.42866      28
 19.42866      28
 19.46088      28
 19.52532      28
 19.55754      29
 19.58976      29
 19.58976      29
 19.62198      29
 19.6542       29
 19.68642      30
 19.71864      30
 19.75086      30
 19.75086      31
 19.78308      31
 19.8153       31
 19.84752      32
 19.87974      32
 19.91196      32
 19.91196      33
 19.94418      33
 19.9764       33
 20.00862      34
 20.04084      34
 20.07306      35
 20.07306      35
 20.10528      35
 20.1375       36
 20.16972      36
 20.20194      37
 20.20194      37
 20.23416      38
 20.26638      38
 20.2986       39
 20.33082      39
 20.36304      39
 20.39526      40
 20.39526      40
 20.42748      41
 20.4597       40
 20.49192      41
 20.52414      42
 20.55636      42
 20.55636      43
 20.58858      44
 20.6208       44
 20.65302      45
 20.68524      46
 20.68524      46
 20.71746      47
 20.74968      48
 20.7819       48
 20.81412      49
 20.84634      49
 20.84634      50
 20.87856      51
 20.91078      51
 20.943        52
 20.97522      53
 21.00744      53
 21.00744      54
 21.03966      55
 21.07188      55
 21.1041       56
 21.13632      57
 21.13632      57
 21.16854      58
 21.20076      59
 21.23298      59
 21.2652       60
 21.29742      61
 21.29742      61
 21.32964      62
 21.36186      62
 21.39408      63
 21.4263       64
 21.45852      64
 21.45852      65
 21.49074      65
 21.52296      66
 21.55518      66
 21.5874       67
 21.5874       67
 21.61962      68
 21.65184      68
 21.68406      68
 21.71628      69
 21.7485       69
 21.7485       69
 21.78072      70
 21.81294      69
 21.84516      71
 21.87738      69
 21.87738      69
 21.9096       70
 21.94182      70
 21.97404      70
 22.00626      71
 22.00626      71
 22.03848      71
 22.0707       71
 22.10292      71
 22.13514      71
 22.16736      71
 22.16736      71
 22.19958      71
 22.2318       71
 22.26402      70
 22.29624      70
 22.32846      70
 22.32846      70
 22.36068      70
 22.3929       69
 22.42512      69
 22.42512      69
 22.45734      68
 22.48956      68
 22.52178      68
 22.554        67
 22.58622      67
 22.58622      67
 22.61844      66
 22.65066      66
 22.68288      66
 22.7151       65
 22.74732      65
 22.77954      65
 22.81176      65
 22.84398      64
 22.8762       64
 22.8762       64
 22.90842      63
 22.94064      63
 22.97286      63
 23.00508      62
 23.00508      62
 23.0373       62
 23.06952      61
 23.10174      61
 23.13396      60
 23.13396      60
 23.16618      59
 23.1984       59
 23.23062      59
 23.26284      59
 23.29506      58
 23.29506      58
 23.32728      58
 23.3595       58
 23.39172      57
 23.39172      57
 23.42394      57
 23.45616      57
 23.48838      57
 23.5206       56
 23.55282      56
 23.55282      56
 23.58504      56
 23.61726      56
 23.64948      56
 23.6817       55
 23.6817       55
 23.71392      55
 23.74614      55
 23.77836      55
 23.81058      54
 23.81058      54
 23.8428       54
 23.87502      54
 23.90724      54
 23.93946      54
 23.93946      54
 23.97168      54
 24.0039       54
 24.03612      54
 24.06834      54
 24.06834      54
 24.10056      54
 24.13278      54
 24.165        54
 24.19722      54
 24.19722      54
 24.22944      54
 24.26166      54
 24.29388      54
 24.3261       54
 24.3261       54
 24.35832      54
 24.39054      54
 24.42276      54
 24.45498      54
 24.45498      54
 24.4872       55
 24.51942      55
 24.55164      55
 24.58386      55
 24.58386      55
 24.61608      55
 24.6483       56
 24.68052      56
 24.68052      56
 24.71274      56
 24.74496      56
 24.77718      57
 24.8094       57
 24.84162      57
 24.84162      58
 24.87384      58
 24.90606      58
 24.93828      58
 24.9705       58
 24.9705       59
 25.00272      59
 25.03494      59
 25.06716      60
 25.09938      60
 25.09938      60
 25.1316       61
 25.16382      61
 25.19604      62
 25.19604      62
 25.22826      63
 25.26048      63
 25.2927       64
 25.32492      64
 25.32492      65
 25.35714      65
 25.38936      65
 25.42158      66
 25.4538       67
 25.4538       67
 25.48602      68
 25.51824      68
 25.55046      69
 25.55046      69
 25.58268      70
 25.6149       70
 25.64712      71
 25.67934      71
 25.67934      72
 25.71156      73
 25.74378      73
 25.776        74
 25.80822      74
 25.80822      75
 25.84044      76
 25.87266      76
 25.90488      77
 25.90488      78
 25.9371       78
 25.96932      79
 26.03376      79
 26.06598      80
 26.06598      81
 26.0982       81
 26.13042      82
 26.16264      82
 26.16264      83
 26.19486      84
 26.22708      84
 26.2593       85
 26.29152      86
 26.32374      86
 26.32374      87
 26.35596      87
 26.38818      88
 26.4204       89
 26.4204       89
 26.45262      89
 26.48484      90
 26.51706      91
 26.51706      91
 26.54928      92
 26.5815       92
 26.61372      93
 26.64594      93
 26.67816      94
 26.67816      94
 26.71038      95
 26.7426       95
 26.77482      96
 26.77482      96
 26.80704      97
 26.83926      97
 26.87148      97
 26.87148      98
 26.9037       98
 26.93592      98
 26.96814      99
 27.00036      99
 27.00036      99
 27.03258      101
 27.0648       101
 27.09702      101
 27.09702      101
 27.12924      101
 27.16146      101
 27.19368      102
 27.2259       102
 27.2259       102
 27.25812      102
 27.29034      103
 27.32256      92
 27.32256      96
 27.35478      96
 27.387        97
 27.41922      97
 27.45144      97
 27.45144      98
 27.48366      98
 27.51588      98
 27.5481       99
 27.5481       99
 27.58032      99
 27.61254      99
 27.64476      99
 27.64476      100
 27.67698      100
 27.7092       99
 27.74142      101
 27.77364      100
 27.77364      100
 27.80586      101
 27.83808      100
 27.8703       100
 27.8703       101
 27.90252      100
 27.93474      100
 27.96696      100
 27.96696      99
 27.99918      100
 28.0314       99
 28.06362      99
 28.09584      100
 28.09584      99
 28.12806      99
 28.16028      99
