 0             0
 0             0
 0             0
 0             0
 3.222e-002    0
 9.666e-002    0
 9.666e-002    0
 9.666e-002    0
 0.1611        0
 0.1611        0
 0.19332       0
 0.22554       0
 0.22554       0
 0.28998       0
 0.28998       0
 0.3222        0
 0.35442       0
 0.38664       0
 0.38664       0
 0.45108       0
 0.45108       0
 0.4833        0
 0.51552       0
 0.51552       0
 0.57996       0
 0.61218       0
 0.61218       0
 0.6444        0
 0.67662       0
 0.67662       0
 0.74106       0
 0.77328       0
 0.77328       0
 0.83772       0
 0.83772       0
 0.86994       0
 0.90216       0
 0.90216       0
 0.9666        0
 0.99882       0
 0.99882       0
 1.03104       0
 1.06326       0
 1.06326       0
 1.1277        0
 1.15992       0
 1.15992       0
 1.22436       0
 1.22436       0
 1.25658       0
 1.2888        0
 1.32102       0
 1.35324       0
 1.38546       0
 1.38546       0
 1.41768       0
 1.4499        0
 1.48212       0
 1.51434       0
 1.54656       0
 1.54656       0
 1.611         0
 1.611         0
 1.64322       0
 1.70766       0
 1.70766       0
 1.73988       0
 1.7721        0
 1.7721        0
 1.83654       0
 1.83654       0
 1.86876       0
 1.90098       0
 1.9332        0
 1.96542       0
 1.99764       0
 1.99764       0
 2.02986       0
 2.0943        0
 2.0943        0
 2.12652       0
 2.15874       0
 2.19096       0
 2.22318       0
 2.2554        0
 2.2554        0
 2.31984       0
 2.31984       0
 2.35206       0
 2.38428       0
 2.4165        0
 2.44872       0
 2.48094       0
 2.48094       0
 2.51316       0
 2.5776        0
 2.5776        0
 2.60982       0
 2.64204       0
 2.64204       0
 2.70648       0
 2.7387        0
 2.7387        0
 2.80314       0
 2.80314       0
 2.83536       0
 2.86758       0
 2.8998        0
 2.93202       0
 2.96424       0
 2.96424       0
 2.99646       0
 3.02868       0
 3.0609        0
 3.09312       0
 3.12534       0
 3.12534       0
 3.18978       0
 3.18978       0
 3.25422       0
 3.28644       0
 3.31866       0
 3.35088       0
 3.3831        0
 3.3831        0
 3.41532       0
 3.44754       0
 3.47976       0
 3.51198       0
 3.5442        0
 3.57642       0
 3.60864       0
 3.64086       0
 3.64086       1
 3.7053        1
 3.7053        1
 3.73752       1
 3.76974       1
 3.80196       1
 3.83418       2
 3.8664        1
 3.89862       2
 3.93084       2
 3.93084       2
 3.96306       2
 3.99528       2
 4.0275        2
 4.05972       3
 4.09194       3
 4.12416       3
 4.12416       3
 4.1886        3
 4.1886        4
 4.22082       4
 4.25304       4
 4.28526       5
 4.31748       5
 4.3497        5
 4.38192       6
 4.41414       6
 4.44636       6
 4.47858       7
 4.5108        7
 4.5108        7
 4.54302       8
 4.57524       8
 4.60746       9
 4.63968       9
 4.6719        9
 4.70412       10
 4.73634       10
 4.73634       11
 4.76856       11
 4.80078       12
 4.833         12
 4.86522       13
 4.89744       13
 4.92966       14
 4.96188       15
 4.9941        15
 4.9941        16
 5.05854       16
 5.05854       17
 5.09076       17
 5.12298       18
 5.1552        18
 5.18742       19
 5.21964       20
 5.25186       20
 5.28408       21
 5.3163        22
 5.3163        22
 5.38074       23
 5.38074       24
 5.41296       25
 5.44518       26
 5.4774        26
 5.50962       27
 5.54184       28
 5.57406       29
 5.57406       30
 5.6385        31
 5.6385        31
 5.67072       32
 5.70294       33
 5.73516       34
 5.76738       35
 5.7996        36
 5.83182       37
 5.86404       38
 5.89626       39
 5.89626       41
 5.9607        42
 5.9607        43
 5.99292       44
 6.02514       45
 6.05736       46
 6.08958       48
 6.1218        49
 6.15402       50
 6.18624       51
 6.21846       52
 6.21846       54
 6.25068       55
 6.2829        56
 6.31512       58
 6.34734       59
 6.37956       60
 6.41178       62
 6.444         63
 6.47622       64
 6.50844       66
 6.54066       67
 6.57288       69
 6.6051        70
 6.63732       72
 6.66954       73
 6.70176       75
 6.73398       76
 6.7662        77
 6.79842       79
 6.79842       80
 6.83064       81
 6.86286       83
 6.89508       83
 6.9273        85
 6.95952       86
 6.99174       86
 7.02396       87
 7.05618       88
 7.05618       88
 7.0884        89
 7.12062       89
 7.15284       89
 7.18506       89
 7.21728       89
 7.2495        89
 7.28172       89
 7.31394       88
 7.31394       87
 7.37838       87
 7.37838       86
 7.4106        85
 7.44282       84
 7.47504       83
 7.50726       82
 7.53948       81
 7.5717        79
 7.60392       78
 7.63614       77
 7.63614       75
 7.66836       74
 7.70058       72
 7.7328        71
 7.76502       69
 7.79724       68
 7.82946       66
 7.86168       65
 7.8939        63
 7.8939        62
 7.95834       60
 7.95834       59
 7.99056       58
 8.02278       56
 8.055         55
 8.08722       54
 8.11944       52
 8.15166       51
 8.18388       50
 8.2161        49
 8.2161        48
 8.24832       47
 8.28054       46
 8.31276       45
 8.34498       44
 8.3772        43
 8.40942       42
 8.44164       42
 8.47386       41
 8.47386       41
 8.50608       40
 8.5383        40
 8.57052       39
 8.60274       39
 8.63496       39
 8.66718       38
 8.6994        38
 8.73162       38
 8.76384       38
 8.76384       38
 8.79606       38
 8.82828       38
 8.8605        38
 8.89272       38
 8.92494       39
 8.95716       39
 8.98938       39
 9.0216        40
 9.0216        40
 9.05382       41
 9.08604       41
 9.11826       42
 9.15048       42
 9.1827        43
 9.21492       43
 9.24714       44
 9.27936       45
 9.27936       46
 9.3438        47
 9.3438        47
 9.37602       48
 9.40824       49
 9.44046       50
 9.47268       52
 9.5049        53
 9.53712       54
 9.56934       55
 9.60156       56
 9.60156       57
 9.63378       58
 9.666         59
 9.69822       61
 9.76266       62
 9.79488       63
 9.79488       65
 9.8271        66
 9.85932       68
 9.89154       69
 9.92376       71
 9.95598       72
 9.9882        74
 10.02042      76
 10.05264      77
 10.08486      79
 10.11708      80
 10.11708      82
 10.1493       84
 10.18152      86
 10.21374      87
 10.24596      89
 10.27818      91
 10.3104       93
 10.34262      95
 10.37484      97
 10.37484      99
 10.40706      102
 10.43928      104
 10.4715       106
 10.50372      108
 10.53594      110
 10.56816      112
 10.60038      114
 10.60038      116
 10.6326       119
 10.66482      121
 10.69704      123
 10.72926      126
 10.76148      128
 10.7937       130
 10.82592      133
 10.85814      135
 10.85814      137
 10.89036      140
 10.92258      142
 10.9548       145
 10.98702      148
 11.01924      150
 11.05146      153
 11.08368      155
 11.08368      158
 11.1159       161
 11.14812      163
 11.18034      166
 11.21256      169
 11.24478      172
 11.277        174
 11.30922      177
 11.34144      180
 11.34144      183
 11.37366      186
 11.40588      188
 11.4381       191
 11.47032      194
 11.50254      197
 11.53476      200
 11.56698      203
 11.56698      206
 11.5992       209
 11.63142      211
 11.66364      213
 11.69586      216
 11.72808      218
 11.7603       220
 11.79252      223
 11.82474      224
 11.82474      226
 11.85696      227
 11.88918      228
 11.9214       230
 11.95362      230
 11.98584      230
 12.01806      231
 12.05028      230
 12.05028      230
 12.0825       229
 12.11472      228
 12.14694      227
 12.17916      225
 12.21138      223
 12.2436       221
 12.27582      219
 12.30804      217
 12.30804      214
 12.34026      212
 12.37248      209
 12.4047       206
 12.43692      203
 12.46914      199
 12.50136      196
 12.53358      193
 12.53358      190
 12.5658       186
 12.59802      183
 12.63024      179
 12.66246      176
 12.69468      173
 12.7269       169
 12.75912      166
 12.75912      162
 12.79134      158
 12.82356      155
 12.85578      151
 12.888        148
 12.92022      144
 12.95244      141
 12.98466      138
 13.01688      135
 13.0491       132
 13.08132      129
 13.11354      126
 13.14576      124
 13.17798      122
 13.2102       119
 13.2102       117
 13.24242      115
 13.27464      113
 13.30686      111
 13.33908      109
 13.3713       107
 13.40352      106
 13.43574      104
 13.43574      103
 13.46796      101
 13.50018      99
 13.5324       98
 13.56462      97
 13.59684      96
 13.62906      96
 13.62906      95
 13.66128      94
 13.6935       94
 13.72572      94
 13.75794      93
 13.79016      93
 13.82238      93
 13.8546       93
 13.8546       93
 13.88682      94
 13.91904      94
 13.95126      94
 13.98348      94
 14.0157       95
 14.04792      96
 14.08014      96
 14.08014      97
 14.11236      97
 14.14458      98
 14.1768       99
 14.20902      101
 14.24124      102
 14.27346      103
 14.30568      104
 14.30568      105
 14.3379       106
 14.37012      108
 14.40234      109
 14.43456      111
 14.46678      112
 14.46678      113
 14.499        115
 14.53122      117
 14.56344      118
 14.59566      120
 14.62788      122
 14.6601       123
 14.69232      126
 14.69232      127
 14.72454      129
 14.75676      131
 14.78898      133
 14.8212       135
 14.85342      137
 14.85342      139
 14.88564      141
 14.91786      143
 14.95008      145
 14.9823       148
 15.01452      150
 15.04674      152
 15.07896      155
 15.07896      157
 15.11118      160
 15.1434       162
 15.17562      165
 15.20784      167
 15.24006      170
 15.27228      173
 15.27228      175
 15.3045       178
 15.33672      181
 15.36894      184
 15.40116      186
 15.43338      189
 15.4656       192
 15.49782      195
 15.49782      198
 15.53004      202
 15.56226      204
 15.59448      207
 15.6267       211
 15.65892      213
 15.65892      217
 15.69114      220
 15.72336      223
 15.75558      226
 15.7878       229
 15.82002      232
 15.85224      236
 15.88446      239
 15.88446      242
 15.91668      245
 15.9489       249
 15.98112      252
 16.01334      255
 16.04556      259
 16.04556      262
 16.07778      266
 16.11         269
 16.14222      272
 16.17444      276
 16.20666      279
 16.23888      283
 16.2711       286
 16.30332      290
 16.33554      293
 16.36776      297
 16.39998      300
 16.4322       304
 16.4322       308
 16.46442      311
 16.49664      315
 16.52886      318
 16.56108      321
 16.5933       324
 16.62552      326
 16.62552      329
 16.65774      332
 16.68996      334
 16.72218      337
 16.7544       339
 16.78662      341
 16.78662      343
 16.81884      344
 16.85106      346
 16.88328      347
 16.9155       348
 16.94772      349
 16.97994      349
 16.97994      350
 17.01216      350
 17.04438      350
 17.0766       349
 17.10882      349
 17.14104      348
 17.17326      347
 17.17326      346
 17.20548      344
 17.2377       343
 17.26992      341
 17.30214      339
 17.33436      337
 17.33436      335
 17.36658      332
 17.3988       330
 17.43102      327
 17.46324      324
 17.49546      321
 17.52768      317
 17.52768      314
 17.5599       310
 17.59212      306
 17.62434      302
 17.65656      297
 17.68878      293
 17.68878      289
 17.721        285
 17.75322      280
 17.78544      276
 17.81766      272
 17.84988      267
 17.84988      263
 17.8821       259
 17.91432      255
 17.94654      251
 17.97876      247
 18.01098      243
 18.0432       239
 18.07542      236
 18.07542      232
 18.10764      229
 18.13986      226
 18.17208      223
 18.2043       220
 18.23652      217
 18.23652      214
 18.26874      211
 18.30096      208
 18.33318      206
 18.3654       203
 18.39762      200
 18.39762      198
 18.42984      196
 18.46206      194
 18.49428      193
 18.5265       191
 18.55872      190
 18.55872      188
 18.59094      187
 18.62316      186
 18.65538      185
 18.6876       184
 18.71982      183
 18.71982      183
 18.75204      182
 18.78426      181
 18.81648      181
 18.8487       180
 18.88092      180
 18.88092      180
 18.91314      179
 18.94536      179
 18.97758      179
 19.0098       179
 19.04202      180
 19.07424      180
 19.07424      180
 19.10646      180
 19.13868      180
 19.1709       181
 19.20312      181
 19.23534      182
 19.23534      182
 19.26756      183
 19.29978      184
 19.332        185
 19.36422      186
 19.39644      186
 19.39644      188
 19.42866      189
 19.46088      189
 19.52532      191
 19.55754      192
 19.55754      193
 19.58976      194
 19.62198      195
 19.6542       197
 19.68642      198
 19.71864      200
 19.71864      202
 19.75086      204
 19.78308      205
 19.8153       207
 19.84752      208
 19.87974      210
 19.87974      212
 19.91196      214
 19.94418      216
 19.9764       218
 20.00862      220
 20.04084      222
 20.04084      224
 20.07306      226
 20.10528      228
 20.1375       231
 20.16972      233
 20.20194      235
 20.20194      238
 20.23416      240
 20.26638      243
 20.2986       245
 20.33082      248
 20.33082      251
 20.36304      253
 20.39526      256
 20.42748      259
 20.4597       261
 20.49192      264
 20.52414      267
 20.52414      270
 20.55636      273
 20.58858      276
 20.6208       279
 20.65302      282
 20.68524      285
 20.68524      288
 20.71746      291
 20.74968      294
 20.7819       297
 20.81412      300
 20.81412      304
 20.84634      307
 20.87856      311
 20.91078      314
 20.943        317
 20.943        320
 20.97522      324
 21.00744      327
 21.03966      331
 21.07188      334
 21.1041       337
 21.1041       341
 21.13632      344
 21.16854      347
 21.20076      351
 21.23298      354
 21.2652       357
 21.2652       361
 21.29742      364
 21.32964      367
 21.36186      370
 21.39408      374
 21.4263       377
 21.4263       380
 21.45852      383
 21.49074      386
 21.52296      389
 21.55518      392
 21.5874       395
 21.5874       397
 21.61962      400
 21.65184      402
 21.68406      406
 21.71628      408
 21.71628      410
 21.7485       412
 21.78072      414
 21.81294      416
 21.84516      417
 21.84516      419
 21.87738      421
 21.9096       422
 21.94182      423
 21.97404      424
 21.97404      426
 22.00626      427
 22.03848      427
 22.0707       428
 22.10292      429
 22.13514      429
 22.13514      429
 22.16736      429
 22.19958      429
 22.2318       429
 22.26402      428
 22.26402      428
 22.29624      427
 22.32846      426
 22.36068      425
 22.3929       424
 22.42512      422
 22.42512      421
 22.45734      419
 22.48956      417
 22.52178      415
 22.554        413
 22.554        411
 22.58622      408
 22.61844      406
 22.65066      402
 22.68288      400
 22.7151       397
 22.7151       394
 22.77954      392
 22.81176      389
 22.84398      386
 22.8762       384
 22.8762       381
 22.90842      378
 22.94064      375
 22.97286      372
 22.97286      370
 23.00508      367
 23.0373       363
 23.06952      361
 23.10174      358
 23.10174      355
 23.13396      352
 23.16618      349
 23.1984       347
 23.23062      344
 23.26284      342
 23.26284      339
 23.29506      337
 23.32728      335
 23.3595       333
 23.39172      331
 23.39172      328
 23.42394      327
 23.45616      325
 23.48838      323
 23.5206       321
 23.55282      320
 23.55282      318
 23.58504      317
 23.61726      315
 23.64948      314
 23.6817       312
 23.6817       311
 23.71392      310
 23.74614      309
 23.77836      307
 23.81058      306
 23.81058      305
 23.8428       304
 23.87502      304
 23.90724      303
 23.93946      301
 23.93946      301
 23.97168      300
 24.0039       299
 24.03612      299
 24.06834      299
 24.06834      298
 24.10056      298
 24.13278      298
 24.165        297
 24.19722      297
 24.19722      297
 24.22944      297
 24.26166      296
 24.29388      296
 24.3261       296
 24.3261       296
 24.35832      297
 24.39054      298
 24.42276      297
 24.42276      297
 24.45498      297
 24.4872       297
 24.51942      297
 24.55164      297
 24.58386      297
 24.58386      298
 24.61608      298
 24.6483       298
 24.68052      299
 24.71274      299
 24.71274      300
 24.74496      301
 24.77718      302
 24.8094       303
 24.84162      304
 24.84162      305
 24.87384      306
 24.90606      307
 24.93828      308
 24.93828      309
 24.9705       311
 25.00272      312
 25.03494      313
 25.06716      315
 25.06716      316
 25.09938      318
 25.1316       319
 25.16382      321
 25.19604      323
 25.19604      324
 25.22826      326
 25.26048      328
 25.2927       330
 25.32492      332
 25.32492      334
 25.35714      336
 25.38936      338
 25.42158      340
 25.4538       342
 25.4538       345
 25.48602      347
 25.51824      349
 25.55046      351
 25.58268      354
 25.58268      356
 25.6149       359
 25.64712      361
 25.67934      363
 25.67934      366
 25.71156      368
 25.74378      371
 25.776        374
 25.80822      376
 25.80822      379
 25.84044      382
 25.87266      384
 25.90488      387
 25.9371       390
 25.9371       392
 25.96932      395
 26.03376      398
 26.03376      400
 26.06598      404
 26.0982       407
 26.13042      410
 26.16264      413
 26.19486      415
 26.19486      418
 26.22708      421
 26.2593       424
 26.29152      426
 26.29152      429
 26.32374      432
 26.35596      435
 26.38818      437
 26.4204       440
 26.4204       443
 26.45262      445
 26.48484      447
 26.51706      450
 26.51706      453
 26.54928      455
 26.5815       458
 26.61372      460
 26.64594      462
 26.64594      465
 26.67816      467
 26.71038      469
 26.7426       471
 26.7426       466
 26.77482      462
 26.80704      463
 26.83926      459
 26.87148      459
 26.87148      460
 26.9037       462
 26.93592      465
 26.96814      468
 26.96814      471
 27.00036      475
 27.03258      477
 27.0648       480
 27.09702      482
 27.09702      484
 27.12924      487
 27.16146      489
 27.19368      490
 27.19368      492
 27.2259       494
 27.25812      495
 27.29034      496
 27.32256      497
 27.32256      498
 27.35478      499
 27.387        500
 27.41922      500
 27.45144      501
 27.45144      501
 27.48366      501
 27.51588      501
 27.5481       501
 27.5481       501
 27.58032      501
 27.61254      501
 27.64476      501
 27.67698      501
 27.67698      501
 27.7092       500
 27.74142      500
 27.74142      499
 27.77364      499
 27.80586      498
 27.83808      497
 27.8703       497
 27.8703       496
 27.90252      495
 27.93474      494
 27.96696      493
 27.96696      492
 27.99918      491
 28.0314       490
 28.06362      489
 28.09584      488
 28.09584      487
 28.12806      486
 28.16028      485
 28.1925       484
