 0             0
 0             0
 0             0
 0             0
 3.222e-002    0
 6.444e-002    0
 6.444e-002    0
 0.12888       0
 0.12888       0
 0.1611        0
 0.22554       0
 0.22554       0
 0.25776       0
 0.28998       0
 0.28998       0
 0.3222        0
 0.35442       0
 0.38664       0
 0.41886       0
 0.45108       0
 0.45108       0
 0.51552       0
 0.51552       0
 0.54774       0
 0.57996       0
 0.61218       0
 0.6444        0
 0.67662       0
 0.67662       0
 0.70884       0
 0.74106       0
 0.77328       0
 0.8055        0
 0.83772       0
 0.83772       0
 0.90216       0
 0.90216       0
 0.93438       0
 0.99882       0
 0.99882       0
 1.03104       0
 1.06326       0
 1.06326       0
 1.1277        0
 1.15992       0
 1.15992       0
 1.19214       0
 1.22436       0
 1.25658       0
 1.2888        0
 1.32102       0
 1.32102       0
 1.38546       0
 1.38546       0
 1.41768       0
 1.48212       0
 1.48212       0
 1.51434       0
 1.54656       0
 1.57878       0
 1.611         0
 1.64322       0
 1.64322       0
 1.70766       0
 1.70766       0
 1.73988       0
 1.7721        0
 1.80432       0
 1.83654       0
 1.86876       0
 1.90098       0
 1.9332        0
 1.96542       0
 1.96542       0
 1.99764       0
 2.02986       0
 2.06208       0
 2.0943        0
 2.12652       0
 2.12652       0
 2.19096       0
 2.19096       0
 2.22318       0
 2.28762       0
 2.28762       0
 2.31984       0
 2.35206       0
 2.38428       0
 2.4165        0
 2.44872       0
 2.44872       0
 2.51316       0
 2.54538       0
 2.54538       0
 2.5776        0
 2.60982       0
 2.64204       0
 2.67426       0
 2.70648       0
 2.7387        0
 2.77092       0
 2.77092       0
 2.80314       0
 2.86758       0
 2.86758       0
 2.8998        0
 2.93202       0
 2.96424       0
 2.99646       0
 3.02868       0
 3.02868       0
 3.09312       0
 3.09312       0
 3.12534       0
 3.15756       0
 3.18978       0
 3.25422       0
 3.28644       0
 3.31866       0
 3.31866       0
 3.3831        0
 3.3831        0
 3.41532       0
 3.44754       0
 3.47976       0
 3.51198       0
 3.5442        0
 3.57642       0
 3.60864       0
 3.64086       0
 3.64086       0
 3.7053        0
 3.7053        0
 3.73752       0
 3.76974       0
 3.80196       0
 3.83418       0
 3.8664        0
 3.89862       0
 3.93084       0
 3.96306       0
 3.96306       0
 4.0275        0
 4.0275        0
 4.05972       0
 4.09194       0
 4.12416       0
 4.15638       0
 4.1886        0
 4.22082       0
 4.25304       0
 4.28526       0
 4.31748       0
 4.3497        0
 4.38192       0
 4.38192       0
 4.44636       0
 4.44636       0
 4.47858       0
 4.5108        0
 4.54302       0
 4.57524       0
 4.60746       0
 4.63968       0
 4.6719        0
 4.70412       0
 4.70412       0
 4.76856       0
 4.76856       0
 4.80078       0
 4.833         0
 4.86522       0
 4.89744       1
 4.92966       1
 4.96188       1
 4.9941        1
 5.02632       1
 5.05854       1
 5.09076       2
 5.12298       2
 5.12298       2
 5.1552        2
 5.18742       2
 5.21964       2
 5.25186       3
 5.28408       3
 5.3163        3
 5.34852       3
 5.38074       3
 5.41296       3
 5.44518       4
 5.4774        4
 5.4774        4
 5.54184       4
 5.54184       4
 5.57406       5
 5.60628       5
 5.6385        5
 5.67072       5
 5.70294       5
 5.73516       6
 5.76738       6
 5.7996        6
 5.83182       7
 5.86404       7
 5.86404       7
 5.89626       7
 5.92848       8
 5.9607        8
 5.99292       8
 6.02514       8
 6.05736       9
 6.08958       9
 6.1218        9
 6.15402       10
 6.18624       10
 6.21846       10
 6.25068       11
 6.2829        11
 6.2829        11
 6.34734       12
 6.34734       12
 6.37956       12
 6.41178       13
 6.444         13
 6.50844       13
 6.54066       13
 6.57288       14
 6.6051        14
 6.63732       14
 6.63732       15
 6.66954       15
 6.73398       15
 6.73398       16
 6.7662        16
 6.79842       16
 6.83064       17
 6.86286       17
 6.89508       17
 6.9273        18
 6.95952       18
 6.99174       18
 7.02396       18
 7.05618       18
 7.05618       19
 7.0884        19
 7.12062       19
 7.15284       19
 7.18506       19
 7.21728       19
 7.2495        19
 7.28172       19
 7.31394       18
 7.34616       18
 7.37838       18
 7.4106        18
 7.4106        18
 7.47504       17
 7.47504       17
 7.50726       17
 7.53948       17
 7.5717        16
 7.60392       16
 7.63614       16
 7.66836       15
 7.70058       15
 7.7328        15
 7.76502       14
 7.79724       14
 7.82946       14
 7.82946       13
 7.86168       13
 7.8939        12
 7.92612       12
 7.95834       12
 7.99056       11
 8.02278       11
 8.055         11
 8.08722       10
 8.11944       10
 8.15166       10
 8.18388       10
 8.2161        9
 8.2161        9
 8.24832       9
 8.28054       9
 8.31276       8
 8.34498       8
 8.3772        8
 8.40942       8
 8.44164       8
 8.47386       8
 8.50608       7
 8.5383        7
 8.57052       7
 8.57052       7
 8.60274       7
 8.63496       7
 8.66718       7
 8.6994        7
 8.73162       7
 8.76384       7
 8.79606       7
 8.82828       7
 8.8605        7
 8.89272       7
 8.89272       7
 8.92494       7
 8.95716       8
 8.98938       8
 9.0216        8
 9.05382       8
 9.08604       8
 9.11826       8
 9.15048       8
 9.1827        8
 9.21492       8
 9.24714       9
 9.24714       9
 9.31158       9
 9.31158       9
 9.3438        9
 9.37602       9
 9.40824       10
 9.44046       10
 9.47268       10
 9.5049        10
 9.53712       11
 9.56934       11
 9.60156       11
 9.63378       12
 9.63378       12
 9.666         12
 9.69822       13
 9.76266       13
 9.79488       13
 9.8271        14
 9.85932       14
 9.89154       14
 9.92376       15
 9.92376       15
 9.95598       16
 9.9882        16
 10.02042      16
 10.05264      17
 10.08486      17
 10.11708      17
 10.1493       18
 10.18152      18
 10.21374      19
 10.24596      20
 10.27818      21
 10.27818      22
 10.3104       22
 10.34262      22
 10.37484      23
 10.40706      23
 10.43928      24
 10.4715       24
 10.50372      24
 10.53594      25
 10.56816      25
 10.60038      25
 10.60038      26
 10.6326       27
 10.66482      27
 10.69704      28
 10.72926      28
 10.76148      28
 10.7937       29
 10.82592      30
 10.85814      30
 10.89036      31
 10.92258      31
 10.92258      32
 10.9548       33
 10.98702      33
 11.01924      34
 11.05146      34
 11.08368      35
 11.1159       36
 11.14812      36
 11.18034      37
 11.21256      38
 11.24478      38
 11.24478      39
 11.277        40
 11.30922      40
 11.34144      41
 11.37366      42
 11.40588      42
 11.4381       43
 11.47032      44
 11.50254      44
 11.53476      45
 11.56698      46
 11.56698      46
 11.5992       47
 11.63142      48
 11.66364      48
 11.69586      49
 11.72808      49
 11.7603       50
 11.79252      50
 11.82474      51
 11.85696      51
 11.88918      51
 11.88918      52
 11.9214       52
 11.95362      52
 11.98584      52
 12.01806      52
 12.05028      52
 12.0825       52
 12.11472      52
 12.14694      52
 12.14694      51
 12.17916      51
 12.21138      51
 12.2436       51
 12.27582      50
 12.30804      50
 12.34026      49
 12.37248      49
 12.4047       49
 12.43692      48
 12.46914      48
 12.46914      47
 12.50136      47
 12.53358      46
 12.5658       46
 12.59802      45
 12.63024      44
 12.66246      44
 12.69468      43
 12.7269       42
 12.7269       42
 12.75912      41
 12.79134      40
 12.82356      39
 12.85578      39
 12.888        38
 12.92022      37
 12.95244      37
 12.98466      36
 13.01688      35
 13.0491       35
 13.08132      34
 13.11354      34
 13.14576      33
 13.17798      33
 13.2102       32
 13.24242      31
 13.27464      31
 13.30686      31
 13.30686      30
 13.33908      30
 13.3713       29
 13.40352      29
 13.43574      29
 13.46796      28
 13.50018      28
 13.5324       28
 13.56462      27
 13.56462      27
 13.59684      27
 13.62906      27
 13.66128      27
 13.6935       27
 13.72572      26
 13.75794      26
 13.79016      26
 13.82238      26
 13.82238      26
 13.8546       26
 13.88682      26
 13.91904      26
 13.95126      26
 13.98348      26
 14.0157       27
 14.04792      26
 14.08014      27
 14.11236      27
 14.11236      27
 14.14458      27
 14.1768       27
 14.20902      27
 14.24124      28
 14.27346      28
 14.30568      28
 14.3379       29
 14.37012      29
 14.37012      29
 14.40234      30
 14.43456      30
 14.46678      30
 14.499        31
 14.53122      31
 14.56344      31
 14.59566      32
 14.59566      32
 14.62788      32
 14.6601       33
 14.69232      33
 14.72454      34
 14.75676      34
 14.78898      34
 14.8212       35
 14.85342      35
 14.85342      36
 14.88564      36
 14.91786      37
 14.95008      37
 14.9823       38
 15.01452      38
 15.04674      39
 15.07896      39
 15.07896      40
 15.11118      40
 15.1434       41
 15.17562      41
 15.20784      42
 15.24006      43
 15.27228      43
 15.3045       44
 15.33672      45
 15.33672      46
 15.36894      46
 15.40116      47
 15.43338      48
 15.4656       49
 15.49782      49
 15.53004      50
 15.56226      51
 15.56226      51
 15.59448      52
 15.6267       53
 15.65892      54
 15.69114      55
 15.72336      55
 15.75558      56
 15.7878       57
 15.82002      58
 15.82002      59
 15.85224      60
 15.88446      60
 15.91668      61
 15.9489       62
 15.98112      63
 16.01334      64
 16.04556      65
 16.04556      65
 16.07778      66
 16.11         67
 16.14222      68
 16.17444      69
 16.20666      70
 16.2711       71
 16.2711       72
 16.30332      72
 16.33554      73
 16.36776      74
 16.39998      75
 16.4322       76
 16.46442      77
 16.49664      78
 16.52886      79
 16.52886      79
 16.56108      80
 16.5933       81
 16.62552      82
 16.65774      82
 16.68996      83
 16.72218      83
 16.72218      84
 16.7544       84
 16.78662      85
 16.81884      85
 16.85106      86
 16.88328      86
 16.9155       86
 16.94772      87
 16.94772      87
 16.97994      87
 17.01216      87
 17.04438      87
 17.0766       87
 17.10882      87
 17.14104      87
 17.17326      87
 17.17326      87
 17.20548      87
 17.2377       87
 17.26992      87
 17.30214      87
 17.33436      86
 17.36658      86
 17.36658      86
 17.3988       85
 17.43102      85
 17.46324      85
 17.49546      84
 17.52768      83
 17.5599       83
 17.59212      82
 17.59212      81
 17.62434      81
 17.65656      80
 17.68878      79
 17.721        78
 17.75322      78
 17.78544      77
 17.81766      76
 17.81766      75
 17.84988      75
 17.8821       74
 17.91432      73
 17.94654      73
 17.97876      72
 18.01098      72
 18.0432       71
 18.0432       71
 18.07542      70
 18.10764      70
 18.13986      69
 18.17208      69
 18.2043       68
 18.23652      67
 18.23652      67
 18.26874      66
 18.30096      66
 18.33318      65
 18.3654       65
 18.39762      64
 18.42984      64
 18.46206      63
 18.46206      63
 18.49428      63
 18.5265       62
 18.55872      62
 18.59094      62
 18.62316      62
 18.62316      62
 18.65538      61
 18.6876       61
 18.71982      61
 18.75204      61
 18.78426      61
 18.81648      61
 18.8487       60
 18.8487       60
 18.88092      60
 18.91314      60
 18.94536      60
 18.97758      60
 19.0098       60
 19.0098       60
 19.04202      60
 19.07424      60
 19.10646      60
 19.13868      60
 19.1709       60
 19.20312      60
 19.23534      60
 19.23534      60
 19.26756      61
 19.29978      61
 19.332        61
 19.36422      61
 19.39644      61
 19.42866      61
 19.46088      61
 19.46088      61
 19.52532      62
 19.55754      62
 19.58976      62
 19.62198      62
 19.6542       63
 19.6542       63
 19.68642      63
 19.71864      63
 19.75086      64
 19.78308      64
 19.8153       64
 19.8153       65
 19.84752      65
 19.87974      66
 19.91196      66
 19.94418      67
 19.9764       67
 20.00862      68
 20.00862      68
 20.04084      68
 20.07306      69
 20.10528      69
 20.1375       70
 20.16972      71
 20.20194      71
 20.20194      72
 20.23416      72
 20.26638      73
 20.2986       74
 20.33082      74
 20.36304      75
 20.36304      76
 20.39526      76
 20.42748      77
 20.4597       78
 20.49192      78
 20.52414      79
 20.55636      80
 20.55636      80
 20.58858      81
 20.6208       82
 20.65302      83
 20.68524      84
 20.71746      84
 20.74968      85
 20.74968      86
 20.7819       87
 20.81412      87
 20.84634      88
 20.87856      89
 20.91078      90
 20.943        91
 20.943        92
 20.97522      92
 21.00744      93
 21.03966      94
 21.07188      96
 21.1041       96
 21.1041       97
 21.13632      98
 21.16854      99
 21.20076      99
 21.23298      101
 21.2652       103
 21.2652       104
 21.29742      105
 21.32964      105
 21.36186      106
 21.39408      107
 21.4263       108
 21.45852      109
 21.45852      109
 21.49074      110
 21.52296      111
 21.55518      111
 21.5874       112
 21.61962      113
 21.61962      113
 21.65184      114
 21.68406      115
 21.71628      115
 21.7485       116
 21.78072      117
 21.81294      117
 21.81294      118
 21.84516      118
 21.87738      119
 21.9096       119
 21.94182      120
 21.97404      120
 21.97404      121
 22.00626      121
 22.03848      121
 22.0707       122
 22.10292      122
 22.13514      122
 22.13514      122
 22.16736      122
 22.19958      123
 22.2318       123
 22.26402      123
 22.29624      123
 22.32846      123
 22.32846      123
 22.36068      123
 22.3929       123
 22.42512      123
 22.45734      123
 22.48956      123
 22.48956      122
 22.52178      122
 22.554        122
 22.58622      122
 22.61844      122
 22.65066      121
 22.65066      121
 22.68288      121
 22.7151       120
 22.77954      120
 22.81176      120
 22.81176      120
 22.84398      120
 22.8762       119
 22.90842      119
 22.94064      119
 22.94064      118
 22.97286      118
 23.00508      118
 23.0373       118
 23.06952      118
 23.10174      117
 23.10174      117
 23.13396      117
 23.16618      116
 23.1984       116
 23.23062      116
 23.26284      115
 23.29506      115
 23.29506      115
 23.32728      115
 23.3595       115
 23.39172      115
 23.42394      114
 23.42394      114
 23.45616      114
 23.48838      114
 23.5206       114
 23.55282      113
 23.58504      113
 23.58504      113
 23.61726      113
 23.64948      113
 23.6817       113
 23.71392      113
 23.74614      113
 23.77836      113
 23.77836      112
 23.81058      112
 23.8428       112
 23.87502      112
 23.90724      113
 23.90724      113
 23.93946      113
 23.97168      113
 24.0039       112
 24.03612      112
 24.06834      113
 24.06834      112
 24.10056      112
 24.13278      111
 24.165        111
 24.19722      111
 24.22944      110
 24.22944      110
 24.26166      111
 24.29388      110
 24.3261       111
 24.35832      111
 24.35832      110
 24.39054      111
 24.42276      111
 24.45498      111
 24.4872       111
 24.51942      111
 24.51942      111
 24.55164      111
 24.58386      111
 24.61608      111
 24.6483       112
 24.6483       112
 24.68052      112
 24.71274      112
 24.74496      112
 24.77718      113
 24.8094       113
 24.8094       113
 24.84162      114
 24.87384      114
 24.90606      114
 24.93828      115
 24.9705       115
 24.9705       115
 25.00272      116
 25.03494      116
 25.06716      116
 25.09938      117
 25.09938      117
 25.1316       117
 25.16382      118
 25.19604      118
 25.22826      119
 25.22826      119
 25.26048      120
 25.2927       120
 25.32492      121
 25.35714      121
 25.35714      122
 25.38936      122
 25.42158      123
 25.4538       124
 25.48602      124
 25.51824      125
 25.51824      126
 25.55046      126
 25.58268      127
 25.6149       127
 25.64712      128
 25.64712      129
 25.67934      129
 25.71156      130
 25.74378      131
 25.776        131
 25.776        132
 25.80822      133
 25.84044      133
 25.87266      134
 25.90488      135
 25.9371       135
 25.9371       136
 25.96932      137
 26.00154      138
 26.06598      139
 26.06598      139
 26.0982       140
 26.13042      141
 26.16264      141
 26.19486      142
 26.22708      143
 26.22708      144
 26.2593       144
 26.29152      145
 26.32374      146
 26.32374      147
 26.35596      147
 26.38818      148
 26.4204       149
 26.45262      149
 26.48484      150
 26.48484      151
 26.51706      151
 26.54928      152
 26.5815       153
 26.61372      153
 26.61372      154
 26.64594      155
 26.67816      155
 26.71038      156
 26.7426       157
 26.7426       158
 26.77482      158
 26.80704      159
 26.83926      160
 26.87148      160
 26.87148      161
 26.9037       162
 26.93592      162
 26.96814      163
 27.00036      164
 27.03258      164
 27.03258      165
 27.0648       165
 27.09702      166
 27.12924      166
 27.12924      167
 27.16146      167
 27.19368      168
 27.2259       168
 27.25812      169
 27.25812      169
 27.29034      170
 27.32256      170
 27.35478      170
 27.387        171
 27.387        171
 27.41922      171
 27.45144      172
 27.48366      172
 27.51588      172
 27.5481       173
 27.5481       173
 27.58032      173
 27.61254      173
 27.64476      174
 27.64476      174
 27.67698      173
 27.7092       172
 27.74142      173
 27.77364      170
 27.77364      171
 27.80586      172
 27.83808      172
 27.8703       173
 27.90252      172
 27.90252      172
 27.93474      172
 27.96696      172
 27.99918      173
 28.0314       173
 28.0314       173
 28.06362      173
 28.09584      174
 28.12806      174
 28.12806      174
 28.16028      174
 28.1925       174
 28.22472      175
 28.25694      175
 28.25694      175
 28.28916      175
 28.32138      175
 28.3536       176
 28.38582      176
 28.38582      176
 28.41804      176
 28.45026      176
 28.48248      177
 28.48248      177
 28.5147       177
 28.54692      177
 28.57914      177
 28.61136      177
 28.61136      177
 28.64358      178
 28.6758       178
 28.70802      178
 28.74024      178
 28.74024      178
 28.77246      178
 28.80468      178
 28.8369       178
 28.8369       179
