 0             0
 0             0
 0             0
 0             0
 3.222e-002    0
 9.666e-002    0
 9.666e-002    0
 0.12888       0
 0.1611        0
 0.1611        0
 0.22554       0
 0.22554       0
 0.28998       0
 0.3222        0
 0.3222        0
 0.35442       0
 0.38664       0
 0.38664       0
 0.45108       0
 0.4833        0
 0.4833        0
 0.54774       0
 0.54774       0
 0.57996       0
 0.61218       0
 0.6444        0
 0.67662       0
 0.70884       0
 0.70884       0
 0.77328       0
 0.77328       0
 0.8055        0
 0.86994       0
 0.86994       0
 0.90216       0
 0.93438       0
 0.9666        0
 0.99882       0
 1.03104       0
 1.03104       0
 1.06326       0
 1.1277        0
 1.1277        0
 1.15992       0
 1.19214       0
 1.19214       0
 1.25658       0
 1.2888        0
 1.2888        0
 1.35324       0
 1.35324       0
 1.38546       0
 1.4499        0
 1.4499        0
 1.48212       0
 1.51434       0
 1.54656       0
 1.57878       0
 1.611         0
 1.611         0
 1.67544       0
 1.67544       0
 1.70766       0
 1.7721        0
 1.7721        0
 1.80432       0
 1.83654       0
 1.86876       0
 1.90098       0
 1.9332        0
 1.9332        0
 1.99764       0
 1.99764       0
 2.02986       0
 2.06208       0
 2.0943        0
 2.12652       0
 2.15874       0
 2.19096       0
 2.19096       0
 2.2554        0
 2.2554        0
 2.28762       0
 2.35206       0
 2.35206       0
 2.38428       0
 2.4165        0
 2.44872       0
 2.48094       0
 2.51316       0
 2.51316       0
 2.5776        0
 2.5776        0
 2.60982       0
 2.67426       0
 2.67426       0
 2.70648       0
 2.7387        0
 2.77092       0
 2.80314       0
 2.83536       0
 2.83536       0
 2.8998        0
 2.8998        0
 2.93202       0
 2.96424       0
 2.99646       0
 3.02868       0
 3.0609        0
 3.09312       0
 3.12534       0
 3.15756       0
 3.15756       0
 3.18978       0
 3.25422       0
 3.28644       0
 3.31866       0
 3.35088       0
 3.35088       0
 3.41532       0
 3.41532       0
 3.44754       0
 3.51198       0
 3.51198       0
 3.5442        0
 3.57642       0
 3.60864       0
 3.64086       0
 3.67308       0
 3.67308       0
 3.73752       0
 3.73752       0
 3.76974       0
 3.83418       0
 3.83418       0
 3.8664        0
 3.89862       0
 3.93084       0
 3.96306       0
 3.99528       0
 4.0275        0
 4.05972       0
 4.09194       1
 4.09194       1
 4.12416       1
 4.15638       1
 4.1886        1
 4.22082       1
 4.25304       1
 4.28526       2
 4.31748       2
 4.3497        2
 4.3497        2
 4.41414       2
 4.41414       2
 4.44636       3
 4.47858       3
 4.5108        3
 4.54302       3
 4.57524       3
 4.60746       4
 4.63968       4
 4.6719        4
 4.6719        4
 4.73634       5
 4.73634       5
 4.76856       5
 4.833         5
 4.833         6
 4.86522       6
 4.89744       6
 4.92966       7
 4.96188       7
 4.9941        7
 5.02632       8
 5.05854       8
 5.09076       8
 5.09076       8
 5.1552        9
 5.1552        9
 5.18742       9
 5.21964       10
 5.25186       10
 5.28408       10
 5.3163        11
 5.34852       11
 5.38074       12
 5.41296       12
 5.41296       13
 5.4774        13
 5.4774        13
 5.50962       14
 5.54184       14
 5.57406       15
 5.60628       15
 5.6385        16
 5.67072       16
 5.70294       17
 5.73516       17
 5.76738       18
 5.7996        19
 5.83182       19
 5.83182       20
 5.86404       20
 5.89626       21
 5.92848       21
 5.9607        22
 5.99292       23
 6.02514       23
 6.05736       24
 6.08958       25
 6.1218        25
 6.15402       26
 6.15402       27
 6.21846       27
 6.21846       28
 6.25068       29
 6.2829        29
 6.31512       30
 6.34734       31
 6.37956       32
 6.41178       32
 6.444         33
 6.50844       34
 6.50844       35
 6.54066       36
 6.57288       36
 6.6051        37
 6.63732       38
 6.66954       39
 6.70176       40
 6.73398       40
 6.7662        41
 6.79842       42
 6.83064       43
 6.86286       43
 6.86286       44
 6.9273        45
 6.9273        45
 6.95952       45
 6.99174       46
 7.02396       46
 7.05618       47
 7.0884        47
 7.12062       47
 7.15284       47
 7.18506       47
 7.18506       47
 7.2495        47
 7.2495        47
 7.28172       47
 7.31394       47
 7.34616       47
 7.37838       46
 7.4106        46
 7.44282       46
 7.47504       45
 7.50726       45
 7.53948       44
 7.53948       44
 7.5717        43
 7.60392       43
 7.63614       42
 7.66836       42
 7.70058       41
 7.7328        41
 7.76502       40
 7.79724       39
 7.82946       39
 7.86168       38
 7.8939        37
 7.92612       37
 7.92612       36
 7.95834       35
 7.99056       35
 8.02278       34
 8.055         33
 8.08722       33
 8.11944       32
 8.15166       31
 8.18388       31
 8.2161        30
 8.24832       30
 8.24832       29
 8.28054       29
 8.31276       28
 8.34498       28
 8.3772        27
 8.40942       27
 8.44164       27
 8.47386       26
 8.50608       26
 8.50608       26
 8.57052       25
 8.57052       25
 8.60274       25
 8.63496       25
 8.66718       24
 8.6994        24
 8.73162       24
 8.76384       24
 8.79606       24
 8.82828       24
 8.8605        24
 8.89272       24
 8.89272       24
 8.92494       24
 8.95716       24
 8.98938       25
 9.0216        25
 9.05382       25
 9.08604       25
 9.11826       25
 9.15048       26
 9.1827        26
 9.21492       26
 9.21492       26
 9.24714       27
 9.27936       27
 9.31158       28
 9.3438        28
 9.37602       28
 9.40824       29
 9.44046       29
 9.47268       30
 9.5049        31
 9.53712       31
 9.53712       32
 9.56934       32
 9.60156       33
 9.63378       33
 9.666         34
 9.69822       35
 9.76266       35
 9.79488       36
 9.8271        37
 9.8271        38
 9.85932       38
 9.89154       39
 9.92376       40
 9.95598       41
 9.9882        42
 10.02042      43
 10.05264      43
 10.08486      44
 10.11708      45
 10.1493       46
 10.1493       47
 10.18152      48
 10.21374      49
 10.24596      50
 10.27818      51
 10.3104       52
 10.34262      53
 10.37484      54
 10.40706      55
 10.40706      56
 10.43928      57
 10.4715       58
 10.50372      60
 10.53594      61
 10.56816      62
 10.60038      63
 10.6326       64
 10.66482      65
 10.69704      66
 10.72926      68
 10.72926      69
 10.76148      70
 10.7937       71
 10.82592      73
 10.85814      74
 10.89036      75
 10.92258      77
 10.9548       78
 10.98702      79
 11.01924      81
 11.05146      82
 11.05146      84
 11.08368      85
 11.1159       87
 11.14812      88
 11.18034      90
 11.21256      91
 11.24478      93
 11.277        94
 11.30922      96
 11.30922      97
 11.34144      99
 11.37366      101
 11.40588      103
 11.4381       104
 11.47032      106
 11.50254      107
 11.53476      109
 11.56698      110
 11.5992       112
 11.5992       113
 11.63142      115
 11.66364      116
 11.69586      117
 11.72808      118
 11.7603       120
 11.79252      121
 11.82474      122
 11.85696      122
 11.85696      123
 11.88918      124
 11.9214       124
 11.95362      125
 11.98584      125
 12.01806      125
 12.05028      125
 12.0825       125
 12.11472      124
 12.14694      124
 12.14694      123
 12.17916      123
 12.21138      122
 12.2436       121
 12.27582      120
 12.30804      119
 12.34026      118
 12.37248      117
 12.4047       116
 12.4047       115
 12.43692      113
 12.46914      112
 12.50136      111
 12.53358      109
 12.5658       108
 12.59802      107
 12.63024      105
 12.66246      104
 12.69468      102
 12.69468      101
 12.7269       98
 12.75912      97
 12.79134      95
 12.82356      93
 12.85578      92
 12.888        90
 12.92022      89
 12.95244      87
 12.95244      86
 13.01688      84
 13.0491       83
 13.08132      81
 13.11354      80
 13.14576      79
 13.17798      78
 13.2102       77
 13.2102       76
 13.24242      75
 13.27464      74
 13.30686      73
 13.33908      72
 13.3713       71
 13.40352      70
 13.43574      69
 13.43574      68
 13.46796      68
 13.50018      67
 13.5324       66
 13.56462      66
 13.59684      65
 13.62906      65
 13.66128      65
 13.6935       64
 13.6935       64
 13.72572      64
 13.75794      63
 13.79016      63
 13.82238      63
 13.8546       63
 13.88682      63
 13.91904      63
 13.91904      63
 13.95126      63
 13.98348      63
 14.0157       64
 14.04792      64
 14.08014      64
 14.11236      64
 14.14458      65
 14.1768       65
 14.1768       65
 14.20902      66
 14.24124      66
 14.27346      67
 14.30568      67
 14.3379       68
 14.37012      68
 14.40234      69
 14.40234      70
 14.43456      70
 14.46678      71
 14.499        72
 14.53122      73
 14.56344      74
 14.59566      74
 14.59566      75
 14.62788      76
 14.6601       77
 14.69232      78
 14.72454      79
 14.75676      80
 14.78898      81
 14.8212       82
 14.8212       83
 14.85342      84
 14.88564      86
 14.91786      87
 14.95008      88
 14.9823       89
 15.01452      90
 15.04674      92
 15.04674      93
 15.07896      94
 15.11118      96
 15.1434       97
 15.17562      98
 15.20784      101
 15.24006      102
 15.27228      103
 15.27228      105
 15.3045       106
 15.33672      108
 15.36894      110
 15.40116      111
 15.43338      113
 15.4656       114
 15.49782      116
 15.49782      118
 15.53004      119
 15.56226      121
 15.59448      123
 15.6267       125
 15.65892      126
 15.69114      128
 15.69114      130
 15.72336      132
 15.75558      134
 15.7878       135
 15.82002      137
 15.85224      139
 15.88446      141
 15.91668      143
 15.91668      145
 15.9489       147
 15.98112      149
 16.01334      151
 16.04556      153
 16.07778      155
 16.11         157
 16.14222      159
 16.14222      161
 16.17444      163
 16.20666      165
 16.2711       167
 16.30332      169
 16.33554      171
 16.33554      173
 16.36776      175
 16.39998      178
 16.4322       180
 16.46442      182
 16.49664      184
 16.52886      185
 16.56108      187
 16.56108      189
 16.5933       191
 16.62552      193
 16.65774      194
 16.68996      196
 16.72218      197
 16.7544       199
 16.78662      200
 16.78662      202
 16.81884      203
 16.85106      204
 16.88328      205
 16.9155       205
 16.94772      206
 16.94772      206
 16.97994      207
 17.01216      207
 17.04438      207
 17.0766       207
 17.10882      207
 17.14104      207
 17.17326      206
 17.17326      206
 17.20548      206
 17.2377       205
 17.26992      204
 17.30214      203
 17.33436      202
 17.33436      201
 17.36658      200
 17.3988       198
 17.43102      197
 17.46324      196
 17.49546      194
 17.52768      193
 17.5599       191
 17.5599       190
 17.59212      188
 17.62434      186
 17.65656      184
 17.68878      182
 17.721        180
 17.721        178
 17.75322      176
 17.78544      174
 17.81766      172
 17.84988      170
 17.8821       168
 17.91432      166
 17.94654      164
 17.94654      162
 17.97876      160
 18.01098      159
 18.0432       157
 18.07542      155
 18.10764      154
 18.13986      152
 18.13986      151
 18.17208      149
 18.2043       148
 18.23652      147
 18.26874      145
 18.30096      144
 18.33318      143
 18.33318      142
 18.3654       140
 18.39762      139
 18.42984      138
 18.46206      138
 18.49428      137
 18.5265       136
 18.5265       135
 18.55872      134
 18.59094      134
 18.62316      133
 18.65538      132
 18.6876       132
 18.6876       132
 18.71982      131
 18.75204      131
 18.78426      130
 18.81648      130
 18.8487       130
 18.8487       130
 18.88092      129
 18.91314      129
 18.94536      129
 18.97758      129
 19.0098       129
 19.04202      129
 19.07424      129
 19.07424      129
 19.10646      130
 19.13868      130
 19.1709       130
 19.20312      130
 19.23534      131
 19.23534      131
 19.26756      131
 19.29978      132
 19.332        132
 19.36422      133
 19.39644      133
 19.39644      134
 19.42866      134
 19.46088      135
 19.52532      136
 19.55754      136
 19.58976      137
 19.58976      138
 19.62198      139
 19.6542       139
 19.68642      140
 19.71864      141
 19.75086      142
 19.78308      143
 19.78308      144
 19.8153       145
 19.84752      146
 19.87974      147
 19.91196      148
 19.94418      149
 19.94418      151
 19.9764       152
 20.00862      153
 20.04084      154
 20.07306      156
 20.10528      157
 20.10528      159
 20.1375       160
 20.16972      162
 20.20194      163
 20.23416      165
 20.26638      166
 20.26638      168
 20.2986       170
 20.33082      171
 20.36304      173
 20.39526      175
 20.42748      177
 20.4597       179
 20.4597       181
 20.49192      182
 20.52414      184
 20.55636      186
 20.58858      188
 20.6208       190
 20.6208       192
 20.65302      194
 20.68524      196
 20.71746      198
 20.74968      201
 20.7819       204
 20.7819       206
 20.81412      208
 20.84634      210
 20.87856      212
 20.91078      215
 20.943        217
 20.943        219
 20.97522      222
 21.00744      224
 21.03966      226
 21.07188      229
 21.1041       231
 21.1041       234
 21.13632      236
 21.16854      239
 21.20076      241
 21.23298      244
 21.2652       246
 21.2652       249
 21.29742      251
 21.32964      254
 21.36186      256
 21.39408      259
 21.4263       261
 21.45852      263
 21.45852      266
 21.49074      268
 21.52296      271
 21.55518      273
 21.5874       275
 21.5874       278
 21.61962      280
 21.65184      282
 21.68406      284
 21.71628      286
 21.7485       288
 21.7485       290
 21.78072      292
 21.81294      294
 21.84516      295
 21.87738      297
 21.9096       299
 21.9096       300
 21.94182      302
 21.97404      304
 22.00626      305
 22.03848      307
 22.03848      308
 22.0707       309
 22.10292      310
 22.13514      311
 22.16736      312
 22.19958      313
 22.19958      314
 22.2318       314
 22.26402      315
 22.29624      316
 22.32846      316
 22.36068      317
 22.36068      317
 22.3929       317
 22.42512      318
 22.45734      318
 22.48956      318
 22.48956      318
 22.52178      319
 22.554        319
 22.58622      318
 22.61844      315
 22.65066      314
 22.65066      312
 22.68288      310
 22.7151       309
 22.77954      308
 22.81176      307
 22.81176      307
 22.84398      306
 22.8762       305
 22.90842      305
 22.94064      304
 22.94064      304
 22.97286      303
 23.00508      302
 23.0373       301
 23.06952      301
 23.06952      300
 23.10174      300
 23.13396      299
 23.16618      298
 23.1984       298
 23.1984       297
 23.23062      297
 23.26284      296
 23.29506      295
 23.32728      295
 23.3595       294
 23.3595       294
 23.39172      294
 23.42394      293
 23.45616      293
 23.48838      292
 23.5206       292
 23.5206       292
 23.55282      292
 23.58504      292
 23.61726      292
 23.64948      291
 23.6817       291
 23.6817       292
 23.71392      291
 23.74614      292
 23.77836      292
 23.81058      292
 23.81058      293
 23.8428       293
 23.87502      293
 23.90724      294
 23.93946      294
 23.93946      294
 23.97168      295
 24.0039       295
 24.03612      296
 24.06834      297
 24.06834      297
 24.10056      298
 24.13278      299
 24.165        299
 24.19722      300
 24.19722      300
 24.22944      301
 24.26166      302
 24.29388      302
 24.3261       303
 24.35832      304
 24.35832      304
 24.39054      304
 24.42276      304
 24.45498      304
 24.4872       305
 24.4872       305
 24.51942      305
 24.55164      305
 24.58386      305
 24.61608      305
 24.61608      305
 24.6483       305
 24.68052      305
 24.71274      305
 24.74496      305
 24.74496      304
 24.77718      304
 24.8094       304
 24.84162      303
 24.87384      303
 24.87384      301
 24.90606      301
 24.93828      300
 24.9705       300
 25.00272      299
 25.00272      298
 25.03494      298
 25.06716      297
 25.09938      297
 25.1316       296
 25.1316       296
 25.16382      295
 25.19604      295
 25.22826      294
 25.26048      294
 25.26048      294
 25.2927       293
 25.32492      293
 25.35714      293
 25.38936      292
 25.38936      292
 25.42158      292
 25.4538       291
 25.48602      291
 25.51824      291
 25.51824      291
 25.55046      291
 25.58268      290
 25.6149       290
 25.64712      290
 25.64712      290
 25.67934      290
 25.71156      290
 25.74378      290
 25.776        291
 25.776        291
 25.80822      291
 25.84044      292
 25.87266      293
 25.90488      293
 25.90488      295
 25.9371       295
 25.96932      296
 26.03376      297
 26.03376      298
 26.06598      299
 26.0982       300
 26.13042      301
 26.16264      303
 26.16264      304
 26.19486      305
 26.22708      306
 26.2593       307
 26.29152      308
 26.29152      309
 26.32374      310
 26.35596      311
 26.38818      313
 26.4204       313
 26.4204       315
 26.45262      316
 26.48484      316
 26.51706      317
 26.51706      318
 26.54928      319
 26.5815       319
 26.61372      319
 26.64594      320
 26.64594      320
 26.67816      320
 26.71038      320
 26.7426       320
 26.77482      319
 26.77482      318
 26.80704      318
 26.83926      317
 26.87148      316
 26.87148      315
 26.9037       315
 26.93592      314
 26.96814      313
 27.00036      312
 27.00036      312
 27.03258      311
 27.0648       311
 27.09702      311
 27.09702      310
 27.12924      310
 27.16146      310
 27.19368      309
 27.2259       310
 27.2259       310
 27.25812      310
 27.29034      310
 27.32256      310
 27.35478      311
 27.35478      311
 27.387        311
 27.41922      312
 27.45144      313
 27.45144      313
 27.48366      314
 27.51588      314
 27.5481       315
 27.58032      316
 27.58032      316
 27.61254      317
 27.64476      318
 27.67698      318
 27.7092       319
 27.7092       320
 27.74142      320
 27.77364      321
 27.80586      322
 27.80586      322
 27.83808      323
 27.8703       323
 27.90252      324
 27.93474      325
 27.93474      325
 27.96696      325
 27.99918      326
 28.0314       327
 28.0314       327
 28.06362      328
 28.09584      329
 28.12806      330
 28.12806      331
 28.16028      331
 28.1925       332
 28.22472      333
 28.22472      333
 28.25694      334
 28.28916      335
 28.32138      336
 28.3536       337
 28.3536       337
 28.38582      338
 28.41804      339
 28.45026      340
 28.48248      341
 28.48248      342
 28.5147       342
 28.54692      343
 28.57914      344
 28.57914      344
 28.61136      345
