 0             0
 0             0
 0             0
 0             0
 3.222e-002    0
 9.666e-002    0
 9.666e-002    0
 0.12888       0
 0.1611        0
 0.1611        0
 0.19332       0
 0.22554       0
 0.22554       0
 0.28998       0
 0.28998       0
 0.3222        0
 0.38664       0
 0.38664       0
 0.38664       0
 0.45108       0
 0.45108       0
 0.4833        0
 0.51552       0
 0.54774       0
 0.57996       0
 0.61218       0
 0.61218       0
 0.67662       0
 0.67662       0
 0.70884       0
 0.74106       0
 0.77328       0
 0.77328       0
 0.83772       0
 0.83772       0
 0.86994       0
 0.90216       0
 0.93438       0
 0.9666        0
 0.99882       0
 0.99882       0
 1.06326       0
 1.06326       0
 1.09548       0
 1.1277        0
 1.15992       0
 1.19214       0
 1.22436       0
 1.22436       0
 1.25658       0
 1.32102       0
 1.32102       0
 1.35324       0
 1.38546       0
 1.38546       0
 1.4499        0
 1.48212       0
 1.48212       0
 1.54656       0
 1.54656       0
 1.57878       0
 1.611         0
 1.64322       0
 1.67544       0
 1.70766       0
 1.70766       0
 1.7721        0
 1.7721        0
 1.80432       0
 1.83654       0
 1.86876       0
 1.86876       0
 1.9332        0
 1.9332        0
 1.96542       0
 2.02986       0
 2.02986       0
 2.06208       0
 2.0943        0
 2.0943        0
 2.15874       0
 2.19096       0
 2.19096       0
 2.2554        0
 2.2554        0
 2.28762       0
 2.31984       0
 2.35206       0
 2.38428       0
 2.4165        0
 2.4165        0
 2.44872       0
 2.48094       0
 2.51316       0
 2.54538       0
 2.5776        0
 2.5776        0
 2.64204       0
 2.64204       0
 2.67426       0
 2.7387        0
 2.7387        0
 2.77092       0
 2.80314       0
 2.83536       0
 2.86758       0
 2.8998        0
 2.8998        0
 2.96424       0
 2.96424       0
 2.99646       0
 3.02868       0
 3.0609        0
 3.09312       0
 3.12534       0
 3.12534       0
 3.15756       0
 3.222         0
 3.25422       0
 3.28644       0
 3.31866       0
 3.35088       0
 3.3831        0
 3.41532       0
 3.41532       0
 3.47976       0
 3.47976       0
 3.51198       0
 3.5442        0
 3.57642       0
 3.60864       0
 3.64086       0
 3.64086       0
 3.67308       0
 3.7053        0
 3.73752       0
 3.76974       0
 3.80196       0
 3.83418       0
 3.8664        0
 3.89862       0
 3.89862       0
 3.96306       0
 3.96306       0
 3.99528       0
 4.0275        0
 4.05972       0
 4.09194       0
 4.12416       0
 4.15638       0
 4.1886        0
 4.22082       0
 4.22082       0
 4.28526       0
 4.28526       0
 4.31748       0
 4.3497        0
 4.38192       1
 4.41414       1
 4.44636       1
 4.47858       1
 4.5108        1
 4.54302       1
 4.54302       1
 4.57524       1
 4.60746       1
 4.63968       2
 4.6719        2
 4.70412       2
 4.73634       2
 4.76856       2
 4.80078       2
 4.80078       3
 4.86522       3
 4.86522       3
 4.89744       3
 4.92966       3
 4.96188       3
 4.9941        4
 5.02632       4
 5.05854       4
 5.09076       4
 5.12298       4
 5.12298       5
 5.18742       5
 5.18742       5
 5.21964       5
 5.25186       5
 5.28408       6
 5.3163        6
 5.34852       6
 5.38074       6
 5.41296       7
 5.44518       7
 5.44518       7
 5.4774        7
 5.50962       8
 5.54184       8
 5.57406       8
 5.60628       9
 5.6385        9
 5.67072       9
 5.70294       9
 5.73516       10
 5.76738       10
 5.76738       10
 5.7996        11
 5.83182       11
 5.86404       11
 5.89626       12
 5.92848       12
 5.9607        13
 5.99292       13
 6.02514       13
 6.05736       14
 6.08958       14
 6.08958       14
 6.1218        15
 6.15402       15
 6.18624       16
 6.21846       16
 6.25068       16
 6.2829        17
 6.31512       17
 6.34734       18
 6.34734       18
 6.41178       19
 6.41178       19
 6.444         20
 6.50844       20
 6.54066       20
 6.57288       21
 6.6051        21
 6.63732       22
 6.66954       22
 6.66954       23
 6.70176       23
 6.73398       23
 6.7662        24
 6.79842       24
 6.83064       25
 6.86286       25
 6.89508       25
 6.9273        26
 6.95952       26
 6.99174       26
 7.02396       26
 7.02396       26
 7.05618       27
 7.0884        27
 7.12062       27
 7.15284       27
 7.18506       27
 7.21728       26
 7.2495        26
 7.28172       26
 7.28172       26
 7.34616       26
 7.34616       26
 7.37838       25
 7.4106        25
 7.44282       25
 7.47504       25
 7.50726       24
 7.53948       24
 7.5717        24
 7.60392       23
 7.60392       23
 7.66836       23
 7.66836       22
 7.70058       22
 7.7328        22
 7.76502       21
 7.79724       21
 7.82946       20
 7.86168       20
 7.8939        20
 7.92612       19
 7.92612       19
 7.95834       18
 7.99056       18
 8.02278       18
 8.055         17
 8.08722       17
 8.11944       17
 8.15166       16
 8.18388       16
 8.2161        16
 8.24832       15
 8.24832       15
 8.28054       15
 8.31276       14
 8.34498       14
 8.3772        14
 8.40942       14
 8.44164       14
 8.47386       13
 8.50608       13
 8.50608       13
 8.5383        13
 8.57052       13
 8.60274       13
 8.63496       13
 8.66718       13
 8.6994        13
 8.73162       12
 8.76384       13
 8.79606       12
 8.82828       12
 8.82828       13
 8.8605        13
 8.89272       13
 8.92494       13
 8.95716       13
 8.98938       13
 9.0216        13
 9.05382       13
 9.08604       13
 9.11826       13
 9.11826       14
 9.15048       14
 9.1827        14
 9.21492       14
 9.24714       15
 9.27936       15
 9.31158       15
 9.3438        15
 9.37602       16
 9.37602       16
 9.44046       16
 9.44046       16
 9.47268       17
 9.5049        17
 9.53712       18
 9.56934       18
 9.60156       18
 9.63378       19
 9.666         19
 9.69822       19
 9.69822       20
 9.76266       20
 9.79488       21
 9.8271        21
 9.85932       22
 9.89154       22
 9.92376       23
 9.95598       23
 9.9882        24
 9.9882        24
 10.02042      25
 10.05264      25
 10.08486      26
 10.11708      26
 10.1493       27
 10.18152      27
 10.21374      28
 10.24596      29
 10.27818      29
 10.27818      30
 10.3104       30
 10.34262      31
 10.37484      32
 10.40706      32
 10.43928      33
 10.4715       34
 10.50372      34
 10.53594      35
 10.53594      36
 10.56816      37
 10.60038      37
 10.6326       38
 10.66482      39
 10.69704      39
 10.72926      40
 10.76148      41
 10.7937       42
 10.7937       43
 10.82592      43
 10.85814      44
 10.89036      45
 10.92258      46
 10.9548       47
 10.98702      47
 11.01924      48
 11.05146      49
 11.08368      50
 11.08368      51
 11.1159       52
 11.14812      53
 11.18034      54
 11.21256      55
 11.24478      55
 11.277        56
 11.30922      57
 11.34144      58
 11.34144      59
 11.37366      60
 11.40588      61
 11.4381       62
 11.47032      63
 11.50254      63
 11.53476      64
 11.56698      65
 11.56698      66
 11.5992       67
 11.63142      67
 11.66364      68
 11.69586      69
 11.72808      69
 11.7603       70
 11.79252      70
 11.82474      70
 11.82474      71
 11.85696      71
 11.88918      71
 11.9214       71
 11.95362      71
 11.98584      71
 12.01806      71
 12.05028      71
 12.0825       70
 12.11472      70
 12.11472      69
 12.14694      69
 12.17916      69
 12.21138      68
 12.2436       68
 12.27582      67
 12.30804      66
 12.34026      66
 12.37248      65
 12.37248      64
 12.4047       64
 12.43692      63
 12.46914      62
 12.50136      62
 12.53358      61
 12.5658       60
 12.59802      59
 12.59802      58
 12.63024      57
 12.66246      56
 12.69468      55
 12.7269       55
 12.75912      54
 12.79134      53
 12.82356      52
 12.85578      51
 12.85578      50
 12.888        49
 12.92022      48
 12.95244      47
 13.01688      47
 13.0491       46
 13.0491       45
 13.11354      44
 13.11354      44
 13.14576      43
 13.17798      42
 13.2102       42
 13.24242      41
 13.27464      41
 13.30686      40
 13.30686      40
 13.33908      39
 13.3713       39
 13.40352      38
 13.43574      38
 13.46796      37
 13.50018      37
 13.5324       37
 13.5324       36
 13.56462      36
 13.59684      36
 13.62906      36
 13.66128      35
 13.6935       35
 13.72572      35
 13.75794      35
 13.75794      35
 13.79016      35
 13.82238      35
 13.8546       35
 13.88682      35
 13.91904      35
 13.95126      35
 13.98348      35
 13.98348      35
 14.0157       35
 14.04792      35
 14.08014      36
 14.11236      36
 14.14458      36
 14.1768       36
 14.20902      37
 14.20902      37
 14.24124      37
 14.27346      38
 14.30568      38
 14.3379       38
 14.37012      39
 14.40234      39
 14.43456      40
 14.46678      40
 14.46678      41
 14.499        41
 14.53122      42
 14.56344      42
 14.59566      43
 14.62788      43
 14.62788      44
 14.6601       45
 14.69232      45
 14.72454      46
 14.75676      46
 14.78898      47
 14.8212       48
 14.85342      48
 14.85342      49
 14.88564      50
 14.91786      50
 14.95008      51
 14.9823       52
 15.01452      53
 15.04674      53
 15.07896      54
 15.07896      55
 15.11118      56
 15.1434       57
 15.17562      57
 15.20784      58
 15.24006      59
 15.27228      60
 15.3045       61
 15.3045       62
 15.33672      63
 15.36894      64
 15.40116      65
 15.43338      66
 15.4656       67
 15.49782      68
 15.49782      69
 15.53004      70
 15.56226      71
 15.59448      72
 15.6267       73
 15.65892      74
 15.69114      75
 15.72336      76
 15.72336      77
 15.75558      78
 15.7878       79
 15.82002      80
 15.85224      82
 15.88446      83
 15.91668      84
 15.91668      85
 15.9489       86
 15.98112      87
 16.01334      89
 16.04556      90
 16.07778      91
 16.11         92
 16.11         94
 16.14222      95
 16.17444      96
 16.20666      97
 16.2711       98
 16.30332      100
 16.30332      102
 16.33554      103
 16.36776      104
 16.39998      105
 16.4322       106
 16.46442      107
 16.49664      108
 16.52886      109
 16.52886      110
 16.56108      111
 16.5933       112
 16.62552      113
 16.65774      114
 16.68996      115
 16.68996      115
 16.72218      116
 16.7544       116
 16.78662      117
 16.81884      117
 16.85106      117
 16.88328      118
 16.9155       118
 16.9155       118
 16.94772      118
 16.97994      118
 17.01216      118
 17.04438      118
 17.0766       117
 17.0766       117
 17.10882      117
 17.14104      117
 17.17326      116
 17.20548      116
 17.2377       115
 17.26992      115
 17.30214      114
 17.30214      114
 17.33436      113
 17.36658      112
 17.3988       111
 17.43102      111
 17.46324      110
 17.46324      109
 17.49546      108
 17.52768      107
 17.5599       106
 17.59212      105
 17.62434      104
 17.65656      102
 17.65656      101
 17.68878      99
 17.721        98
 17.75322      97
 17.78544      96
 17.81766      95
 17.84988      94
 17.84988      93
 17.8821       92
 17.91432      91
 17.94654      90
 17.97876      89
 18.01098      88
 18.0432       88
 18.0432       87
 18.07542      86
 18.10764      85
 18.13986      84
 18.17208      83
 18.2043       83
 18.2043       82
 18.23652      81
 18.26874      81
 18.30096      80
 18.33318      79
 18.3654       79
 18.39762      78
 18.42984      77
 18.42984      77
 18.46206      77
 18.49428      76
 18.5265       76
 18.55872      75
 18.59094      75
 18.59094      75
 18.62316      75
 18.65538      74
 18.6876       74
 18.71982      74
 18.75204      74
 18.75204      73
 18.78426      73
 18.81648      73
 18.8487       73
 18.88092      73
 18.91314      73
 18.91314      73
 18.94536      73
 18.97758      73
 19.0098       73
 19.04202      73
 19.07424      73
 19.10646      73
 19.10646      73
 19.13868      73
 19.1709       74
 19.20312      74
 19.23534      74
 19.26756      74
 19.26756      75
 19.29978      75
 19.332        75
 19.36422      75
 19.39644      76
 19.42866      76
 19.42866      76
 19.46088      77
 19.52532      77
 19.55754      77
 19.58976      78
 19.62198      78
 19.62198      79
 19.6542       79
 19.68642      80
 19.71864      80
 19.75086      81
 19.78308      81
 19.78308      82
 19.8153       83
 19.84752      83
 19.87974      84
 19.91196      85
 19.94418      86
 19.9764       86
 19.9764       87
 20.00862      88
 20.04084      89
 20.07306      90
 20.10528      91
 20.1375       91
 20.1375       92
 20.16972      93
 20.20194      94
 20.23416      95
 20.26638      96
 20.2986       97
 20.33082      98
 20.33082      99
 20.36304      101
 20.39526      102
 20.42748      103
 20.4597       104
 20.49192      106
 20.49192      107
 20.52414      108
 20.55636      109
 20.58858      110
 20.6208       112
 20.65302      113
 20.65302      114
 20.68524      115
 20.71746      117
 20.74968      118
 20.7819       119
 20.7819       120
 20.81412      122
 20.84634      123
 20.87856      124
 20.91078      126
 20.943        127
 20.943        128
 20.97522      130
 21.00744      131
 21.03966      133
 21.07188      134
 21.1041       136
 21.1041       137
 21.13632      138
 21.16854      140
 21.20076      141
 21.23298      143
 21.2652       144
 21.2652       145
 21.29742      147
 21.32964      148
 21.36186      150
 21.39408      151
 21.4263       152
 21.45852      153
 21.45852      155
 21.49074      156
 21.52296      157
 21.55518      158
 21.5874       159
 21.5874       160
 21.61962      161
 21.65184      162
 21.68406      163
 21.71628      164
 21.7485       165
 21.7485       166
 21.78072      167
 21.81294      168
 21.84516      168
 21.87738      169
 21.9096       169
 21.9096       170
 21.94182      171
 21.97404      171
 22.00626      172
 22.03848      172
 22.03848      172
 22.0707       173
 22.10292      173
 22.13514      173
 22.16736      173
 22.19958      173
 22.19958      173
 22.2318       173
 22.26402      173
 22.29624      173
 22.32846      173
 22.36068      172
 22.36068      172
 22.3929       172
 22.42512      171
 22.45734      171
 22.48956      170
 22.48956      169
 22.52178      169
 22.554        168
 22.58622      168
 22.61844      167
 22.65066      166
 22.65066      166
 22.68288      165
 22.7151       164
 22.77954      164
 22.81176      163
 22.81176      163
 22.84398      162
 22.8762       161
 22.90842      161
 22.94064      160
 22.94064      159
 22.97286      159
 23.00508      158
 23.0373       158
 23.06952      157
 23.06952      156
 23.10174      156
 23.13396      155
 23.16618      155
 23.1984       154
 23.1984       154
 23.23062      153
 23.26284      153
 23.29506      152
 23.32728      152
 23.3595       152
 23.3595       151
 23.39172      151
 23.42394      151
 23.45616      150
 23.48838      150
 23.48838      150
 23.5206       149
 23.55282      149
 23.58504      149
 23.61726      149
 23.64948      149
 23.64948      149
 23.6817       148
 23.71392      148
 23.74614      148
 23.77836      148
 23.77836      148
 23.81058      148
 23.8428       148
 23.87502      148
 23.90724      148
 23.93946      148
 23.93946      148
 23.97168      148
 24.0039       148
 24.03612      148
 24.06834      148
 24.06834      149
 24.10056      149
 24.13278      149
 24.165        149
 24.19722      149
 24.19722      150
 24.22944      150
 24.26166      150
 24.29388      150
 24.3261       151
 24.35832      151
 24.35832      151
 24.39054      152
 24.42276      152
 24.45498      152
 24.4872       153
 24.4872       153
 24.51942      154
 24.55164      154
 24.58386      155
 24.58386      156
 24.61608      156
 24.6483       157
 24.68052      158
 24.71274      159
 24.71274      160
 24.74496      161
 24.77718      162
 24.8094       163
 24.84162      165
 24.87384      169
 24.87384      178
 24.90606      185
 24.93828      192
 24.9705       198
 24.9705       203
 25.00272      208
 25.03494      211
 25.06716      215
 25.09938      218
 25.09938      220
 25.1316       223
 25.16382      224
 25.19604      226
 25.22826      228
 25.22826      229
 25.26048      230
 25.2927       231
 25.32492      232
 25.35714      233
 25.35714      233
 25.38936      234
 25.42158      234
 25.4538       235
 25.48602      235
 25.48602      235
 25.51824      235
 25.55046      235
 25.58268      235
 25.6149       235
 25.6149       236
 25.64712      236
 25.67934      236
 25.71156      236
 25.74378      237
 25.74378      237
 25.776        238
 25.80822      238
 25.84044      239
 25.87266      239
 25.87266      240
 25.90488      241
 25.9371       242
 25.96932      242
 26.00154      243
 26.03376      244
 26.06598      245
 26.0982       246
 26.0982       247
 26.13042      248
 26.16264      249
 26.19486      250
 26.22708      251
 26.2593       252
 26.2593       253
 26.29152      254
 26.32374      255
 26.35596      256
 26.35596      257
 26.38818      258
 26.4204       259
 26.45262      260
 26.48484      261
 26.48484      261
 26.51706      262
 26.54928      262
 26.5815       263
 26.61372      263
 26.61372      263
 26.64594      263
 26.67816      263
 26.71038      263
 26.7426       263
 26.7426       262
 26.77482      262
 26.80704      261
 26.83926      261
 26.83926      260
 26.87148      259
 26.9037       259
 26.93592      258
 26.96814      257
 26.96814      257
 27.00036      256
 27.03258      256
 27.0648       255
 27.09702      255
 27.09702      254
 27.12924      254
 27.16146      254
 27.19368      254
 27.19368      254
 27.2259       254
 27.25812      254
 27.29034      254
 27.32256      254
 27.32256      254
 27.35478      255
 27.387        255
 27.41922      255
 27.45144      256
 27.45144      256
 27.48366      256
 27.51588      257
 27.51588      257
 27.5481       258
 27.58032      258
 27.61254      259
 27.64476      259
 27.64476      260
 27.67698      260
 27.7092       260
 27.74142      261
 27.74142      261
 27.77364      262
 27.80586      262
 27.83808      262
 27.8703       263
 27.8703       263
 27.90252      263
 27.93474      264
 27.96696      264
 27.99918      264
 27.99918      265
 28.0314       265
 28.06362      266
 28.09584      266
 28.09584      267
 28.12806      267
 28.16028      268
 28.1925       268
 28.22472      269
 28.22472      269
 28.25694      269
 28.28916      270
 28.28916      270
 28.32138      271
 28.3536       272
 28.38582      272
