 0             0
 0             0
 0             0
 0             0
 3.222e-002    0
 9.666e-002    0
 9.666e-002    0
 9.666e-002    0
 0.1611        0
 0.1611        0
 0.19332       0
 0.22554       0
 0.22554       0
 0.28998       0
 0.3222        0
 0.3222        0
 0.35442       0
 0.38664       0
 0.38664       0
 0.45108       0
 0.45108       0
 0.4833        0
 0.54774       0
 0.54774       0
 0.57996       0
 0.61218       0
 0.61218       0
 0.67662       0
 0.67662       0
 0.70884       0
 0.74106       0
 0.77328       0
 0.77328       0
 0.83772       0
 0.83772       0
 0.86994       0
 0.93438       0
 0.93438       0
 0.9666        0
 0.99882       0
 0.99882       0
 1.06326       0
 1.06326       0
 1.09548       0
 1.1277        0
 1.15992       0
 1.15992       0
 1.22436       0
 1.22436       0
 1.25658       0
 1.32102       0
 1.32102       0
 1.35324       0
 1.38546       0
 1.41768       0
 1.4499        0
 1.48212       0
 1.48212       0
 1.54656       0
 1.54656       0
 1.57878       0
 1.611         0
 1.64322       0
 1.67544       0
 1.70766       0
 1.70766       0
 1.73988       0
 1.80432       0
 1.80432       0
 1.83654       0
 1.86876       0
 1.86876       0
 1.9332        0
 1.96542       0
 1.96542       0
 2.02986       0
 2.02986       0
 2.06208       0
 2.0943        0
 2.12652       0
 2.15874       0
 2.19096       0
 2.19096       0
 2.2554        0
 2.2554        0
 2.28762       0
 2.31984       0
 2.35206       0
 2.38428       0
 2.4165        0
 2.4165        0
 2.44872       0
 2.51316       0
 2.51316       0
 2.54538       0
 2.5776        0
 2.60982       0
 2.64204       0
 2.67426       0
 2.67426       0
 2.7387        0
 2.7387        0
 2.77092       0
 2.80314       0
 2.83536       0
 2.86758       0
 2.8998        0
 2.8998        0
 2.96424       0
 2.99646       0
 2.99646       0
 3.0609        0
 3.0609        0
 3.09312       0
 3.12534       0
 3.15756       0
 3.18978       0
 3.25422       0
 3.25422       0
 3.28644       0
 3.31866       0
 3.35088       0
 3.3831        0
 3.41532       0
 3.41532       0
 3.47976       0
 3.47976       1
 3.51198       1
 3.5442        1
 3.57642       1
 3.60864       1
 3.64086       1
 3.67308       1
 3.7053        2
 3.73752       2
 3.73752       2
 3.76974       2
 3.80196       2
 3.83418       3
 3.8664        3
 3.89862       3
 3.93084       3
 3.96306       3
 3.99528       3
 3.99528       4
 4.05972       4
 4.05972       4
 4.09194       5
 4.12416       5
 4.15638       5
 4.1886        5
 4.22082       6
 4.25304       6
 4.28526       6
 4.28526       6
 4.31748       7
 4.38192       7
 4.38192       7
 4.41414       8
 4.44636       8
 4.47858       9
 4.5108        9
 4.54302       9
 4.57524       10
 4.60746       10
 4.60746       10
 4.63968       11
 4.70412       11
 4.70412       12
 4.73634       12
 4.76856       13
 4.80078       13
 4.833         14
 4.86522       14
 4.89744       15
 4.92966       15
 4.92966       16
 4.96188       16
 4.9941        17
 5.02632       18
 5.05854       18
 5.09076       19
 5.12298       19
 5.1552        20
 5.18742       20
 5.21964       21
 5.25186       22
 5.25186       22
 5.28408       23
 5.3163        24
 5.34852       25
 5.38074       25
 5.41296       26
 5.44518       27
 5.4774        28
 5.50962       28
 5.54184       29
 5.57406       30
 5.57406       31
 5.60628       32
 5.6385        32
 5.67072       33
 5.70294       34
 5.73516       35
 5.76738       36
 5.7996        37
 5.83182       38
 5.86404       39
 5.89626       40
 5.89626       41
 5.92848       42
 5.9607        43
 5.99292       44
 6.02514       45
 6.05736       46
 6.08958       47
 6.1218        49
 6.15402       50
 6.18624       51
 6.21846       52
 6.21846       53
 6.25068       54
 6.2829        55
 6.31512       56
 6.34734       58
 6.37956       59
 6.41178       60
 6.444         61
 6.50844       62
 6.50844       64
 6.54066       65
 6.57288       66
 6.6051        67
 6.63732       68
 6.66954       69
 6.70176       70
 6.73398       71
 6.7662        71
 6.79842       72
 6.83064       73
 6.83064       73
 6.86286       74
 6.89508       74
 6.9273        74
 6.95952       74
 6.99174       74
 7.02396       74
 7.05618       74
 7.0884        73
 7.12062       73
 7.15284       72
 7.15284       71
 7.18506       71
 7.21728       70
 7.2495        69
 7.28172       68
 7.31394       67
 7.34616       66
 7.37838       65
 7.4106        64
 7.44282       63
 7.47504       62
 7.47504       60
 7.50726       59
 7.53948       58
 7.5717        57
 7.60392       56
 7.63614       55
 7.66836       53
 7.70058       52
 7.7328        51
 7.76502       50
 7.79724       49
 7.79724       47
 7.82946       46
 7.86168       45
 7.8939        44
 7.92612       43
 7.95834       42
 7.99056       41
 8.02278       40
 8.055         39
 8.08722       39
 8.11944       38
 8.11944       37
 8.15166       36
 8.18388       36
 8.2161        35
 8.24832       35
 8.28054       34
 8.31276       34
 8.34498       33
 8.3772        33
 8.3772        32
 8.40942       32
 8.44164       32
 8.47386       32
 8.50608       32
 8.5383        31
 8.57052       31
 8.60274       31
 8.63496       31
 8.66718       31
 8.6994        32
 8.6994        32
 8.73162       32
 8.76384       32
 8.79606       32
 8.82828       33
 8.8605        33
 8.89272       33
 8.92494       34
 8.95716       34
 8.98938       35
 9.0216        35
 9.0216        36
 9.05382       36
 9.08604       37
 9.11826       37
 9.15048       38
 9.1827        39
 9.21492       40
 9.24714       40
 9.27936       41
 9.31158       42
 9.3438        43
 9.3438        44
 9.37602       45
 9.40824       46
 9.44046       46
 9.47268       48
 9.5049        49
 9.53712       50
 9.56934       51
 9.60156       52
 9.60156       53
 9.63378       54
 9.666         55
 9.69822       56
 9.76266       58
 9.79488       59
 9.8271        60
 9.85932       61
 9.85932       63
 9.89154       64
 9.92376       65
 9.95598       67
 9.9882        68
 10.02042      70
 10.05264      71
 10.08486      73
 10.11708      74
 10.1493       76
 10.18152      77
 10.18152      78
 10.21374      80
 10.24596      82
 10.27818      83
 10.3104       85
 10.34262      87
 10.37484      88
 10.40706      90
 10.43928      92
 10.43928      93
 10.4715       95
 10.50372      97
 10.53594      99
 10.56816      101
 10.60038      103
 10.6326       105
 10.66482      107
 10.69704      109
 10.69704      111
 10.72926      113
 10.76148      115
 10.7937       117
 10.82592      119
 10.85814      121
 10.89036      123
 10.92258      125
 10.9548       127
 10.98702      129
 10.98702      131
 11.01924      133
 11.05146      135
 11.08368      137
 11.1159       140
 11.14812      142
 11.18034      144
 11.21256      146
 11.24478      148
 11.277        150
 11.30922      153
 11.30922      154
 11.34144      157
 11.37366      159
 11.40588      161
 11.4381       163
 11.47032      164
 11.50254      166
 11.53476      168
 11.56698      169
 11.56698      171
 11.5992       172
 11.63142      173
 11.66364      174
 11.69586      175
 11.72808      175
 11.7603       176
 11.79252      176
 11.79252      176
 11.82474      175
 11.85696      175
 11.88918      174
 11.9214       173
 11.95362      172
 11.98584      171
 12.01806      170
 12.05028      168
 12.05028      166
 12.0825       165
 12.11472      163
 12.14694      161
 12.17916      159
 12.21138      157
 12.2436       155
 12.27582      152
 12.30804      150
 12.34026      148
 12.34026      145
 12.37248      143
 12.4047       141
 12.43692      138
 12.46914      136
 12.50136      134
 12.53358      131
 12.53358      129
 12.5658       126
 12.59802      123
 12.63024      121
 12.66246      118
 12.69468      116
 12.7269       114
 12.75912      111
 12.79134      109
 12.82356      107
 12.82356      105
 12.85578      103
 12.888        101
 12.92022      98
 12.95244      97
 13.01688      95
 13.0491       93
 13.0491       92
 13.08132      90
 13.11354      89
 13.14576      88
 13.17798      86
 13.2102       85
 13.24242      84
 13.27464      83
 13.27464      82
 13.30686      81
 13.33908      80
 13.3713       79
 13.40352      79
 13.43574      78
 13.46796      78
 13.50018      77
 13.50018      77
 13.5324       76
 13.56462      76
 13.59684      76
 13.62906      76
 13.66128      76
 13.6935       76
 13.72572      76
 13.75794      76
 13.75794      76
 13.79016      76
 13.82238      77
 13.8546       77
 13.88682      77
 13.91904      78
 13.95126      78
 13.98348      79
 13.98348      80
 14.0157       80
 14.04792      81
 14.08014      82
 14.11236      83
 14.14458      83
 14.1768       85
 14.20902      85
 14.20902      86
 14.24124      88
 14.27346      89
 14.30568      90
 14.3379       91
 14.37012      92
 14.40234      93
 14.43456      95
 14.43456      96
 14.46678      98
 14.499        99
 14.53122      101
 14.56344      103
 14.59566      104
 14.62788      106
 14.6601       107
 14.6601       109
 14.69232      111
 14.72454      112
 14.75676      114
 14.78898      116
 14.8212       118
 14.85342      119
 14.85342      121
 14.88564      123
 14.91786      125
 14.95008      127
 14.9823       129
 15.01452      131
 15.04674      133
 15.07896      135
 15.07896      137
 15.11118      139
 15.1434       141
 15.17562      144
 15.20784      146
 15.24006      148
 15.27228      150
 15.3045       152
 15.3045       154
 15.33672      157
 15.36894      159
 15.40116      162
 15.43338      164
 15.4656       167
 15.49782      169
 15.53004      172
 15.53004      174
 15.56226      177
 15.59448      180
 15.6267       182
 15.65892      185
 15.69114      187
 15.72336      190
 15.72336      193
 15.75558      196
 15.7878       198
 15.82002      202
 15.85224      205
 15.88446      207
 15.91668      210
 15.91668      213
 15.9489       216
 15.98112      219
 16.01334      221
 16.04556      224
 16.07778      227
 16.11         230
 16.14222      233
 16.14222      236
 16.17444      238
 16.20666      241
 16.2711       244
 16.30332      247
 16.33554      249
 16.33554      251
 16.36776      254
 16.39998      256
 16.4322       258
 16.46442      261
 16.49664      263
 16.52886      265
 16.56108      267
 16.56108      270
 16.5933       272
 16.62552      273
 16.65774      273
 16.68996      274
 16.72218      275
 16.72218      275
 16.7544       275
 16.78662      275
 16.81884      275
 16.85106      275
 16.88328      275
 16.9155       274
 16.94772      274
 16.94772      273
 16.97994      272
 17.01216      271
 17.04438      269
 17.0766       268
 17.10882      267
 17.10882      265
 17.14104      264
 17.17326      262
 17.20548      260
 17.2377       258
 17.26992      255
 17.30214      253
 17.33436      251
 17.33436      248
 17.36658      245
 17.3988       242
 17.43102      239
 17.46324      236
 17.49546      233
 17.49546      230
 17.52768      227
 17.5599       224
 17.59212      221
 17.62434      218
 17.65656      215
 17.68878      212
 17.721        209
 17.721        206
 17.75322      203
 17.78544      200
 17.81766      197
 17.84988      195
 17.8821       192
 17.8821       190
 17.91432      188
 17.94654      185
 17.97876      183
 18.01098      181
 18.0432       179
 18.07542      177
 18.10764      175
 18.10764      174
 18.13986      171
 18.17208      168
 18.2043       166
 18.23652      165
 18.26874      163
 18.26874      162
 18.30096      161
 18.33318      160
 18.3654       159
 18.39762      158
 18.42984      157
 18.42984      156
 18.46206      156
 18.49428      155
 18.5265       154
 18.55872      154
 18.59094      153
 18.62316      153
 18.62316      152
 18.65538      152
 18.6876       152
 18.71982      151
 18.75204      151
 18.78426      151
 18.81648      151
 18.81648      151
 18.8487       151
 18.88092      151
 18.91314      152
 18.94536      152
 18.97758      152
 18.97758      153
 19.0098       153
 19.04202      153
 19.07424      154
 19.10646      154
 19.13868      155
 19.1709       156
 19.1709       156
 19.20312      157
 19.23534      158
 19.26756      158
 19.29978      159
 19.332        160
 19.332        161
 19.36422      162
 19.39644      163
 19.42866      164
 19.46088      165
 19.52532      166
 19.52532      168
 19.55754      169
 19.58976      170
 19.62198      171
 19.6542       173
 19.68642      174
 19.68642      176
 19.71864      177
 19.75086      179
 19.78308      181
 19.8153       182
 19.84752      184
 19.84752      186
 19.87974      188
 19.91196      190
 19.94418      191
 19.9764       193
 20.00862      195
 20.04084      197
 20.04084      199
 20.07306      202
 20.10528      205
 20.1375       207
 20.16972      209
 20.20194      211
 20.20194      214
 20.23416      216
 20.26638      218
 20.2986       221
 20.33082      223
 20.36304      226
 20.36304      228
 20.39526      231
 20.42748      233
 20.4597       236
 20.49192      238
 20.52414      241
 20.52414      244
 20.55636      246
 20.58858      249
 20.6208       252
 20.65302      255
 20.68524      257
 20.71746      260
 20.71746      263
 20.74968      266
 20.7819       269
 20.81412      272
 20.84634      275
 20.84634      278
 20.87856      280
 20.91078      284
 20.943        286
 20.97522      289
 21.00744      293
 21.00744      295
 21.03966      298
 21.07188      301
 21.1041       305
 21.13632      308
 21.16854      311
 21.16854      314
 21.20076      317
 21.23298      319
 21.2652       322
 21.29742      325
 21.32964      327
 21.32964      330
 21.36186      333
 21.39408      335
 21.4263       337
 21.45852      340
 21.49074      342
 21.49074      344
 21.52296      346
 21.55518      348
 21.5874       350
 21.61962      351
 21.65184      353
 21.65184      355
 21.68406      356
 21.71628      357
 21.7485       359
 21.78072      359
 21.81294      361
 21.81294      362
 21.84516      362
 21.87738      363
 21.9096       364
 21.94182      364
 21.94182      364
 21.97404      365
 22.00626      365
 22.03848      365
 22.0707       364
 22.10292      364
 22.10292      364
 22.13514      363
 22.16736      362
 22.19958      361
 22.2318       360
 22.26402      359
 22.26402      358
 22.29624      356
 22.32846      355
 22.36068      353
 22.3929       352
 22.42512      350
 22.42512      348
 22.45734      346
 22.48956      344
 22.52178      342
 22.554        340
 22.58622      338
 22.58622      336
 22.61844      334
 22.65066      332
 22.68288      330
 22.7151       328
 22.74732      326
 22.77954      324
 22.81176      322
 22.84398      319
 22.8762       317
 22.8762       315
 22.90842      313
 22.94064      311
 22.97286      309
 23.00508      307
 23.00508      305
 23.0373       303
 23.06952      301
 23.10174      299
 23.13396      297
 23.13396      296
 23.16618      294
 23.1984       293
 23.23062      292
 23.26284      291
 23.29506      289
 23.29506      288
 23.32728      287
 23.3595       285
 23.39172      284
 23.42394      283
 23.42394      282
 23.45616      281
 23.48838      280
 23.5206       279
 23.55282      278
 23.58504      277
 23.58504      276
 23.61726      275
 23.64948      274
 23.6817       274
 23.71392      273
 23.71392      273
 23.74614      272
 23.77836      272
 23.81058      272
 23.8428       271
 23.87502      270
 23.87502      269
 23.90724      267
 23.93946      265
 23.97168      264
 24.0039       263
 24.0039       263
 24.03612      263
 24.06834      263
 24.10056      263
 24.13278      263
 24.165        263
 24.165        264
 24.19722      264
 24.22944      265
 24.26166      265
 24.29388      266
 24.29388      266
 24.3261       267
 24.35832      267
 24.39054      268
 24.42276      269
 24.42276      269
 24.45498      270
 24.4872       271
 24.51942      272
 24.55164      272
 24.55164      274
 24.58386      274
 24.61608      275
 24.6483       277
 24.68052      278
 24.68052      279
 24.71274      280
 24.74496      281
 24.77718      282
 24.8094       284
 24.8094       285
 24.84162      287
 24.87384      288
 24.90606      290
 24.93828      291
 24.9705       293
 24.9705       295
 25.00272      296
 25.03494      298
 25.06716      300
 25.09938      303
 25.09938      305
 25.1316       307
 25.16382      309
 25.19604      311
 25.19604      313
 25.22826      315
 25.26048      317
 25.2927       320
 25.32492      322
 25.32492      324
 25.35714      327
 25.38936      329
 25.42158      331
 25.4538       334
 25.4538       336
 25.48602      338
 25.51824      341
 25.55046      343
 25.58268      346
 25.6149       348
 25.6149       351
 25.64712      354
 25.67934      356
 25.71156      359
 25.71156      362
 25.74378      364
 25.776        367
 25.80822      370
 25.84044      373
 25.84044      376
 25.87266      379
 25.90488      381
 25.9371       384
 25.96932      387
 25.96932      390
 26.03376      393
 26.06598      395
 26.0982       398
 26.13042      401
 26.13042      405
 26.16264      407
 26.19486      410
 26.22708      413
 26.22708      416
 26.2593       418
 26.29152      421
 26.32374      424
 26.35596      426
 26.35596      429
 26.38818      432
 26.4204       434
 26.45262      437
 26.48484      439
 26.48484      442
 26.51706      444
 26.54928      446
 26.5815       449
 26.5815       451
 26.61372      453
 26.64594      455
 26.67816      458
 26.71038      460
 26.71038      462
 26.7426       464
 26.77482      466
 26.80704      468
 26.83926      470
 26.83926      471
 26.87148      473
 26.9037       475
 26.93592      476
 26.96814      478
 26.96814      479
 27.00036      480
 27.03258      482
 27.0648       483
 27.0648       484
 27.09702      485
 27.12924      486
 27.16146      487
 27.19368      488
 27.19368      488
 27.2259       489
 27.25812      490
 27.29034      490
 27.32256      491
 27.32256      491
 27.35478      491
 27.387        492
 27.41922      492
 27.45144      492
 27.45144      492
 27.48366      492
 27.51588      493
 27.5481       493
 27.5481       492
 27.58032      492
 27.61254      492
 27.64476      492
 27.67698      492
 27.67698      491
 27.7092       491
 27.74142      491
 27.77364      490
 27.77364      490
 27.80586      489
 27.83808      489
 27.8703       488
 27.90252      488
 27.90252      487
 27.93474      487
 27.96696      486
 27.99918      486
 27.99918      485
 28.0314       485
 28.06362      484
 28.09584      484
 28.12806      483
 28.12806      483
 28.16028      482
 28.1925       482
 28.22472      481
 28.25694      481
 28.25694      480
 28.28916      480
 28.32138      479
 28.3536       479
 28.3536       479
 28.38582      478
 28.41804      478
 28.45026      477
