 0             0
 0             0
 0             0
 3.222e-002    0
 3.222e-002    0
 6.444e-002    0
 0.12888       0
 0.12888       0
 0.1611        0
 0.19332       0
 0.19332       0
 0.22554       0
 0.25776       0
 0.25776       0
 0.3222        0
 0.35442       0
 0.35442       0
 0.41886       0
 0.41886       0
 0.45108       0
 0.4833        0
 0.4833        0
 0.54774       0
 0.57996       0
 0.57996       0
 0.6444        0
 0.6444        0
 0.67662       0
 0.70884       0
 0.74106       0
 0.74106       0
 0.8055        0
 0.8055        0
 0.83772       0
 0.86994       0
 0.90216       0
 0.93438       0
 0.9666        0
 0.9666        0
 1.03104       0
 1.03104       0
 1.06326       0
 1.1277        0
 1.1277        0
 1.15992       0
 1.19214       0
 1.22436       0
 1.25658       0
 1.2888        0
 1.2888        0
 1.35324       0
 1.35324       0
 1.38546       0
 1.41768       0
 1.4499        0
 1.48212       0
 1.51434       0
 1.51434       0
 1.54656       0
 1.611         0
 1.611         0
 1.64322       0
 1.67544       0
 1.70766       0
 1.73988       0
 1.7721        0
 1.7721        0
 1.83654       0
 1.83654       0
 1.86876       0
 1.9332        0
 1.9332        0
 1.96542       0
 1.99764       0
 1.99764       0
 2.06208       0
 2.0943        0
 2.0943        0
 2.15874       0
 2.15874       0
 2.19096       0
 2.22318       0
 2.2554        0
 2.28762       0
 2.31984       0
 2.31984       0
 2.38428       0
 2.38428       0
 2.4165        0
 2.44872       0
 2.48094       0
 2.51316       0
 2.54538       0
 2.5776        0
 2.60982       0
 2.64204       1
 2.64204       1
 2.67426       1
 2.70648       1
 2.7387        2
 2.77092       2
 2.80314       2
 2.83536       2
 2.86758       2
 2.8998        1
 2.8998        2
 2.96424       1
 2.96424       1
 2.99646       2
 3.02868       1
 3.0609        2
 3.09312       2
 3.12534       2
 3.12534       2
 3.18978       2
 3.18978       2
 3.25422       2
 3.28644       2
 3.31866       2
 3.35088       2
 3.3831        2
 3.41532       3
 3.41532       3
 3.47976       3
 3.47976       3
 3.51198       3
 3.5442        3
 3.57642       4
 3.60864       4
 3.64086       4
 3.67308       4
 3.7053        4
 3.73752       4
 3.73752       5
 3.80196       5
 3.80196       5
 3.83418       5
 3.8664        6
 3.89862       6
 3.93084       6
 3.96306       6
 3.99528       7
 4.0275        7
 4.0275        7
 4.05972       7
 4.12416       8
 4.12416       8
 4.15638       8
 4.1886        8
 4.22082       9
 4.25304       9
 4.28526       9
 4.31748       10
 4.3497        10
 4.38192       10
 4.38192       11
 4.44636       11
 4.44636       12
 4.47858       12
 4.5108        12
 4.54302       13
 4.57524       13
 4.60746       14
 4.63968       14
 4.6719        14
 4.70412       15
 4.70412       15
 4.76856       16
 4.76856       16
 4.80078       17
 4.833         17
 4.86522       18
 4.89744       18
 4.92966       19
 4.96188       19
 4.9941        20
 5.02632       20
 5.02632       21
 5.09076       21
 5.09076       22
 5.12298       22
 5.1552        23
 5.18742       24
 5.21964       24
 5.25186       25
 5.28408       25
 5.3163        26
 5.34852       27
 5.34852       27
 5.41296       28
 5.41296       29
 5.44518       29
 5.4774        30
 5.50962       31
 5.54184       31
 5.57406       32
 5.60628       33
 5.6385        34
 5.67072       34
 5.70294       35
 5.73516       36
 5.76738       37
 5.76738       38
 5.83182       39
 5.83182       39
 5.86404       40
 5.89626       41
 5.92848       42
 5.9607        43
 5.99292       43
 6.02514       44
 6.05736       45
 6.08958       46
 6.08958       47
 6.15402       48
 6.15402       49
 6.18624       50
 6.21846       51
 6.25068       52
 6.2829        53
 6.31512       54
 6.34734       55
 6.37956       55
 6.41178       56
 6.41178       57
 6.47622       58
 6.50844       59
 6.54066       60
 6.57288       60
 6.6051        61
 6.63732       62
 6.66954       62
 6.70176       63
 6.73398       63
 6.7662        64
 6.7662        64
 6.79842       64
 6.83064       64
 6.86286       64
 6.89508       64
 6.9273        63
 6.95952       63
 6.99174       62
 7.02396       61
 7.05618       61
 7.0884        60
 7.12062       59
 7.12062       58
 7.15284       57
 7.18506       56
 7.21728       55
 7.2495        54
 7.28172       53
 7.31394       52
 7.34616       50
 7.37838       49
 7.4106        48
 7.44282       47
 7.44282       46
 7.47504       45
 7.50726       43
 7.53948       42
 7.5717        41
 7.60392       40
 7.63614       39
 7.66836       38
 7.70058       37
 7.7328        36
 7.76502       35
 7.76502       34
 7.82946       33
 7.82946       32
 7.86168       31
 7.8939        31
 7.92612       30
 7.95834       29
 7.99056       28
 8.02278       28
 8.055         27
 8.08722       27
 8.08722       26
 8.15166       26
 8.15166       25
 8.18388       25
 8.2161        25
 8.24832       24
 8.28054       24
 8.31276       24
 8.34498       24
 8.3772        24
 8.40942       23
 8.40942       23
 8.47386       23
 8.47386       23
 8.50608       24
 8.5383        24
 8.57052       24
 8.60274       24
 8.63496       24
 8.66718       24
 8.6994        24
 8.73162       25
 8.73162       25
 8.79606       25
 8.79606       26
 8.82828       26
 8.8605        26
 8.89272       27
 8.92494       27
 8.95716       28
 8.98938       28
 9.0216        29
 9.05382       29
 9.05382       30
 9.11826       30
 9.11826       31
 9.15048       31
 9.1827        32
 9.21492       32
 9.24714       33
 9.27936       33
 9.31158       34
 9.3438        35
 9.37602       35
 9.37602       36
 9.40824       37
 9.44046       38
 9.47268       39
 9.5049        40
 9.53712       40
 9.56934       41
 9.60156       42
 9.63378       43
 9.666         44
 9.69822       45
 9.69822       46
 9.76266       47
 9.79488       48
 9.8271        49
 9.85932       50
 9.89154       51
 9.92376       52
 9.95598       53
 9.9882        54
 10.02042      55
 10.02042      56
 10.05264      57
 10.08486      58
 10.11708      59
 10.1493       60
 10.18152      61
 10.21374      62
 10.24596      64
 10.27818      65
 10.3104       66
 10.34262      67
 10.34262      68
 10.37484      69
 10.40706      71
 10.43928      72
 10.4715       73
 10.50372      74
 10.53594      75
 10.56816      77
 10.60038      78
 10.60038      79
 10.6326       81
 10.66482      82
 10.69704      83
 10.72926      85
 10.76148      86
 10.7937       87
 10.82592      89
 10.85814      90
 10.89036      91
 10.89036      93
 10.92258      94
 10.9548       95
 10.98702      97
 11.01924      98
 11.05146      100
 11.08368      102
 11.1159       103
 11.14812      105
 11.18034      106
 11.18034      107
 11.21256      109
 11.24478      110
 11.277        111
 11.30922      113
 11.34144      114
 11.37366      115
 11.40588      116
 11.4381       117
 11.47032      118
 11.47032      119
 11.50254      120
 11.53476      121
 11.56698      122
 11.5992       122
 11.63142      122
 11.66364      123
 11.69586      123
 11.72808      123
 11.72808      123
 11.7603       122
 11.79252      122
 11.82474      121
 11.85696      120
 11.88918      120
 11.9214       119
 11.95362      117
 11.98584      116
 11.98584      115
 12.01806      113
 12.05028      112
 12.0825       110
 12.11472      109
 12.14694      107
 12.17916      105
 12.21138      103
 12.2436       102
 12.27582      99
 12.27582      97
 12.30804      95
 12.34026      93
 12.37248      91
 12.4047       89
 12.43692      87
 12.46914      84
 12.50136      82
 12.53358      80
 12.53358      78
 12.5658       76
 12.59802      74
 12.63024      72
 12.66246      71
 12.69468      69
 12.7269       67
 12.75912      66
 12.75912      64
 12.79134      63
 12.82356      61
 12.85578      60
 12.888        59
 12.92022      58
 12.95244      57
 13.01688      56
 13.01688      55
 13.0491       54
 13.08132      53
 13.11354      52
 13.14576      51
 13.17798      51
 13.2102       50
 13.24242      49
 13.27464      49
 13.27464      48
 13.30686      48
 13.33908      48
 13.3713       47
 13.40352      47
 13.43574      47
 13.46796      47
 13.50018      47
 13.5324       47
 13.5324       47
 13.56462      47
 13.59684      47
 13.62906      47
 13.66128      47
 13.6935       47
 13.72572      48
 13.75794      48
 13.75794      48
 13.79016      48
 13.82238      49
 13.8546       49
 13.88682      50
 13.91904      50
 13.95126      51
 13.98348      51
 13.98348      52
 14.0157       53
 14.04792      53
 14.08014      54
 14.11236      54
 14.14458      55
 14.1768       56
 14.20902      57
 14.24124      57
 14.24124      58
 14.27346      59
 14.30568      60
 14.3379       61
 14.37012      62
 14.40234      63
 14.43456      64
 14.46678      65
 14.46678      66
 14.499        67
 14.53122      68
 14.56344      69
 14.59566      70
 14.62788      71
 14.6601       72
 14.69232      73
 14.69232      74
 14.72454      75
 14.75676      77
 14.78898      78
 14.8212       79
 14.85342      80
 14.88564      81
 14.91786      83
 14.91786      84
 14.95008      85
 14.9823       86
 15.01452      88
 15.04674      89
 15.07896      90
 15.11118      92
 15.11118      93
 15.1434       94
 15.17562      96
 15.20784      97
 15.24006      99
 15.27228      101
 15.3045       102
 15.33672      104
 15.33672      105
 15.36894      107
 15.40116      108
 15.43338      110
 15.4656       111
 15.49782      113
 15.53004      114
 15.56226      116
 15.56226      117
 15.59448      119
 15.6267       120
 15.65892      122
 15.69114      124
 15.72336      125
 15.75558      127
 15.7878       128
 15.7878       130
 15.82002      132
 15.85224      133
 15.88446      135
 15.91668      137
 15.9489       138
 15.98112      140
 16.01334      142
 16.01334      143
 16.04556      145
 16.07778      147
 16.11         148
 16.14222      150
 16.17444      151
 16.20666      153
 16.23888      154
 16.2711       156
 16.30332      157
 16.33554      158
 16.36776      159
 16.39998      161
 16.4322       162
 16.4322       163
 16.46442      164
 16.49664      165
 16.52886      165
 16.56108      166
 16.5933       167
 16.62552      167
 16.62552      168
 16.65774      168
 16.68996      168
 16.72218      169
 16.7544       169
 16.78662      169
 16.81884      168
 16.81884      168
 16.85106      168
 16.88328      168
 16.9155       167
 16.94772      166
 16.97994      166
 17.01216      165
 17.04438      164
 17.04438      163
 17.0766       162
 17.10882      161
 17.14104      160
 17.17326      158
 17.20548      157
 17.20548      155
 17.2377       153
 17.26992      151
 17.30214      149
 17.33436      147
 17.36658      145
 17.3988       143
 17.43102      141
 17.43102      139
 17.46324      136
 17.49546      134
 17.52768      132
 17.5599       130
 17.59212      128
 17.59212      126
 17.62434      123
 17.65656      121
 17.68878      119
 17.721        117
 17.75322      115
 17.78544      114
 17.81766      112
 17.81766      110
 17.84988      108
 17.8821       107
 17.91432      105
 17.94654      104
 17.97876      102
 17.97876      101
 18.01098      99
 18.0432       98
 18.07542      97
 18.10764      96
 18.13986      95
 18.17208      94
 18.2043       93
 18.2043       92
 18.23652      91
 18.26874      90
 18.30096      90
 18.33318      89
 18.3654       89
 18.39762      88
 18.39762      88
 18.42984      87
 18.46206      87
 18.49428      86
 18.5265       86
 18.55872      86
 18.59094      86
 18.59094      86
 18.62316      86
 18.65538      85
 18.6876       85
 18.71982      85
 18.75204      85
 18.75204      86
 18.78426      86
 18.81648      86
 18.8487       86
 18.88092      86
 18.91314      87
 18.94536      87
 18.94536      87
 18.97758      88
 19.0098       88
 19.04202      89
 19.07424      89
 19.10646      90
 19.10646      90
 19.13868      91
 19.1709       91
 19.20312      92
 19.23534      92
 19.26756      93
 19.29978      94
 19.332        94
 19.332        95
 19.36422      96
 19.39644      96
 19.42866      97
 19.46088      98
 19.4931       99
 19.52532      101
 19.55754      102
 19.58976      102
 19.62198      103
 19.6542       104
 19.6542       105
 19.68642      106
 19.71864      108
 19.75086      109
 19.78308      110
 19.8153       111
 19.8153       112
 19.84752      113
 19.87974      114
 19.91196      116
 19.94418      117
 19.9764       118
 20.00862      119
 20.04084      121
 20.04084      122
 20.07306      123
 20.10528      125
 20.1375       126
 20.16972      128
 20.20194      129
 20.20194      130
 20.23416      132
 20.26638      133
 20.2986       135
 20.33082      136
 20.36304      138
 20.36304      139
 20.39526      141
 20.42748      142
 20.4597       144
 20.49192      145
 20.52414      147
 20.52414      149
 20.55636      150
 20.58858      152
 20.6208       153
 20.65302      155
 20.68524      156
 20.71746      158
 20.71746      160
 20.74968      161
 20.7819       163
 20.81412      165
 20.84634      166
 20.84634      168
 20.87856      170
 20.91078      171
 20.943        173
 20.97522      174
 21.00744      176
 21.00744      178
 21.03966      179
 21.07188      181
 21.1041       182
 21.13632      184
 21.16854      186
 21.16854      187
 21.20076      189
 21.23298      190
 21.2652       191
 21.29742      193
 21.32964      194
 21.32964      195
 21.36186      197
 21.39408      198
 21.4263       199
 21.45852      200
 21.49074      202
 21.49074      203
 21.52296      204
 21.55518      205
 21.5874       206
 21.61962      206
 21.65184      207
 21.65184      208
 21.68406      209
 21.71628      209
 21.7485       210
 21.78072      210
 21.81294      211
 21.84516      211
 21.84516      211
 21.87738      211
 21.9096       212
 21.94182      212
 21.97404      212
 21.97404      212
 22.00626      211
 22.03848      211
 22.0707       211
 22.10292      210
 22.13514      210
 22.13514      209
 22.16736      209
 22.19958      208
 22.2318       207
 22.26402      206
 22.29624      206
 22.29624      205
 22.32846      204
 22.36068      203
 22.3929       201
 22.42512      200
 22.45734      198
 22.45734      197
 22.48956      196
 22.52178      195
 22.554        193
 22.58622      192
 22.58622      191
 22.61844      189
 22.65066      188
 22.68288      186
 22.7151       184
 22.77954      183
 22.77954      181
 22.81176      180
 22.84398      178
 22.8762       177
 22.90842      176
 22.90842      174
 22.94064      173
 22.97286      171
 23.00508      170
 23.0373       169
 23.0373       168
 23.06952      166
 23.10174      165
 23.13396      164
 23.16618      163
 23.1984       162
 23.1984       161
 23.23062      160
 23.26284      159
 23.29506      158
 23.32728      157
 23.32728      156
 23.3595       155
 23.39172      155
 23.42394      154
 23.45616      153
 23.48838      153
 23.48838      152
 23.5206       151
 23.55282      151
 23.58504      150
 23.61726      150
 23.61726      149
 23.64948      149
 23.6817       148
 23.71392      148
 23.74614      148
 23.77836      148
 23.77836      147
 23.81058      147
 23.8428       147
 23.87502      147
 23.90724      146
 23.93946      146
 23.93946      146
 23.97168      146
 24.0039       146
 24.03612      146
 24.03612      146
 24.06834      146
 24.10056      146
 24.13278      146
 24.165        146
 24.165        146
 24.19722      146
 24.22944      146
 24.26166      146
 24.29388      147
 24.3261       147
 24.3261       147
 24.35832      148
 24.39054      148
 24.42276      148
 24.45498      149
 24.45498      149
 24.4872       150
 24.51942      150
 24.55164      151
 24.58386      151
 24.58386      152
 24.61608      152
 24.6483       153
 24.68052      153
 24.71274      154
 24.74496      155
 24.74496      156
 24.77718      157
 24.8094       157
 24.84162      158
 24.87384      159
 24.87384      160
 24.90606      161
 24.93828      162
 24.9705       163
 24.9705       164
 25.00272      165
 25.03494      166
 25.06716      167
 25.09938      168
 25.1316       169
 25.1316       170
 25.16382      171
 25.19604      173
 25.22826      174
 25.26048      175
 25.26048      176
 25.2927       177
 25.32492      179
 25.35714      180
 25.38936      182
 25.38936      183
 25.42158      184
 25.4538       185
 25.48602      187
 25.51824      189
 25.51824      188
 25.55046      187
 25.58268      187
 25.6149       187
 25.64712      188
 25.64712      188
 25.67934      190
 25.71156      191
 25.74378      192
 25.776        194
 25.80822      195
 25.80822      197
 25.84044      199
 25.87266      200
 25.90488      203
 25.90488      204
 25.9371       206
 25.96932      208
 26.03376      209
 26.06598      211
 26.06598      213
 26.0982       214
 26.13042      216
 26.16264      217
 26.19486      219
 26.19486      220
 26.22708      222
 26.2593       223
 26.29152      224
 26.32374      226
 26.32374      227
 26.35596      228
 26.38818      230
 26.4204       231
 26.4204       232
 26.45262      234
 26.48484      235
 26.51706      236
 26.54928      237
 26.54928      238
 26.5815       239
 26.61372      240
 26.64594      241
 26.67816      243
 26.67816      243
 26.71038      244
 26.7426       245
 26.77482      246
 26.80704      247
 26.80704      248
 26.83926      248
 26.87148      249
 26.9037       250
 26.93592      250
 26.93592      251
 26.96814      252
 27.00036      252
 27.03258      253
 27.03258      253
 27.0648       253
 27.09702      254
 27.12924      254
 27.16146      254
 27.19368      255
 27.19368      255
 27.2259       255
 27.25812      255
 27.29034      255
 27.29034      255
 27.32256      255
 27.35478      255
 27.387        255
 27.387        255
 27.41922      255
 27.45144      255
 27.48366      255
 27.51588      255
 27.51588      255
 27.5481       254
 27.58032      254
 27.61254      254
 27.61254      253
 27.64476      253
 27.67698      253
 27.7092       252
 27.74142      252
 27.74142      252
 27.77364      251
 27.80586      251
 27.83808      250
 27.8703       250
 27.8703       250
 27.90252      249
 27.93474      249
 27.96696      248
 27.96696      247
 27.99918      247
 28.0314       246
 28.06362      246
 28.09584      245
 28.09584      245
 28.12806      244
 28.16028      244
 28.1925       243
 28.22472      243
 28.22472      242
 28.25694      241
 28.28916      241
 28.32138      240
 28.32138      240
 28.3536       239
 28.38582      239
 28.41804      238
 28.41804      238
 28.45026      237
 28.48248      237
 28.5147       236
 28.5147       236
 28.54692      235
 28.57914      235
