 0             0
 0             0
 0             0
 0             0
 0             0
 0             0
 0             0
 0             0
 0             0
 3.222e-002    0
 3.222e-002    0
 6.444e-002    0
 9.666e-002    0
 9.666e-002    0
 0.12888       0
 0.1611        0
 0.19332       0
 0.22554       0
 0.25776       0
 0.25776       0
 0.3222        0
 0.3222        0
 0.35442       0
 0.38664       0
 0.41886       0
 0.45108       0
 0.4833        0
 0.4833        0
 0.51552       0
 0.54774       0
 0.57996       0
 0.61218       0
 0.6444        0
 0.67662       0
 0.70884       0
 0.70884       0
 0.77328       0
 0.77328       0
 0.8055        0
 0.83772       0
 0.86994       0
 0.90216       0
 0.93438       0
 0.9666        0
 0.99882       0
 0.99882       0
 1.03104       0
 1.06326       0
 1.09548       0
 1.1277        0
 1.15992       0
 1.19214       0
 1.22436       0
 1.25658       0
 1.25658       0
 1.32102       0
 1.32102       0
 1.35324       0
 1.38546       0
 1.41768       0
 1.4499        0
 1.48212       0
 1.51434       0
 1.54656       0
 1.57878       0
 1.611         0
 1.64322       0
 1.64322       0
 1.67544       0
 1.70766       0
 1.73988       0
 1.7721        0
 1.80432       0
 1.83654       0
 1.86876       0
 1.90098       0
 1.9332        0
 1.96542       0
 1.99764       0
 1.99764       0
 2.06208       0
 2.06208       0
 2.0943        0
 2.12652       0
 2.15874       0
 2.19096       0
 2.22318       0
 2.2554        0
 2.28762       0
 2.31984       0
 2.35206       1
 2.38428       1
 2.4165        1
 2.4165        1
 2.48094       1
 2.48094       1
 2.51316       1
 2.54538       1
 2.5776        1
 2.60982       1
 2.64204       1
 2.67426       1
 2.70648       1
 2.7387        1
 2.77092       1
 2.80314       1
 2.83536       1
 2.86758       1
 2.8998        1
 2.93202       1
 2.93202       1
 2.96424       1
 2.99646       1
 3.02868       1
 3.0609        1
 3.09312       1
 3.12534       1
 3.15756       2
 3.18978       2
 3.25422       2
 3.28644       2
 3.31866       2
 3.35088       2
 3.3831        2
 3.3831        3
 3.41532       3
 3.44754       3
 3.47976       3
 3.51198       3
 3.5442        4
 3.57642       4
 3.60864       4
 3.64086       4
 3.67308       5
 3.7053        5
 3.73752       5
 3.76974       5
 3.80196       6
 3.83418       6
 3.8664        6
 3.89862       7
 3.93084       7
 3.93084       8
 3.96306       8
 3.99528       9
 4.0275        9
 4.05972       9
 4.09194       10
 4.12416       10
 4.15638       11
 4.1886        11
 4.22082       11
 4.25304       12
 4.28526       12
 4.31748       13
 4.3497        13
 4.38192       14
 4.38192       15
 4.41414       15
 4.44636       16
 4.47858       16
 4.5108        17
 4.54302       18
 4.57524       18
 4.60746       19
 4.63968       20
 4.6719        20
 4.70412       21
 4.73634       22
 4.76856       23
 4.80078       23
 4.833         24
 4.86522       25
 4.86522       26
 4.89744       27
 4.92966       27
 4.96188       28
 4.9941        29
 5.02632       30
 5.05854       31
 5.09076       32
 5.12298       33
 5.1552        34
 5.18742       35
 5.21964       36
 5.25186       37
 5.28408       38
 5.3163        39
 5.34852       40
 5.34852       41
 5.38074       43
 5.41296       44
 5.44518       45
 5.4774        46
 5.50962       47
 5.54184       49
 5.57406       50
 5.60628       51
 5.6385        52
 5.67072       54
 5.70294       55
 5.73516       57
 5.76738       58
 5.7996        59
 5.7996        61
 5.83182       62
 5.86404       64
 5.89626       65
 5.92848       67
 5.9607        68
 5.99292       70
 6.02514       71
 6.05736       73
 6.08958       75
 6.1218        76
 6.15402       78
 6.18624       80
 6.21846       81
 6.21846       83
 6.25068       85
 6.2829        87
 6.31512       89
 6.34734       90
 6.37956       92
 6.41178       94
 6.444         96
 6.50844       98
 6.54066       100
 6.57288       102
 6.6051        104
 6.63732       106
 6.63732       108
 6.66954       110
 6.70176       112
 6.73398       114
 6.7662        116
 6.79842       118
 6.83064       119
 6.86286       121
 6.89508       123
 6.9273        124
 6.95952       126
 6.99174       127
 7.02396       128
 7.05618       130
 7.05618       131
 7.0884        131
 7.12062       132
 7.15284       133
 7.18506       133
 7.21728       133
 7.2495        133
 7.28172       133
 7.31394       132
 7.34616       132
 7.37838       131
 7.4106        130
 7.4106        129
 7.44282       128
 7.47504       127
 7.50726       125
 7.53948       124
 7.5717        123
 7.60392       121
 7.63614       120
 7.66836       118
 7.70058       117
 7.7328        115
 7.76502       114
 7.79724       112
 7.82946       111
 7.82946       109
 7.86168       107
 7.8939        106
 7.92612       104
 7.95834       103
 7.99056       101
 8.02278       99
 8.055         97
 8.08722       96
 8.11944       94
 8.15166       93
 8.18388       91
 8.2161        90
 8.2161        89
 8.24832       88
 8.28054       87
 8.31276       85
 8.34498       84
 8.3772        83
 8.40942       82
 8.44164       82
 8.47386       81
 8.50608       80
 8.5383        79
 8.57052       79
 8.57052       78
 8.60274       78
 8.63496       77
 8.66718       77
 8.6994        76
 8.73162       76
 8.76384       76
 8.79606       76
 8.82828       76
 8.8605        76
 8.89272       76
 8.89272       76
 8.92494       76
 8.95716       76
 8.98938       77
 9.0216        77
 9.05382       77
 9.08604       78
 9.11826       78
 9.15048       79
 9.1827        79
 9.21492       80
 9.24714       81
 9.24714       82
 9.27936       82
 9.31158       83
 9.3438        84
 9.37602       85
 9.40824       86
 9.44046       87
 9.47268       88
 9.5049        89
 9.53712       91
 9.56934       92
 9.56934       93
 9.60156       94
 9.63378       96
 9.666         97
 9.69822       98
 9.76266       101
 9.79488       102
 9.8271        104
 9.85932       105
 9.89154       107
 9.89154       108
 9.92376       110
 9.95598       112
 9.9882        113
 10.02042      115
 10.05264      117
 10.08486      119
 10.11708      121
 10.1493       122
 10.18152      124
 10.21374      126
 10.21374      128
 10.24596      130
 10.27818      132
 10.3104       134
 10.34262      136
 10.37484      138
 10.40706      140
 10.43928      142
 10.4715       144
 10.50372      147
 10.50372      149
 10.53594      151
 10.56816      153
 10.60038      155
 10.6326       158
 10.66482      160
 10.69704      162
 10.72926      165
 10.76148      167
 10.7937       169
 10.82592      172
 10.82592      174
 10.85814      177
 10.89036      179
 10.92258      182
 10.9548       184
 10.98702      186
 11.01924      189
 11.05146      192
 11.08368      194
 11.1159       197
 11.1159       199
 11.14812      203
 11.18034      205
 11.21256      208
 11.24478      211
 11.277        213
 11.30922      216
 11.34144      218
 11.37366      221
 11.40588      224
 11.4381       226
 11.4381       229
 11.47032      232
 11.50254      235
 11.53476      237
 11.56698      240
 11.5992       242
 11.63142      245
 11.66364      248
 11.69586      250
 11.69586      252
 11.72808      255
 11.7603       257
 11.79252      259
 11.82474      261
 11.85696      263
 11.88918      265
 11.9214       267
 11.95362      269
 11.98584      270
 11.98584      271
 12.01806      273
 12.05028      274
 12.0825       274
 12.11472      275
 12.14694      275
 12.17916      276
 12.21138      276
 12.2436       275
 12.2436       275
 12.27582      274
 12.30804      274
 12.34026      273
 12.37248      271
 12.4047       270
 12.43692      268
 12.46914      267
 12.50136      264
 12.50136      262
 12.53358      260
 12.5658       257
 12.59802      254
 12.63024      251
 12.66246      248
 12.69468      244
 12.7269       240
 12.75912      236
 12.79134      232
 12.79134      228
 12.82356      224
 12.85578      219
 12.888        215
 12.92022      211
 12.95244      207
 13.01688      202
 13.0491       198
 13.0491       194
 13.08132      190
 13.11354      187
 13.14576      183
 13.17798      180
 13.2102       177
 13.24242      174
 13.27464      171
 13.30686      168
 13.30686      166
 13.33908      163
 13.3713       161
 13.40352      159
 13.43574      157
 13.46796      155
 13.50018      154
 13.5324       152
 13.56462      151
 13.56462      150
 13.59684      148
 13.62906      147
 13.66128      147
 13.6935       146
 13.72572      145
 13.75794      145
 13.79016      144
 13.82238      144
 13.82238      144
 13.8546       143
 13.88682      143
 13.91904      143
 13.95126      143
 13.98348      143
 14.0157       144
 14.04792      144
 14.08014      144
 14.08014      145
 14.11236      145
 14.14458      146
 14.1768       146
 14.20902      147
 14.24124      148
 14.27346      149
 14.30568      150
 14.3379       151
 14.3379       152
 14.37012      153
 14.40234      154
 14.43456      155
 14.46678      156
 14.499        157
 14.53122      159
 14.56344      160
 14.56344      161
 14.59566      163
 14.62788      164
 14.6601       166
 14.69232      167
 14.72454      169
 14.75676      171
 14.78898      172
 14.78898      174
 14.8212       176
 14.85342      178
 14.88564      180
 14.91786      181
 14.95008      183
 14.9823       185
 14.9823       187
 15.01452      189
 15.04674      191
 15.07896      193
 15.11118      195
 15.1434       197
 15.17562      200
 15.20784      203
 15.24006      205
 15.24006      207
 15.27228      209
 15.3045       212
 15.33672      214
 15.36894      216
 15.40116      219
 15.43338      221
 15.4656       223
 15.4656       226
 15.49782      228
 15.53004      231
 15.56226      233
 15.59448      236
 15.6267       238
 15.65892      241
 15.69114      243
 15.69114      246
 15.72336      248
 15.75558      251
 15.7878       254
 15.82002      256
 15.85224      259
 15.88446      262
 15.91668      264
 15.91668      267
 15.9489       270
 15.98112      272
 16.01334      275
 16.04556      278
 16.07778      281
 16.11         284
 16.14222      286
 16.14222      289
 16.17444      292
 16.20666      295
 16.2711       298
 16.30332      301
 16.33554      304
 16.36776      307
 16.39998      310
 16.39998      313
 16.4322       315
 16.46442      318
 16.49664      321
 16.52886      324
 16.56108      326
 16.56108      329
 16.5933       332
 16.62552      334
 16.65774      337
 16.68996      339
 16.72218      342
 16.7544       344
 16.78662      346
 16.78662      349
 16.81884      351
 16.85106      353
 16.88328      355
 16.9155       357
 16.94772      359
 16.97994      360
 16.97994      362
 17.01216      364
 17.04438      365
 17.0766       366
 17.10882      368
 17.14104      369
 17.17326      370
 17.20548      371
 17.20548      371
 17.2377       372
 17.26992      373
 17.30214      373
 17.33436      374
 17.36658      374
 17.3988       374
 17.3988       374
 17.43102      374
 17.46324      373
 17.49546      373
 17.52768      372
 17.5599       371
 17.59212      370
 17.59212      369
 17.62434      368
 17.65656      366
 17.68878      364
 17.721        363
 17.75322      361
 17.78544      358
 17.81766      356
 17.81766      354
 17.84988      351
 17.8821       348
 17.91432      345
 17.94654      342
 17.97876      339
 17.97876      335
 18.01098      332
 18.0432       328
 18.07542      324
 18.10764      320
 18.13986      316
 18.17208      312
 18.17208      308
 18.2043       304
 18.23652      299
 18.26874      295
 18.30096      291
 18.33318      287
 18.3654       283
 18.3654       279
 18.39762      275
 18.42984      271
 18.46206      268
 18.49428      264
 18.5265       261
 18.55872      258
 18.59094      255
 18.59094      253
 18.62316      250
 18.65538      248
 18.6876       245
 18.71982      243
 18.75204      241
 18.75204      240
 18.78426      238
 18.81648      237
 18.8487       235
 18.88092      234
 18.91314      233
 18.94536      232
 18.94536      231
 18.97758      230
 19.0098       229
 19.04202      229
 19.07424      228
 19.10646      228
 19.13868      228
 19.13868      227
 19.1709       227
 19.20312      227
 19.23534      227
 19.26756      226
 19.29978      226
 19.332        226
 19.332        227
 19.36422      227
 19.39644      227
 19.42866      228
 19.46088      229
 19.4931       229
 19.52532      230
 19.55754      231
 19.58976      231
 19.62198      232
 19.6542       233
 19.68642      234
 19.68642      235
 19.71864      236
 19.75086      238
 19.78308      239
 19.8153       240
 19.84752      241
 19.84752      243
 19.87974      244
 19.91196      246
 19.94418      247
 19.9764       249
 20.00862      250
 20.04084      252
 20.04084      253
 20.07306      255
 20.10528      257
 20.1375       258
 20.16972      260
 20.20194      262
 20.20194      264
 20.23416      266
 20.26638      268
 20.2986       270
 20.33082      272
 20.36304      274
 20.39526      276
 20.39526      278
 20.42748      280
 20.4597       282
 20.49192      284
 20.52414      287
 20.55636      289
 20.55636      291
 20.58858      293
 20.6208       296
 20.65302      298
 20.68524      301
 20.71746      304
 20.71746      306
 20.74968      309
 20.7819       311
 20.81412      314
 20.84634      316
 20.87856      319
 20.87856      321
 20.91078      324
 20.943        326
 20.97522      329
 21.00744      331
 21.03966      334
 21.07188      337
 21.07188      339
 21.1041       342
 21.13632      345
 21.16854      347
 21.20076      350
 21.23298      353
 21.23298      355
 21.2652       358
 21.29742      361
 21.32964      363
 21.36186      366
 21.39408      369
 21.39408      371
 21.4263       374
 21.45852      377
 21.49074      379
 21.52296      382
 21.55518      384
 21.55518      387
 21.5874       389
 21.61962      392
 21.65184      394
 21.68406      397
 21.71628      399
 21.71628      402
 21.7485       405
 21.78072      407
 21.81294      409
 21.84516      412
 21.87738      414
 21.87738      416
 21.9096       418
 21.94182      420
 21.97404      422
 22.00626      424
 22.03848      426
 22.03848      428
 22.0707       430
 22.10292      431
 22.13514      433
 22.16736      435
 22.19958      436
 22.2318       438
 22.2318       439
 22.26402      441
 22.29624      442
 22.32846      443
 22.36068      444
 22.36068      446
 22.3929       447
 22.42512      448
 22.45734      449
 22.48956      449
 22.52178      450
 22.52178      451
 22.554        451
 22.58622      452
 22.61844      452
 22.65066      453
 22.68288      453
 22.68288      454
 22.7151       454
 22.77954      454
 22.81176      454
 22.84398      454
 22.84398      454
 22.8762       454
 22.90842      454
 22.94064      454
 22.97286      454
 22.97286      454
 23.00508      454
 23.0373       454
 23.06952      453
 23.10174      453
 23.13396      453
 23.13396      453
 23.16618      453
 23.1984       450
 23.23062      437
 23.26284      425
 23.26284      414
 23.29506      405
 23.32728      395
 23.3595       388
 23.39172      381
 23.39172      375
 23.42394      370
 23.45616      365
 23.48838      361
 23.5206       357
 23.55282      354
 23.55282      351
 23.58504      348
 23.61726      345
 23.64948      343
 23.6817       341
 23.6817       340
 23.71392      338
 23.74614      337
 23.77836      335
 23.81058      335
 23.81058      334
 23.8428       333
 23.87502      332
 23.90724      332
 23.93946      331
 23.97168      331
 23.97168      331
 24.0039       330
 24.03612      330
 24.06834      330
 24.10056      330
 24.10056      330
 24.13278      330
 24.165        330
 24.19722      330
 24.22944      331
 24.26166      331
 24.26166      331
 24.29388      331
 24.3261       331
 24.35832      331
 24.39054      331
 24.39054      331
 24.42276      331
 24.45498      331
 24.4872       331
 24.51942      331
 24.51942      331
 24.55164      331
 24.58386      331
 24.61608      331
 24.6483       330
 24.68052      330
 24.68052      330
 24.71274      330
 24.74496      329
 24.77718      329
 24.8094       328
 24.8094       328
 24.84162      327
 24.87384      327
 24.90606      326
 24.93828      326
 24.93828      325
 24.9705       325
 25.00272      324
 25.03494      323
 25.06716      323
 25.06716      322
 25.09938      321
 25.1316       321
 25.16382      320
 25.19604      320
 25.19604      319
 25.22826      319
 25.26048      318
 25.2927       318
 25.32492      317
 25.32492      317
 25.35714      316
 25.38936      316
 25.42158      315
 25.4538       315
 25.4538       315
 25.48602      314
 25.51824      314
 25.55046      313
 25.58268      313
 25.6149       313
 25.6149       313
 25.64712      312
 25.67934      312
 25.71156      312
 25.71156      312
 25.74378      312
 25.776        312
 25.80822      312
 25.84044      312
 25.87266      313
 25.87266      313
 25.90488      313
 25.9371       314
 25.96932      314
 26.00154      315
 26.03376      315
 26.06598      316
 26.0982       316
 26.13042      317
 26.13042      318
 26.16264      318
 26.19486      319
 26.22708      320
 26.2593       320
 26.2593       321
 26.29152      322
 26.32374      323
 26.35596      323
 26.38818      324
 26.38818      325
 26.4204       326
 26.45262      326
 26.48484      327
 26.51706      328
 26.51706      328
 26.54928      329
 26.5815       329
 26.61372      329
 26.64594      330
 26.64594      330
 26.67816      330
 26.71038      330
 26.7426       329
 26.7426       329
 26.77482      329
 26.80704      328
 26.83926      328
 26.87148      327
 26.87148      327
 26.9037       326
 26.93592      326
 26.96814      325
 27.00036      324
 27.00036      324
 27.03258      323
 27.0648       323
 27.09702      322
 27.09702      322
 27.12924      322
 27.16146      321
 27.19368      321
 27.2259       321
 27.2259       321
 27.25812      321
 27.29034      321
 27.32256      321
 27.35478      321
 27.35478      321
 27.387        321
 27.41922      321
 27.45144      322
 27.45144      322
 27.48366      322
 27.51588      322
 27.5481       322
 27.58032      323
 27.58032      323
 27.61254      323
 27.64476      324
 27.67698      324
 27.7092       324
 27.7092       324
 27.74142      324
 27.77364      325
 27.80586      325
 27.80586      325
 27.83808      326
 27.8703       326
 27.90252      326
 27.93474      326
 27.93474      327
 27.96696      327
 27.99918      327
 28.0314       327
 28.0314       328
 28.06362      328
 28.09584      328
 28.12806      329
 28.12806      329
 28.16028      329
 28.1925       330
 28.22472      330
 28.25694      330
 28.25694      330
 28.28916      331
 28.32138      331
 28.3536       331
 28.38582      332
 28.38582      332
 28.41804      332
 28.45026      333
 28.48248      333
 28.48248      334
 28.5147       334
 28.54692      334
 28.57914      335
 28.57914      335
 28.61136      335
 28.64358      335
